87414
13766
54293
40395
69130
42245
71094
57027
72332
81554
59567
64288
150
51641
63034
33075
45163
49178
42530
81945
33941
99903
38742
41024
4215
51012
73736
8536
77278
1569
56303
39032
36485
65084
76097
7763
24932
89237
26128
96203
48691
73508
68773
48157
39499
62101
81381
44379
81662
13521
31650
57711
44022
11126
6601
87510
75024
13269
36180
18118
68509
62557
79748
70762
25251
20535
27802
35065
75543
55270
8143
55926
23049
46327
33254
60433
31129
90584
1525
42113
69631
29356
26873
63756
69919
98591
95009
25358
58482
88586
32739
11662
53056
8010
27694
86134
93759
98011
22906
18963
34298
46315
68835
26392
5378
75723
34662
97695
77872
46167
56380
84439
11743
94066
48487
39152
35684
15992
843
26659
25525
2444
76583
86957
22530
96480
2869
15038
18632
47120
66674
33118
67678
82561
7815
23315
60520
480
58377
94196
63929
97313
47486
12315
32206
48300
99919
58990
59523
88541
50449
77766
97168
96246
93438
31854
69732
81878
3861
8897
72853
19623
79062
30752
79493
23261
16760
29182
86250
25171
78631
35203
57614
6647
62730
28212
54958
64267
54751
74229
96561
43879
55515
30091
96670
88907
35950
71432
89123
75961
53583
78642
96618
49480
21342
44305
18250
16733
32821
8944
31540
70736
72739
34352
9910
15246
20151
90520
33515
65225
76896
5464
27127
29632
12335
28974
64108
48971
34082
90585
87311
45328
40059
10289
71587
99989
38584
8134
85304
18425
9961
38224
31445
45807
42689
25825
71139
21162
20181
81423
68756
45429
37916
23897
99064
48119
51514
66986
37144
92368
80197
69279
82650
42236
21633
86211
30676
62449
62764
9920
76661
12017
5216
15090
55264
38671
74018
81320
86942
86510
57834
42946
28790
52658
21829
41881
7411
16162
11225
23468
48474
71597
70989
92936
38227
40682
55573
89209
24173
56478
95148
8689
58397
10260
4762
56738
40213
22825
68632
60392
74100
70194
80044
50634
34533
37250
40488
29992
20406
79751
78800
14514
51224
39296
61446
5064
41028
12280
76862
14581
83097
84808
57146
30464
91362
49144
84548
18530
47896
65090
1667
84585
47529
50832
49367
78279
91553
20354
58402
977
194
25581
68803
44421
77678
80633
57464
19100
48814
99697
15710
27933
45963
54051
77295
89292
13048
49580
59272
85388
52702
21958
82096
55315
78084
94214
66985
392
89929
83166
13511
20673
53878
75885
14387
57516
16005
12724
52786
10728
91680
65447
69715
48198
49380
73734
38622
93477
73536
60075
65231
41972
61082
73013
48274
78235
43485
13487
66337
83463
13648
57072
29171
65647
86186
95037
74054
70077
39663
19778
73286
323
96794
48543
93708
87254
52242
33897
5935
4349
55591
73507
26855
29853
17934
71538
59590
80864
27610
36152
14031
2517
46387
69322
97080
34608
36276
4068
62011
54342
99679
68545
53814
53758
86789
64908
45178
12538
79304
61020
25992
9587
7552
61988
27872
40140
30216
99318
47712
14648
35446
93190
42466
3511
5747
70768
53936
27471
51463
59100
50978
48174
71886
51592
4669
87046
19693
73097
43064
53026
26359
47051
1560
66590
10159
4444
94965
84398
41450
56939
4391
36957
56355
47363
18895
6489
26078
50302
48011
16020
10971
17706
61075
20203
10042
77818
37701
55960
57318
40825
20447
57118
56253
94685
88288
88395
91629
75876
93352
1302
75803
69537
86021
94523
54708
14020
91818
24522
32696
98179
60968
69390
25086
27043
42054
8653
85976
81356
56547
32340
66743
39005
27079
624
36492
47273
80704
61669
59075
30500
14860
50201
56950
46708
40217
41434
31684
66551
65494
96022
86000
13178
23263
59139
79857
51056
32032
29209
52631
79634
2418
10272
19329
61011
34559
36797
42458
85397
58030
7435
33316
30148
65447
2195
83319
10766
12439
78378
86826
620
76968
19425
15862
60525
46340
53564
15741
67940
20767
85436
15241
51494
9038
79440
28082
4587
30872
95939
12148
3419
98975
46287
8521
58058
62706
55851
47730
21068
75819
69090
38616
53653
42383
52010
2666
82993
94410
58803
14671
80994
21056
74517
64629
72594
92194
81822
21109
86007
74112
78731
79894
16500
66229
83406
1644
30681
10904
57803
97819
90488
5834
94672
92120
51677
46820
61587
9110
57028
76774
45089
10177
72068
81268
31153
82363
24458
81657
35927
65864
80884
34742
61723
46955
97087
89195
22115
87423
58976
50365
71984
72089
36606
60984
24182
75160
26383
82396
12952
25773
30607
72711
64081
9233
29023
68554
7825
35232
35076
1043
77186
49023
74977
91939
16935
55746
44110
47716
95032
62481
24704
74163
50134
6662
4789
73000
73570
11084
57085
55992
55979
42061
68705
10153
35256
8172
70660
52490
17932
28533
81370
86883
52347
57933
73179
22961
97112
44667
44049
68436
31050
78666
87364
50470
1069
56443
22576
57418
4443
56023
94983
96740
78146
79083
45063
35125
80318
64823
56682
8762
85085
91619
29784
66499
81110
37821
21816
92201
33483
81828
75887
28903
67035
88649
24942
77313
54697
18234
9083
78812
85596
13242
48047
61909
33549
84629
8736
73264
12869
38053
42642
32288
87984
35286
83350
39430
48882
20864
69360
63248
34627
30375
23935
22614
80135
66080
29705
89497
54140
67750
80427
62083
55740
77869
23166
71843
43572
67875
32949
96481
29084
48552
79331
95429
39185
43599
40918
31748
5298
85511
28430
33832
48874
45835
44185
55220
89306
25432
81773
67468
54924
19238
19123
45119
57626
80559
76548
10115
12120
11507
95858
81007
87914
72879
34163
86075
51044
28505
83429
36536
25162
97957
84199
68629
39319
46595
13209
9904
33684
67946
82536
18140
86101
65481
41556
9845
29429
34211
37803
58626
67051
30802
19628
93790
89653
47423
45917
75994
11671
58109
4175
60801
42002
45237
42306
56967
35039
50494
5799
11030
67349
66643
76430
44174
28971
77717
94905
22433
31322
24317
56646
16832
90701
24802
69484
94359
78328
90408
78975
91896
678
37214
98232
75574
63770
21735
76137
40864
23175
84589
74805
78935
28412
26773
91276
408
54371
75453
64819
11936
52517
23483
44672
87354
1463
87342
70099
17199
75752
47946
78638
44631
71518
13902
10352
30135
68410
856
80403
7235
1580
54041
99258
46732
49511
77711
88420
63928
33526
69076
39987
2875
25588
67039
39379
77194
92541
10878
74111
76428
51635
58937
65111
75228
5951
30174
7416
14509
16420
61141
31997
53515
95050
57583
10355
98475
24225
97939
37842
23751
98921
6170
83673
6676
7958
75763
19043
4479
74523
33158
37593
57531
26744
3975
55600
42642
88930
24029
40781
19337
70295
73911
47508
72385
37079
86472
7824
68004
56683
40903
52969
94601
73036
50360
77506
45464
75263
58434
67270
30188
11131
2936
39985
83262
23547
74465
26771
91074
1983
67712
9545
195
57158
18504
53456
25010
58662
11288
69597
21486
67938
51038
47795
33620
80189
42991
84495
76384
26469
10135
67378
30495
56759
10592
8206
67358
33925
64245
48837
62613
59700
16750
66021
88970
31357
52773
37443
54531
96903
52496
86802
63975
88837
45784
62249
60093
55141
6365
3073
80556
89970
50387
64605
91847
333
79050
43435
46565
10298
86097
91084
94417
62451
6983
61785
51187
85016
58824
2262
27415
5548
29963
79480
73973
23333
3403
41657
10975
48342
48113
12217
27559
61171
68280
72643
9313
52145
74173
88637
52307
9337
90877
44233
10806
61411
92385
1523
81854
83998
11061
75076
96316
4103
75658
75008
60006
70907
90631
68514
96930
37392
32460
98222
62185
73880
63524
33245
94170
34340
52472
99042
10843
70187
49954
18077
14671
85730
68673
12561
30948
1879
59803
26976
37281
73036
15901
23456
85513
93272
12637
38406
61513
5658
91706
14914
76876
92654
82047
36925
97886
59139
7352
47513
31526
12019
64232
26128
54149
57580
60337
74275
2233
78069
37566
95050
77589
5484
60941
89148
57979
40068
47731
898
21702
14066
37529
5184
78480
35039
41200
22016
3683
31748
14675
71808
94526
12289
95449
25261
8804
89773
69307
27932
32935
38362
36172
83443
68092
96656
37325
71392
31712
92899
78946
57818
11407
6454
25810
17460
74490
59048
47647
19109
16380
38320
70592
70484
63394
65757
523
65299
10034
35680
80344
68206
70761
19799
67962
83340
77893
54085
37091
81824
97713
69807
90304
10783
52802
56856
60400
88072
86478
77988
50771
49755
42125
50197
11551
94615
67769
65688
20049
2334
96133
72026
61357
96032
12554
10739
87057
91608
38491
42469
39567
20405
21956
65822
21395
46572
48016
59808
17682
6538
5356
12451
78820
32045
84908
30588
26080
20563
8247
73347
15570
12205
34035
34756
85691
25687
8450
94271
98228
42062
69799
68792
49580
44008
38421
30366
27798
76302
28801
64979
46598
7961
48005
13511
96978
83681
93206
29311
11124
81966
84659
66493
83360
65143
26899
27362
86369
87200
80131
95708
38122
53744
61579
75619
36738
36564
62870
34811
93624
54541
2790
49777
91761
43268
26748
7609
64199
20524
37778
2009
32481
79138
83147
16262
57403
3305
85431
84436
17109
11059
43997
40598
96171
33093
26856
92854
46382
72386
76772
60413
20811
58394
35687
56582
79176
34881
74732
40092
38394
19289
63162
65844
49421
78122
63227
58983
70597
45316
18215
33433
51132
78434
17701
82565
10544
62191
53606
58668
16411
33894
61226
91813
43752
77365
81198
74086
43451
26565
37086
22521
28572
45339
46041
97820
47896
78152
91177
18048
69866
67873
22257
1065
54170
43338
9280
42376
40693
53121
46037
16984
81275
16064
23681
4500
58063
71349
22092
72056
96924
89140
15532
44031
8230
95693
4861
5793
32392
19881
34668
32391
71014
35557
88801
48537
11637
60160
37642
413
68084
38821
33393
90329
80527
20101
41246
12508
21657
41541
39756
76546
56060
19120
21124
80725
52340
78225
92835
58476
38477
3487
9983
20811
18453
13646
45970
45717
27262
75143
92862
97902
33707
21678
3972
58102
55747
25202
63504
88128
54447
92352
84136
90851
80124
58122
76330
51893
14433
8076
96197
33411
67325
79165
61936
64596
28837
12581
71876
66880
74131
95528
85245
46514
48678
41854
42839
34382
15148
63021
24977
27137
14721
4707
4029
46124
19350
19132
40686
60330
37315
94076
31284
19185
78946
59450
30576
54542
59742
39375
29264
43165
53326
96623
13996
58918
7107
37622
42173
38269
15283
41948
36745
51411
83099
69059
18690
62617
75135
15811
45245
9705
71895
11545
29565
80054
64244
66059
67567
89227
11277
88296
74639
75772
33756
81812
73811
18098
90710
45111
39017
81728
76958
2416
45047
95367
57330
79872
36086
9887
40760
67959
79406
43930
94129
19559
71270
41781
67058
33942
94673
41047
70054
52945
26991
26986
67308
60972
17655
1287
95247
592
71907
30023
76794
63517
32747
69478
66497
34197
22724
84372
29973
57680
48466
43318
8890
30708
81643
14197
10541
32030
51039
56768
50437
97969
11674
24012
75425
18061
28059
96357
62216
34799
14639
40168
96051
49382
67136
30612
86812
1792
75283
32860
11218
10301
11074
12374
4478
83673
18096
36599
79329
3458
90745
63217
49552
15138
79586
78824
51842
8734
94053
48436
6137
26366
22155
95173
43040
8298
47267
59507
63572
51030
27385
8749
56746
18178
45550
40136
86894
99300
19533
91752
99965
91460
17028
58758
44054
51421
90615
80912
69796
88311
78769
78077
7738
26846
26723
84851
88145
15900
69333
96180
36405
58588
73027
28298
76072
81995
6470
31373
69588
39449
91930
52542
89200
2301
48471
14677
9337
63396
51119
91618
17683
66354
89711
75260
72261
49307
1010
29899
91455
60698
51990
70993
29966
23353
55346
41376
18433
88729
82685
62059
44950
59241
11324
30347
96381
26226
88877
5437
78375
12045
75513
24749
64781
77714
78496
70051
68877
97766
56037
26765
80984
76571
39917
8890
87458
20936
22576
65846
46954
7094
96244
20608
80710
89059
46667
58441
55030
59364
78879
46034
60430
95573
51524
79410
85184
27241
6212
52251
44856
85294
72499
20666
32692
55920
81075
68379
19323
2434
42888
75445
3650
23030
58483
71280
15800
54905
44038
75721
31047
20055
15021
9513
18887
10002
66334
85411
25046
60507
23705
60216
14724
70324
20990
61660
34594
75578
87915
24790
7984
78288
39117
52595
16475
3434
42383
37399
37090
80243
63609
30279
83203
30490
21204
24800
70272
62986
1779
22689
89585
95663
43333
58816
78728
82671
60720
33325
2040
96822
36686
40222
66989
19247
67737
52758
80938
62425
93037
15452
67618
28935
48321
44802
96898
93426
77013
84234
49120
96189
91387
71607
73798
65226
35204
12320
34954
80301
73867
33803
42713
9057
35359
40267
43557
23386
63289
63956
62753
68445
43862
7847
69949
86326
55070
60650
47342
98530
61917
85302
5658
76486
84205
5851
5435
65078
66424
1763
84042
55416
17804
637
88558
59233
72739
58560
93576
8053
1245
73511
30136
13057
21481
80674
52326
83540
1658
87471
10155
74554
64977
36424
18383
88564
28145
66227
24852
29507
34832
78478
56962
61526
79913
7336
50641
43225
19288
10715
13587
96509
67074
39289
97284
88405
55165
92601
55005
3531
53524
21894
63419
78952
91607
9488
90438
81379
82253
99993
31088
6512
33708
64068
73221
22767
16549
68610
33144
14144
30033
9101
64251
90943
73884
13645
7480
25688
39139
29977
33398
35544
11221
21321
75982
12937
15058
78009
69918
70424
16898
69261
60971
19294
79626
7075
62801
3006
66067
74517
71856
86555
59457
40861
73497
44423
57642
72476
5068
77962
2008
64749
42240
52275
66595
95544
95290
12387
88085
60284
7708
38539
98691
62719
97245
60771
48129
44957
11316
66809
50844
4473
59620
64622
58121
46842
76086
70360
47823
31559
55294
42582
72941
91956
68416
52149
27021
8695
52699
84082
11784
50413
14920
5783
66808
33316
87864
96737
43616
12726
96293
12685
61159
38259
27117
97534
5128
77617
94154
19752
19457
24930
64564
56525
4989
65126
65598
6734
94302
45096
33750
39434
92258
27234
55024
430
89552
53837
97813
24805
58978
79348
26744
35097
35265
42609
81422
34682
64839
70882
47020
49403
14541
32946
64624
86854
85849
58395
794
1682
67718
81129
2435
98519
78975
56859
20427
33925
83234
26686
7981
51291
79803
69349
60774
40108
98185
29466
21259
62380
83704
30915
41895
23420
98075
84346
24893
59311
62609
68169
14581
31157
53042
96131
57087
77848
76913
28224
56121
78406
22181
47496
51447
38152
62900
95728
69600
45192
72172
24515
88668
56382
37135
38413
17977
36802
39234
79014
444
94629
31966
61116
71315
15065
12105
76823
98248
83672
12261
82926
63195
69961
73345
42853
40198
36207
79468
3743
60519
2346
14746
79701
87138
38093
79500
58198
94022
14628
78153
20284
38613
97898
27780
61492
46440
61065
76180
36382
26047
86076
97479
85928
32930
89246
61320
18707
83037
94282
98215
81769
57334
35491
18494
98097
79882
52264
73977
33221
35564
53906
82801
83620
5518
91977
44312
65296
42181
11852
96413
79132
60027
43085
77695
74442
4867
28818
46771
97892
76773
60793
75161
99740
16413
96384
62950
3122
79404
29682
81609
94175
87088
42958
817
72141
3275
13859
80409
40952
44934
96023
76526
71184
97868
19082
21742
14248
57795
44051
93230
51064
5493
76085
56448
74771
78744
83061
67206
9134
29026
41189
85892
12498
30243
2237
92044
17068
42268
5554
71167
91007
48408
5818
52957
80749
84266
3977
1871
97331
74641
48702
45326
35352
36452
30545
88681
11002
86510
26045
93396
20213
46653
71275
11926
3744
10131
64027
40940
95631
27037
4673
71980
52240
72884
2222
2655
99675
23127
75698
90504
74767
81190
69875
34492
80324
95863
50539
76046
99698
13556
81042
30558
16222
12158
50953
44354
77132
93891
49213
70618
20239
63036
6239
70293
69967
76722
93085
62467
34229
27889
89005
87874
10811
35540
18629
39023
76777
36783
31602
7881
59591
87981
41242
82074
45995
74115
55757
40082
21930
57868
25523
5784
73914
5080
70265
11730
74950
99581
64524
3602
2777
88071
41816
71808
24550
93167
19746
80681
93528
11929
67576
40349
62289
41331
11026
32257
21793
24165
24298
95852
20964
53003
40537
76361
2366
83221
13959
5731
65274
6898
64073
77195
72258
27999
5104
71519
46165
69433
57524
52827
54368
75075
46554
10000
90292
85173
43494
32582
94053
38008
89936
50785
75283
68672
82637
49774
47534
65455
69442
41329
79207
14015
15406
86629
47856
90380
68090
34289
36227
39506
86091
52359
66640
71470
41484
45888
6449
30536
86069
17192
39726
81377
11677
27266
16961
13288
1911
3586
45362
55329
23984
80710
99991
16194
73620
40352
59669
59924
62144
99911
17082
9204
96355
54547
51916
37577
84144
3813
27187
36748
43325
16998
79386
52250
1602
97830
2338
88140
69667
34568
88468
64504
88927
80897
15521
5381
52368
50446
97850
1132
86219
46524
68392
86157
109
30521
85021
57130
75349
79384
29143
98098
76398
8613
12004
6986
1324
47741
14591
75789
38014
71529
90256
27575
11442
52578
20277
15457
39025
46534
85208
33698
5963
26055
50529
96800
48605
93228
52140
71081
12808
45207
12790
90283
5424
90370
88105
80314
68892
8535
4057
4627
35854
22060
63117
14690
56268
40817
74714
47531
10244
69564
18105
28814
94175
95445
92135
50343
58083
15204
58380
8095
95600
43510
62980
92806
58738
99973
22150
21072
64472
39963
46564
30489
42477
80581
97843
83902
62937
35839
40531
7788
18513
4609
60836
43244
27102
83975
96107
9979
98234
37762
22230
53688
50154
95961
9027
92343
59079
70311
55951
56295
18666
53642
83058
70281
22999
87615
86337
13594
97602
8233
87405
22244
74672
50592
89582
90990
82673
19736
65704
74763
3865
12171
22837
26710
17732
92876
80335
46515
71554
5499
24822
92626
79888
84236
89122
64871
21551
90555
20244
39486
97637
82513
12377
90001
50356
99986
79016
99561
6379
18036
9669
39343
4606
81188
52429
6495
30804
56347
52549
30123
7279
39822
42039
92102
83410
94778
42355
90435
61470
24711
69439
92118
99492
26217
77125
21352
99793
32835
76353
17745
13860
80773
40135
53518
95830
85479
88019
98699
31807
82626
34066
65203
38006
90120
32207
57815
40473
20275
6591
55577
57630
88580
38091
81668
48597
17551
39851
78389
4063
31076
6701
97968
79994
34803
16263
26505
99687
88521
96272
97931
6758
43656
58628
78843
90644
4235
54112
9371
94010
19309
80879
79518
26244
20776
60114
25279
42681
58466
4920
78278
45627
9630
94636
730
75925
36097
85209
3202
73856
5701
58128
51951
24002
8659
48818
13974
29951
59248
91024
44361
63438
30479
84379
84753
50197
27182
71724
59218
74688
90984
83823
41220
83600
17993
52303
97128
49019
57897
2918
54547
19026
50909
35514
88308
61181
28927
55515
17584
71957
46140
95327
83433
67442
60559
14840
15148
25251
9882
50533
48742
64372
25991
28513
82872
21877
16908
68350
6009
56355
51690
64954
72054
56329
36476
25334
12529
94965
96070
23572
21269
71666
54139
87260
28548
95656
390
73777
23041
3152
37155
71876
39137
7364
54176
90174
93035
22395
52641
66431
44272
60576
49506
61229
20266
81185
23273
27103
30965
35225
2311
20183
29180
86310
29263
77075
10233
38730
99965
87216
21487
43130
45309
2856
19200
79813
25817
64689
2153
46302
32299
90133
42323
29638
79299
60693
22160
92910
66994
47362
72382
73286
42812
87815
841
16972
42696
52827
78100
77100
79940
54305
22430
65425
44944
1142
15266
46649
42029
40452
55368
58583
24950
84662
2926
12177
77859
99541
7010
68570
54915
17323
71735
52603
14833
48200
318
57494
2015
2227
37117
72990
86588
25053
66361
77994
67703
76898
84694
78157
45426
75511
50881
26542
91993
13798
48336
58149
84889
88664
39112
43154
45816
9530
22185
62617
82569
69827
50591
96743
824
57772
44634
39801
3334
82378
71995
99896
18301
24932
44474
961
14847
28853
23143
79404
66441
45193
60609
1034
99864
42168
72604
13350
63115
93963
27173
77058
2868
3744
95424
97875
26307
87950
77332
87654
30876
11079
23207
9615
41803
48439
39848
59957
44189
38151
28306
16963
86387
42781
96175
37375
9217
49556
96879
58655
85168
31283
76686
9371
55205
94936
97028
14556
29507
46598
74654
26897
51520
35489
48527
55362
21986
50993
59230
51424
2320
12646
69161
24963
65657
10209
90671
60087
7568
58049
88658
76750
91070
18676
2485
99593
34393
13836
54410
46866
51411
25291
30450
97591
63496
1409
65442
50897
94253
40813
15389
58223
90325
45454
56335
72521
62122
51722
43713
44995
4265
36941
6988
71458
57940
97903
35826
32843
33003
48933
20968
8149
96583
12364
13
77028
82196
71569
61466
64247
44766
39773
65833
66754
42659
30434
86425
45615
62341
29964
37470
82670
70122
9415
42601
14470
18303
58992
39650
65593
65582
32599
17893
45320
19845
7239
61640
77961
45441
79306
90324
90552
90255
79465
228
64492
71107
40233
28798
27506
11478
90210
70501
3038
11462
38297
38027
87168
69762
85543
58725
23204
31919
95873
98665
12167
21880
20513
46909
35420
68793
8464
174
83035
39640
46918
92415
90656
9186
78108
43362
78070
30193
12144
54115
75372
62097
14854
33857
81547
69212
74471
8198
59897
20580
67120
58633
94382
80800
88060
42612
50594
93323
93378
58712
3013
90035
87466
63398
64544
45882
47370
77981
91654
42180
80655
93010
19775
41757
23292
50069
7025
86656
65362
66208
94321
265
40276
62454
72519
88285
98032
9856
21126
35496
92768
84746
36815
53431
51101
85336
74631
51455
69312
35664
21841
96490
16544
17717
39925
74110
38858
52624
57508
37990
35586
63937
27960
27169
64390
2747
49759
25012
90879
76258
47850
37514
56855
56157
49412
95908
56194
66343
90656
37956
75438
55569
17343
29697
44366
97831
83721
22559
22528
98409
49427
45407
52347
83135
99909
28830
56786
9646
89040
48353
35576
49618
60576
93053
87814
84326
39635
60386
68304
44017
17915
72514
61968
19551
62551
80017
46594
98263
82802
66558
19026
27199
2483
92470
26831
2442
85166
73719
56247
20581
39122
46548
77302
42302
2379
25819
94993
24289
41882
60040
58196
23334
54254
78511
80493
76912
83439
32796
20583
19892
82236
58523
26843
22481
29327
8377
47135
68106
66222
85372
99160
65915
4139
47723
4895
71367
95212
19665
17172
36732
85024
22304
56380
22762
8362
95691
72945
23972
11976
49919
19003
52370
53135
36354
38344
80599
19704
54820
12975
94002
78684
26887
58067
56510
60880
92281
19195
6531
73616
9125
81700
63773
15623
83851
34868
59931
2142
4080
14119
33635
35431
23163
56129
16302
66368
46789
12779
67784
9378
24296
51662
40391
6690
23170
58047
58136
64237
99869
61882
16080
76495
66413
50355
2851
68219
55230
36746
69284
1485
78413
78456
15624
40700
79339
58570
55520
70757
41764
90142
14090
79501
51410
97152
49319
57462
41308
57082
92453
25803
76731
95694
2273
42198
98038
57139
69017
72807
53278
48083
11138
10043
43495
66298
30965
45839
36038
99690
27350
64599
2526
87379
22472
9727
47792
36579
25085
69260
1036
45388
26911
98147
44292
43480
24754
82719
76183
73426
42662
22199
89552
82713
17479
93681
79003
4047
36006
85111
66187
3479
21424
41617
29731
27854
23276
89352
73221
92545
94405
61459
32054
99756
71771
7889
21172
12990
65750
14
41544
48246
69656
62612
57028
5151
75047
19813
69899
28790
30723
43744
572
39973
3073
97556
23963
85293
68415
16438
20203
35401
9497
83637
79020
81202
90144
89795
10941
9589
72509
66013
38296
35991
43567
17941
33823
58812
84589
24580
52807
3463
19452
44430
61821
50660
60887
92081
96683
74214
83925
35878
44574
49311
79811
6143
38748
86018
83591
75825
15006
85251
8871
60310
56281
64710
5448
64580
96406
85131
63733
65151
704
43835
63631
16740
15948
65066
21815
28359
20315
98063
93111
36727
25663
36630
21438
88985
56180
37424
79192
47804
75220
8763
9574
67555
94591
59142
88149
97111
45212
96306
95675
11552
10481
18773
35174
739
85680
63071
90194
73682
64202
55232
55510
16942
92139
72144
34646
19650
43271
16462
8399
58982
5938
15929
89931
91941
34261
96076
22149
56805
76917
24704
83146
24009
2388
81559
26246
6889
1456
20699
3305
93109
47229
5510
83601
19987
53253
92631
75416
22446
24496
68498
53840
28749
87906
36693
5613
94551
28842
43233
66477
89603
40921
33388
96764
39498
72085
31501
14554
10579
45898
27756
18194
22571
13157
15290
11752
427
32328
69944
38687
41629
20659
99702
32309
8418
70863
54396
36102
65695
75945
31694
78047
58223
54222
13701
52187
13841
8746
44102
47901
21752
78077
64836
76547
96740
50304
31269
15592
72616
24940
5186
62223
58897
4545
24848
68944
41219
1079
88345
68634
17689
95398
48859
34634
14204
49708
59970
68349
99456
63102
97911
91681
88225
22042
16935
63552
55823
23154
35569
58114
39594
38804
63485
40754
70759
69470
19149
53678
29374
44757
10968
12761
20400
75468
30212
26353
29217
30201
62343
47031
90333
62919
16135
9514
27029
13504
73998
36855
87609
61295
13120
18064
65510
30231
29039
78884
31913
8104
63874
44733
30559
6292
38975
54699
52133
85149
71281
12757
91829
90582
34334
25621
60810
88538
67781
76675
22668
53971
13725
57254
95472
82294
66068
68078
31636
92904
47251
90169
46428
51328
94439
21113
66326
17610
16471
84040
23944
61436
57380
41879
42223
61240
45025
97027
26960
87498
57253
76971
62449
52364
56215
77942
94378
6620
49260
48264
40224
70896
23062
59229
37898
81111
66329
40501
96142
13221
59294
43200
72066
83740
52730
61232
96590
71846
15030
34232
37268
69040
41118
44137
35651
70279
27719
94063
95112
16497
26734
59706
68350
68207
43816
53048
38373
98151
3981
61111
94911
4524
885
13739
28203
14053
4905
78708
99634
94983
81352
22532
91589
15028
10996
71183
29778
78924
23578
67618
53392
72265
45389
79645
86486
99588
74849
3859
39924
99682
22858
98439
67864
53919
39320
32744
68155
27378
15933
21597
65373
49010
94429
128
35145
4201
68116
53322
57211
72632
23269
59449
74572
36363
7719
22645
59135
21239
27252
28615
39203
1046
38784
99951
72125
82913
54667
37670
75707
78251
3027
2399
62990
1980
2244
4381
77836
45260
44500
82284
31471
21527
46647
67291
76412
63409
23866
31501
46199
16674
73609
46916
126
87318
82394
64327
10226
94477
28003
52231
49533
30446
77615
78959
69605
20870
96458
72592
34118
3338
44809
13874
76739
44967
97144
17676
54398
71493
23539
8715
59047
23166
91471
59032
4642
56111
2273
75672
19585
37917
94155
83359
17256
92268
32751
1025
43911
67688
97686
55542
66950
51273
97383
42861
71865
59734
70176
55158
90173
64718
9928
38733
70937
19287
93184
26367
38974
18582
74316
13493
18596
20786
53006
96201
9182
61449
96618
84471
12216
96119
73764
86710
73806
67996
41764
7773
25783
48609
87166
44908
85935
47114
85498
54867
27988
55422
12421
97968
99083
6383
62050
25329
93371
84192
36945
46164
98266
1181
33678
10416
63116
85704
42942
94054
90953
23218
64926
2941
77522
85411
584
90364
31415
29408
27558
71482
35287
98138
68212
53760
49027
98649
85388
5833
34068
48435
93338
89614
31050
95600
9506
24601
14931
76750
81791
230
4171
91443
63914
4770
90495
9480
20445
13672
5798
71685
93913
63963
56634
65462
10877
128
32968
79918
61388
64466
316
37109
59986
42518
29880
75312
71890
81922
75904
75983
75433
54664
47616
27327
67311
43843
34224
63442
63264
39547
78203
71716
34
62383
54521
29375
32980
65587
84722
9378
91632
35013
15361
17325
99914
67062
31457
21395
74890
15183
37589
38522
37768
29815
96252
39248
16346
29306
98151
67033
65903
69526
16653
21841
86262
28599
37074
97602
87997
504
42332
6303
97199
66525
84350
40420
39303
30291
27412
248
12386
12828
88551
48080
1957
39681
33948
70219
66131
15272
13029
3673
67435
17689
43475
22106
18359
93519
31062
71314
29987
33854
33398
74385
72851
31286
41322
71242
45465
55831
99945
86054
1893
97903
54647
53075
80974
68572
19884
46581
94651
66855
31471
72725
87475
38658
38867
79510
23049
62243
22060
45783
99229
56098
70260
78531
79429
14166
75229
70671
98358
62705
24753
10299
15326
26974
1779
69532
63042
90399
41131
49786
73635
84480
76662
63132
2382
60673
86909
34193
92419
61812
48192
83221
33771
54161
86824
45795
27643
76115
73645
66808
93343
49213
48223
31946
42101
21172
57398
60500
36878
69335
16468
32650
21112
72273
72148
14748
79435
7128
76148
18756
27256
41035
78252
36545
14512
41532
76527
61164
40150
55984
41889
86926
16754
74323
56443
24422
36257
44716
21030
81210
3274
26409
97314
23083
45344
15542
62109
61498
82013
72076
66360
20515
99966
54888
39552
52307
70961
11678
17434
569
44644
96234
20350
80894
27446
29541
15895
46789
15830
47725
78491
34718
86097
94938
15482
847
43721
55168
91201
98969
79422
15029
79150
68073
89624
21374
86959
61865
34770
4135
53461
24579
27282
20461
36565
7039
6058
16420
95637
15803
99646
15320
45667
34288
93584
31641
34417
5028
39406
38705
8586
15792
20477
18464
21146
29615
17083
52276
91269
6072
42581
54030
12018
11695
94264
53912
7436
65636
58372
8442
94788
27301
59530
75397
99322
64102
69361
44862
74489
57983
86956
81931
22458
96065
95548
37668
4102
8818
99314
6950
89956
53781
25150
89565
73221
45616
3302
33972
40023
39672
24205
68781
46656
30963
43916
81285
56262
45079
19141
57044
60253
72221
77787
33286
19115
60650
31572
15952
16146
56595
49810
98618
66322
51422
18486
41007
2150
69964
2176
53706
60800
35388
4838
34816
33777
18175
35275
91494
52148
14263
81405
59022
89676
42269
46696
17734
75993
91864
70450
12571
14044
87349
17826
83428
89862
25587
2459
95234
12477
2909
79134
86297
42903
65435
96244
24865
67382
42970
99508
940
25375
40077
63804
1882
75189
90787
8941
24052
4725
751
65013
10286
99514
89604
39662
73451
17562
21410
44954
8190
15716
40040
79017
49239
35128
95108
16119
24241
46025
21831
50352
33022
92355
69509
87196
73966
23544
15943
8238
99074
16645
78406
90508
11725
37895
68848
86783
53298
25772
22792
7303
45972
98016
91318
85224
85334
61060
14565
66754
80081
74667
84700
78026
82894
50399
31990
17930
30005
2408
65695
49906
1618
13172
45880
91545
37309
49532
67291
11343
66279
8325
62821
98468
23232
14528
4379
35006
1037
84285
1861
12906
8979
49189
28156
24406
31945
380
7614
61326
5905
50917
56777
50889
60076
72886
5684
32800
52135
99773
47915
35801
93768
3221
474
71756
11846
86231
54793
68365
46020
96984
16893
45720
546
52788
40926
52428
85015
21473
59599
36928
41917
5965
5438
15361
51547
11931
38391
50346
8843
71579
82870
1264
36369
66059
19138
5758
48715
56399
12560
45714
45586
39248
15306
8921
34024
11057
50343
7288
31959
53256
47784
30662
40173
10986
93884
87803
97783
85112
20209
99914
47839
4447
59522
74440
14113
15629
9350
34486
33650
35168
3712
28615
8912
13885
91342
2668
90658
96516
81337
40489
61588
31103
18386
55586
23794
52207
61090
25383
72175
31334
7974
63603
36190
12646
97875
41138
79726
40865
94807
18394
1707
15856
73637
96791
49544
19169
21750
26288
19643
91215
97144
1266
3774
79720
38325
16735
86061
3935
50646
61905
54539
83966
62310
2315
27193
40109
92425
96265
16010
50203
22942
49793
1709
62943
38781
45731
57466
21594
6042
4625
30457
34802
5739
80960
34190
6708
59828
56470
74321
81139
55077
75791
90219
32902
63855
17740
53545
71321
69597
9434
26743
25484
10277
69440
68273
47350
99557
40831
40938
92593
59269
64466
97893
46020
31448
19736
78226
81350
68125
20485
80280
35954
21944
34870
95125
47150
59574
68806
99087
21040
92186
86144
51997
96607
77881
4972
24524
36299
12686
86839
7150
18997
15531
81727
21870
90611
77898
44198
1454
44118
39514
72195
3196
49112
29154
90788
3540
75406
74314
21122
87776
30750
41743
19898
407
73124
12469
1285
68139
26475
95211
41927
68664
81285
13334
61282
20423
40216
13000
4514
69252
15376
67352
54969
81526
19991
82948
2885
67452
87092
1432
49118
61985
91563
99063
76400
77254
95633
81320
48745
78142
76612
76058
74978
48906
97586
3531
21910
35777
67872
70365
63323
62406
69800
51869
72399
63398
86773
38371
80416
90176
9583
33832
81046
25043
46093
79941
77100
82222
36934
84028
24790
58896
64254
26371
92640
39317
92373
6062
83939
16459
61037
67107
99580
16727
38108
86711
92185
39694
26663
13002
90480
57261
903
58569
68558
42779
95011
49935
2813
17644
26430
39687
98842
83843
45575
4426
98152
43428
59229
33082
71024
80711
54432
63956
29138
42476
34251
64319
86935
59382
87756
37406
55559
23932
93547
67528
57992
5685
57812
49860
44305
42438
3249
66294
90029
21349
68264
15736
71152
33681
88559
48756
80464
93581
41977
9769
2829
36947
29430
26082
8528
30692
63000
43431
29888
89024
84128
74910
90296
78046
46434
92467
85615
9369
88776
28585
77462
88137
73927
7788
74211
18514
93167
53253
70822
38999
56941
61978
81954
83778
64699
21045
76254
31730
41332
13613
79438
59818
36406
1004
37221
93354
25440
93105
87247
96092
63141
71095
4804
13392
32306
14692
63019
21641
51871
90013
37524
9746
72608
90888
32083
22149
92956
6517
13346
25388
16212
53885
68037
75163
49147
17644
51730
72923
70567
80857
93074
61
66006
74730
75858
85846
57174
68562
51471
50007
58025
54612
79859
51318
76088
69691
87209
45518
68920
15071
397
18923
79759
61858
79879
9256
3058
29640
64244
14662
62961
90096
51074
71013
96938
37462
43739
97877
15029
46237
64975
24394
55045
63338
67362
61599
74025
16718
99074
79455
30434
6212
4002
55495
80459
74151
20302
4147
94851
66602
82788
27533
4317
36809
87045
67929
3538
8845
54380
38625
25952
89332
30488
22683
50095
76002
63877
16420
94496
18279
35230
86339
30565
84788
84228
56749
86094
95578
90553
22787
17160
39592
3026
48427
63449
37442
20076
18236
76292
99433
58060
65180
62338
60449
53503
41102
75724
81318
5399
4456
10273
3882
9651
76571
31372
96448
96967
19529
52580
30296
81835
7960
18291
31592
21465
86359
86305
82060
59234
12653
55926
45640
40127
95063
60218
70049
24001
70116
31284
43126
81025
4775
90178
86097
12513
13278
29941
26455
17055
67000
40475
547
65655
45996
17598
50100
46888
30745
38984
67143
54796
93663
22084
92746
48530
64632
63754
14588
16352
61322
72446
26850
88244
9454
49271
77059
17781
32194
19078
8186
56418
59850
65005
92233
72177
55379
79985
94131
77464
10117
23161
93256
31132
64140
88330
87361
82691
97431
37566
47880
49523
15353
10102
55733
94554
13624
12302
56201
96724
40538
32319
14694
11666
30797
10724
94945
28658
29850
20568
93151
84647
69623
37123
6234
38160
79190
95718
24103
21123
61909
94368
20349
94627
71198
58662
41065
49747
9272
97679
58553
43076
23783
97406
36926
77798
8467
81589
334
53415
93384
58703
52840
76863
44415
63232
79900
78229
3868
17572
15364
17905
88198
35077
34815
46169
11970
20066
40468
72134
69659
45197
19385
32170
62015
50074
60864
72217
197
28436
29693
97600
95384
70687
27739
3205
41528
43486
50212
7965
78762
62836
45879
91699
82315
40648
54878
88705
62590
90756
65828
88401
41121
28199
83756
48186
39317
20669
14848
94340
2368
7683
78032
75431
87878
17763
22520
17510
7338
31609
4641
68483
69853
32503
93372
6823
99318
27685
49855
21366
95196
72159
9626
9440
62607
41292
56478
67184
86931
79553
63887
20858
28638
55871
5596
71078
84803
70447
3821
64551
18127
37367
81366
30981
86114
97344
18547
8618
34826
76933
48868
11632
70814
93481
99144
30208
98057
68592
12824
46586
61284
55336
30579
27785
67721
83783
39845
13981
26906
22293
22019
28870
23864
85303
3239
57828
90792
78644
23325
65263
22744
47860
32358
9997
30684
52255
50043
35156
56727
75388
73021
16211
57623
57234
3267
62791
6788
53581
63259
2331
57498
4566
81712
12533
54913
19998
87767
85511
90241
41316
39416
19412
45266
47560
23842
13424
22978
20581
97100
15466
33739
4688
57254
51518
49271
5808
71246
66630
82036
40448
51039
37210
15385
20994
7764
18177
66148
19824
55083
10686
64488
64532
44915
15410
35971
53609
70945
10062
33392
89842
39813
86206
56480
47793
68591
52809
47312
30194
63261
49105
48752
21137
3474
49793
90276
2205
4026
24271
39796
5664
47275
3153
65498
86414
50977
69206
59773
41843
15546
95661
34863
61183
33237
92193
634
64833
80730
67592
52402
54955
70865
35953
56563
5978
61934
43351
61057
95121
25134
33765
49583
46673
70266
27727
42566
36659
20708
70066
96815
99385
93035
5468
14647
67599
14242
87568
87899
11281
49158
25442
21475
36434
71869
84841
34799
11322
46590
59520
24480
7626
8149
64652
16708
81780
46078
88189
90916
5510
49626
63975
44125
10663
70776
53017
61919
65397
21306
88963
91735
74365
55451
49776
45962
99691
12290
13149
74804
85425
92928
31244
90069
61188
45585
89188
91236
28383
88759
32867
21521
26052
96651
82388
61655
85183
81317
10811
65657
18851
22921
69401
90015
57626
67784
50114
52174
58372
18689
17017
69490
32929
13385
5491
12582
18381
73905
82936
65077
81588
61781
33535
76637
88439
67442
65682
77714
73063
88121
60779
18373
1479
47491
55952
62503
23526
41228
32443
93403
95471
37013
32863
9693
71742
63377
88592
12667
91160
69806
43273
11278
98380
45733
84069
57070
89386
92764
1576
90184
2101
72400
79111
70251
57910
98643
68010
85437
57432
42988
89055
77152
41461
89533
69606
44574
28917
23841
4895
25062
78850
53015
86553
3256
44847
49500
19992
55745
63422
98881
73117
30762
39652
42258
91301
23070
57902
62612
51783
73098
95366
3154
55234
48172
80750
66120
69816
8847
76126
39494
28153
65544
87868
76514
11334
49086
85846
75854
25403
8409
78650
12264
22014
58551
69870
58293
37500
99203
98231
46535
86672
66305
72058
31796
29695
75695
97780
38381
22506
78727
79684
11145
79619
23927
70728
7573
42893
63137
30924
42215
37224
82047
37208
43374
94447
83101
81139
96683
78301
22456
28620
70613
10615
29591
52822
61847
93485
56071
46819
35639
51305
47464
53348
46676
28725
67505
32645
98087
87822
62297
15400
74363
68279
56016
9311
4624
29097
28684
37349
46594
94555
1097
60080
49
50106
9071
529
50027
71104
8881
14087
86821
16318
95285
90910
89760
28698
90532
14648
26942
50455
83052
8860
16003
7056
54257
2333
54599
20280
48197
32750
64801
18722
224
41083
50207
87383
53299
96569
19653
66975
82617
26982
78941
48210
28578
58044
72993
65105
19551
75926
38565
14035
10406
96138
11502
92236
44077
92992
95849
6737
45930
29747
22906
76130
49286
68099
16093
54201
40702
2376
75399
93962
94995
59966
67837
56070
29919
67793
78478
96212
29339
89493
728
72271
94185
50765
8315
4085
29580
57971
43306
60306
719
12916
21045
52870
4075
2810
98924
60478
41951
18792
24403
17174
526
44602
19040
50440
28301
55432
62317
76283
14513
99637
77397
56436
29018
50635
81945
98520
59783
12007
24621
82731
59069
15092
93243
82078
38920
14967
51994
27108
68869
17999
54260
10547
65090
83554
71745
49583
31725
57875
75784
74147
95653
67022
45792
1081
35519
64609
23851
53440
20865
403
695
29943
94171
41672
58105
85433
51359
36961
11519
13333
3437
35208
7414
96514
45376
66849
91345
45464
78889
32362
66795
1908
36222
50473
87077
92047
69300
92161
46559
74310
91116
98554
6242
68465
17304
24317
16376
23418
25448
86311
98223
94763
46355
62451
70709
60445
59607
49278
55705
68669
73263
78386
74550
88503
33608
98786
93720
43697
54594
66058
16133
59197
90402
37208
22217
4883
28966
38949
79209
21059
50473
67927
20015
92578
34138
72031
55553
73771
79763
26632
32439
20021
36456
77890
1047
12729
24004
17739
34857
18517
30596
72678
68823
59390
70178
39025
4361
9146
40233
65826
31479
20658
70069
34645
18196
5336
58370
81972
54365
61577
43233
19949
63934
27962
33618
96112
22741
12512
36161
9488
80879
11226
4092
60691
90462
77794
99103
60624
22400
95112
67669
46407
33538
13937
95153
11780
49952
1810
59693
95710
54358
42032
63374
73279
75284
10647
8744
40861
25771
74066
16284
91849
72984
30745
84947
20252
16566
9377
44182
40401
6233
97745
59571
59252
93907
96825
86410
49997
32809
21838
46159
20931
52818
40451
55129
38847
47852
30812
85406
79815
69050
58242
34852
48333
78828
75820
73423
2793
28990
74900
95213
40574
57627
19292
89477
56612
82460
4121
79372
78459
24236
58746
8051
3933
27906
95353
39031
32532
75615
46099
72400
85754
23971
64367
71350
47990
62892
11237
80424
18087
23402
83617
21007
57908
26625
5585
63303
33525
50973
98516
56387
43730
51440
6947
55578
10303
50190
30919
20427
83475
36788
40890
27177
82890
2500
9458
16603
93260
47942
41486
93719
71222
23697
61284
55057
40619
37739
50143
77308
22320
32049
5506
81558
77098
89712
28669
34314
17023
8788
61046
97799
31973
90810
96949
81298
82511
56439
38116
55408
17166
88982
70042
85583
9487
4797
85164
20033
90155
51890
14959
72564
47
53611
98107
51425
31282
59331
50078
93177
73830
75144
99579
84472
86895
43686
61746
80412
26747
79986
72545
84179
99622
94735
60141
33337
62007
19922
72071
72301
4548
8636
44159
65133
93828
88482
97752
78361
92702
45524
50016
23180
6360
44939
81577
42022
89403
85569
98687
65800
43050
4752
93285
10169
79345
30780
72941
5312
93469
64769
89417
11359
87260
77777
88629
65193
30984
34445
90644
98413
45934
83384
87709
81223
29969
49365
77818
54683
13157
18119
43934
76437
21235
6271
29250
99795
15351
33990
85788
63048
15540
92440
84891
27933
56106
38656
35920
28583
56309
16383
11037
54957
94925
274
19866
59666
17042
12061
80199
29979
52961
18258
92154
75350
20834
12979
90124
80988
48526
88833
49842
96994
48657
27595
82872
53494
98492
59776
25116
91313
13445
49235
98373
96773
7082
88977
81511
20960
86405
69584
82752
3290
53791
55808
10086
97282
285
9541
7098
43126
48531
54931
80056
67476
66541
14042
6300
67330
17402
66371
61173
57266
86944
88885
16534
3726
19884
95380
68268
31856
31468
69164
94583
78942
6080
46551
43203
92848
17509
85589
53209
88951
52677
81990
42781
58513
69178
30897
30232
93039
82677
14181
3558
20033
8410
25486
16345
64905
39273
6360
77397
4904
41273
75241
11658
79367
60347
1113
61395
19989
70839
13451
49821
31812
13162
72221
4588
4954
46104
58020
34547
88987
65148
75229
49179
17286
65605
74550
70531
80594
30206
78297
53574
11148
8192
48304
47678
77435
70331
63413
98166
68065
69502
10242
22199
69225
64360
71745
6870
36188
20897
11390
18801
81252
71812
88410
39755
66044
26062
94372
13762
85797
30581
80800
89783
92541
59876
38672
23619
64857
24543
27152
34623
82690
59854
66482
19485
54906
53029
79953
52925
93859
67679
34342
59696
18815
59496
72321
39336
19782
8549
81634
51373
75958
49651
12368
37483
88701
20458
29657
9348
25688
48126
42013
11645
93744
76767
36110
21398
5330
68924
84849
13014
46108
41446
19902
18118
96239
21103
70968
33045
87555
99335
3837
56308
42909
75779
58664
33039
47485
28998
30783
34447
23371
70604
27237
45733
25665
22697
65952
42047
23386
50923
34005
50857
23700
68619
5265
34512
29749
94250
41244
67598
49490
96612
21793
26352
44288
85705
68735
17965
18103
3071
73912
76331
38141
50401
89642
75503
14209
74168
92452
73541
55151
28920
9658
36631
65329
52980
32608
74289
70513
24152
3289
53234
87754
63185
84957
26758
48811
884
1445
39960
53961
47986
23944
20315
77010
57674
12716
73298
78976
29761
20302
55581
1798
67702
12446
20569
86954
85161
61023
91307
53096
94446
47451
93950
99781
20677
88576
74955
65444
62883
26692
13325
72722
52491
19580
7164
4976
89343
59620
7655
40264
59309
95312
40752
3849
47708
51436
20052
50738
64388
39804
63649
39861
10137
86863
59515
534
29993
20534
56333
69097
37760
7853
16093
3068
6977
82858
49307
48121
5282
15593
97610
25541
53367
51043
93787
99133
6699
90100
52072
69241
68524
24217
1056
23079
63043
73464
62584
65627
60065
6629
74982
68809
3287
38557
2504
51456
79219
37683
96872
64850
2128
71930
45456
48795
42193
38108
86493
59094
93076
60381
93835
39893
68461
87092
573
13543
6797
93013
40025
33512
20273
83680
88056
98652
40610
28801
22253
14810
48539
42330
19913
69015
93228
87222
67112
96593
78760
52261
80885
24935
86971
3490
72550
99683
12794
35089
347
16195
37983
88960
44659
86205
97658
63359
44576
18448
83874
46804
8184
13391
15854
71682
10554
50746
40468
24819
46664
81239
19979
3980
34782
54535
12128
15089
46541
16783
11129
88373
85858
5521
28454
6057
76827
59578
97671
33707
71357
29868
42645
48663
12719
31956
44076
67493
9080
15288
92935
21804
59214
87974
88424
19108
96216
34002
54178
90123
74077
82568
16817
27793
7318
95500
60945
2662
84937
9796
94855
50976
53074
6760
53462
16796
38593
71315
91261
2825
10458
44635
6009
31253
23847
89325
29158
97883
17097
9345
9841
42824
5400
7548
59630
88788
13050
14852
41344
17218
71010
41414
82555
99284
20433
41959
68729
52454
34512
71628
80515
24900
42741
51352
79664
29442
76559
85564
3945
17993
66341
63062
85565
75592
99954
52031
45576
45525
47129
64673
3745
23740
29970
74042
31815
69044
62079
6725
10819
81888
20595
76704
63371
45468
28830
84941
82
54047
27884
30188
12229
27485
10907
23351
50877
7948
55848
6963
99329
68401
96382
23204
5325
69839
67882
56775
94930
68698
19537
10619
67362
69834
74745
22056
97398
89636
99691
40096
46761
15013
51948
91528
17641
16940
52443
76259
12832
6619
23164
23866
13196
55115
7395
42417
85506
97391
71379
93532
77586
72055
90011
31383
34510
17265
62825
42395
52740
88851
25953
61240
8256
15752
60201
84315
16453
4854
5562
88384
17395
91623
43942
88310
45533
95670
97423
12247
62438
32327
36550
6
18257
6159
62510
74706
25002
20564
57017
376
54115
10048
23519
23981
80665
61924
15609
97444
94914
23080
25964
80651
91828
82995
76136
85963
28112
1700
85849
38840
19841
50578
79956
20413
52301
25946
42983
2097
53241
85494
59313
95888
47836
5186
34268
7346
68103
19961
7644
83609
80060
99979
17333
39358
6362
55898
8178
35262
30022
76547
46594
23301
34714
18177
80534
3536
30092
3105
71680
54719
18941
13512
44202
9419
63766
30075
32814
86641
48726
68790
17859
8150
94055
2240
58780
19862
33245
40598
14050
96402
17767
7720
72075
76694
38900
36011
61174
29659
24652
30731
77254
64997
48281
52925
64668
66547
55776
7913
75591
76286
23084
21536
86535
61232
58688
38443
29246
32474
59396
60671
70291
89493
89055
75277
36952
11220
41436
67508
70519
27755
68901
3154
61989
17994
91535
52861
59869
41130
37571
92232
64085
25331
65006
37763
73318
96230
21185
10843
18005
456
6765
28699
70263
63980
60440
87760
75942
73003
15973
53448
25111
88268
37394
47836
7385
19929
59547
68541
69696
5826
78574
88116
94903
67164
96586
44959
24487
51291
1959
40721
90035
30593
49502
70063
20989
40202
32891
98008
57553
3775
76918
86865
25157
84122
67121
75817
87937
17169
30378
53388
36683
52643
41146
12179
21881
18649
33796
3098
67394
15481
63273
24650
71043
75251
63413
94517
38766
67331
26846
67182
87037
61538
10987
65920
28907
91708
62958
10780
42
20769
57021
7317
20913
48571
4038
37391
89446
37323
48181
2340
6406
29792
30614
42072
40502
52268
15822
49905
20709
72604
37050
20606
90323
63195
66351
75144
41656
75225
83271
30173
55690
23015
3056
46625
58459
55955
3737
22472
71213
26021
5070
1442
19149
24505
60776
57244
30924
68914
25418
76639
75886
13053
90071
27438
83718
36414
16994
57717
82219
28893
95734
14220
54052
18007
46650
83390
26736
83989
83612
84546
48530
93349
78692
94687
67533
35607
1456
65817
2418
9106
44219
72741
49807
6631
54287
42636
32944
75617
62906
22044
38961
46019
40252
42319
30287
90849
47390
1141
77855
77386
30507
46934
85301
40872
28108
82536
34361
