80683
20887
90890
86475
50939
77649
39006
39418
11147
81700
51309
76387
91584
74953
35241
6803
60791
79300
672
57253
35139
58243
25569
82412
88555
364
35925
76365
80188
97700
70416
70916
97107
72260
94383
87040
48754
97854
46208
65282
78548
85978
68326
28164
59974
44253
49083
51462
33844
19189
4956
60414
56948
24449
94906
22440
95318
8477
97919
50574
41723
62641
59230
13447
11283
80392
79279
19323
80570
48200
58049
62936
33092
35390
78705
49161
89917
97405
22438
44302
51281
84463
42521
60998
92744
10002
13968
72657
77354
71943
91722
40277
99935
95633
23558
15906
26748
54878
16880
79581
64973
29759
70892
85643
61140
42019
27321
21557
45744
45745
32523
97912
86039
53616
99293
57260
20120
98231
20703
1281
66424
6622
41969
8627
56478
17772
63001
37458
11832
62798
22412
35038
80525
42856
79329
21521
13571
56878
99858
50724
82680
92410
26912
31608
39419
93809
54237
46318
96339
66298
95786
28517
34175
15599
13157
58350
87789
62264
29164
43368
79018
89863
9725
82946
23332
97484
17387
43182
74287
77771
43688
63242
98372
69979
18600
74013
79710
10360
69207
62668
63534
16682
41119
45533
67011
93894
863
64926
29699
20979
33731
51306
27713
56490
71705
92817
82685
43965
8276
41934
76422
11054
72031
18568
22609
32544
30145
64196
96998
39143
78640
77429
93057
66495
79833
62335
48743
64191
15935
29438
96621
52461
13483
53308
44039
92382
35528
41881
98273
25782
91328
35744
2084
27272
86246
52479
44651
22550
22924
34466
63749
36666
67927
90555
42339
56302
58249
61217
76657
9370
44073
18493
28030
78837
45313
23960
97571
18722
74528
30227
97016
88263
65922
71216
47815
42895
75344
65785
80249
27353
17684
26192
41267
81469
65688
59954
84533
22927
10969
87737
34132
74311
65224
88903
81708
72835
7714
23246
81959
62285
54908
25928
48022
92696
37450
75486
70744
96710
42740
99443
80957
92463
80968
49303
91686
17880
77225
46560
13149
85358
39427
74643
7753
86791
96094
22705
23038
77019
89507
74979
35180
52098
83825
17963
72445
91755
78170
48571
44019
90201
89210
87823
80187
11525
6779
41669
93342
15921
97216
63827
95609
61153
10096
96601
22858
80264
18174
61231
96601
14744
52448
93724
7203
67760
64262
28859
8637
63005
76857
99930
39710
28654
2541
22948
96147
51603
94456
96228
80011
54425
29362
7116
79802
25679
79369
74027
42001
87224
95104
92180
73580
16938
51969
29274
37753
95486
80620
12426
47262
77919
33031
30337
39063
97285
24117
66955
58612
87148
453
71254
85808
21946
81219
42176
85382
45331
13921
81523
88390
90235
86858
21413
67900
84677
26350
22771
76684
73267
85194
660
70983
82029
48966
2092
21394
99025
68053
82517
1562
12414
15414
54852
86770
23849
6371
51633
35718
9793
43891
92421
81565
99097
24035
57026
91061
11617
62436
54386
70935
1345
90271
85344
1954
99793
271
3779
72980
79127
20781
86357
77278
31404
79960
75976
74820
32005
34642
44050
78305
74716
87052
66891
29375
92772
19095
71886
57993
91939
11030
9776
36588
13666
11581
217
22142
30069
52898
86977
23578
2592
78653
56591
89011
57534
15143
50161
19136
48059
82205
59055
76975
18385
76081
96218
14292
23379
55969
9181
80698
28384
45786
81040
68097
11005
49769
63612
19822
79743
53834
44751
79107
47665
20472
75713
96063
30461
77880
71840
77629
68933
52749
9934
9734
51975
32801
18202
37584
15363
85924
98762
74100
43716
6278
95193
56806
97613
88493
78005
7765
51531
30338
39393
94225
37454
79947
29309
97913
368
154
83830
45499
84128
31551
11764
75634
35851
71306
16121
78204
31566
26027
4458
93818
55071
70650
35390
41386
25278
18906
98450
41967
99874
64075
26098
38595
13356
15709
72279
72027
3491
20288
37216
15208
2094
53263
89971
12164
94514
19559
20954
26306
72372
99801
76198
25504
25879
45575
39153
66803
44556
87923
72635
81461
1704
41862
45625
20052
5453
73169
62278
20142
99026
44094
74712
11278
88810
89250
91724
1808
80678
23225
46872
5718
97952
72143
69595
73
87876
593
12715
67780
76555
5475
27470
15567
47653
55755
13503
60231
7637
69918
6710
21344
57281
811
27279
28278
25088
64920
36693
36629
53851
37345
86124
21330
41050
66916
83509
29561
72266
45552
32176
4860
60454
94497
43587
93551
16623
59145
63624
33055
75746
31492
94170
10760
16514
25527
48437
97140
44863
41317
74984
22956
63899
76085
13929
39209
19350
6139
74516
80736
72245
83942
87964
62085
37742
1850
60890
62783
57224
33728
11655
65943
1295
3638
60883
22358
43175
75364
4816
15523
18478
86368
84697
30949
70567
9219
40960
84368
80567
4377
74200
10483
84628
82888
60809
91803
43528
32084
73017
14664
64636
85654
39915
11134
29662
9040
21661
60261
15201
91571
96034
43986
1323
58993
62258
85877
99244
57015
91518
28523
60890
76521
82216
52847
59528
1171
81315
18407
42828
69079
78830
11090
2347
90151
50886
32824
46453
73563
1286
61526
87558
80698
69167
88996
8342
30214
9159
25634
20630
74932
92559
86512
40566
44493
53773
88115
3437
87067
51606
28490
27725
3253
17432
46122
12741
84943
41638
11172
8106
29433
39424
25681
55728
29991
40964
80191
7354
93219
44505
29314
92012
55680
97777
67896
76520
92317
70524
57853
36378
62771
29386
59385
21956
72795
33801
84304
63266
23045
76254
23399
88575
97987
17527
91196
35508
66878
30784
10575
3529
73582
80761
10218
42562
22291
36478
72044
5476
49535
69602
20424
14419
83784
74793
45335
47
80038
3724
82933
96189
56660
16925
84309
16965
21106
40738
94025
38153
6580
32388
9641
61532
59949
54324
62796
82009
19168
16822
99664
36317
61756
78828
13730
53443
55830
8979
4790
23193
72191
91149
55469
63153
47851
14385
46869
56656
96452
93252
21456
81552
42452
33891
98896
17146
59960
58891
54469
29460
11997
63326
80878
63215
4059
46615
34433
77831
3195
30866
61134
12126
35948
70832
65961
15430
76919
46488
13681
45563
7455
6139
85557
25915
95366
18112
93865
27864
79931
96583
93482
96939
54509
75330
11195
8865
10270
92253
59093
1235
79952
69037
53461
65586
32118
9330
45604
71620
67930
83465
40227
13471
45209
8906
22004
5858
77768
54963
67849
85947
52750
6568
97900
6611
37383
64195
57616
60617
59636
57095
5159
84665
87394
12446
65611
38418
52678
19971
93797
86035
72507
22244
59934
96466
56356
80011
51729
45603
53325
5336
31097
55307
24404
73146
48485
73383
71137
46850
28202
67923
51714
84986
11983
10834
78305
55562
26077
32762
43294
83586
53180
57796
61165
81813
13439
30505
46633
1433
50255
57372
12465
12012
7292
54300
25998
49851
60260
14248
63960
92228
67280
5827
91769
25874
34321
87520
10261
49100
18161
793
53933
18967
2309
69738
52156
73301
94142
42591
59706
17979
26750
69703
96594
70830
55457
39702
77694
57683
84836
28453
95301
11828
68802
51066
16305
47352
66027
35291
47492
25919
20243
97533
83272
49461
3438
93498
9702
37553
2143
52696
55709
17669
54541
45981
65477
97577
9233
20938
70416
94619
9826
52578
64263
89707
5492
42105
50164
51243
53432
4804
7274
58850
95098
33787
97735
29216
86431
47133
67392
61959
29999
40140
55539
32139
72743
77631
57286
22821
85588
18728
38119
45089
64875
52872
16092
67665
33269
93564
43968
61333
43333
58459
84121
97339
45422
96859
22571
20754
48245
36260
11145
62100
53545
8456
64619
69686
97038
32124
16964
27861
84818
27343
65654
34703
66685
62185
93974
42226
17694
30070
95947
92867
3164
6059
18626
71540
56018
58200
86716
75883
55060
36532
74575
49327
7583
76018
91543
56419
88253
46406
70627
1144
76599
16107
76515
15989
92804
49417
30654
83237
2885
80344
3060
18174
40313
18277
58935
47486
89830
93079
13667
38837
45407
41080
72801
48286
52767
16327
27119
90666
70641
37555
53972
71288
59442
94802
16268
87057
29544
2637
78735
6600
27546
3478
72998
74715
33471
56401
9014
89306
17083
44057
66589
95173
32738
31789
55737
35518
43305
28229
63221
76477
22297
39988
12596
65329
26372
31771
58732
45510
2009
71878
17941
87192
14343
7066
11291
41929
68081
98086
14814
96366
7312
37813
73583
26584
70965
58799
38549
27653
39065
80749
43751
1315
39415
2258
84303
87558
90882
7668
48343
1699
97668
63504
87296
45204
26115
79396
80829
25672
20497
13808
67436
45219
13414
66854
69165
84484
66404
86012
94364
67572
93222
31079
6445
21260
28126
16626
47777
12085
22763
23733
51046
60413
49742
13114
98698
43808
50517
28378
468
91569
77969
12877
7155
25257
13312
98531
87900
72561
33093
99818
21153
4870
13304
80770
8477
66589
57058
66036
17077
9489
31619
68744
2908
96763
62761
7023
95476
300
68156
25356
33966
38026
85543
2794
89603
80344
23923
81187
7948
29595
28725
75215
78992
22944
2580
46176
47108
68972
4636
32108
86749
84481
11300
90978
59950
9225
9969
10391
62495
6288
3054
87600
4405
7736
65852
83126
19326
10510
91167
28133
42665
75871
58087
87482
80764
56403
89751
79963
94183
16585
59915
26504
95664
36047
38607
49485
26725
94565
42843
80377
70375
13532
18692
1659
26540
41125
70810
71255
57092
19453
26849
36598
77804
76503
89442
10878
26393
23817
10214
3546
19473
30005
16208
45909
46373
76550
91935
68357
69129
16366
56400
24761
67666
10789
57757
29133
57178
56428
60942
39638
85592
18496
22871
74729
89735
23316
48699
19160
46605
27728
23092
2907
84350
39297
60904
40370
97324
72782
55286
49990
49189
2453
2126
40726
63052
2088
68932
67015
18745
60309
53699
69965
62875
70575
17954
977
7133
41478
56174
23056
27850
72775
21752
41400
93273
53492
40410
28369
49885
17387
31809
84396
1141
10952
90448
83139
16369
82145
11676
87647
54384
81684
414
86295
74028
53127
40032
13774
21343
59927
33236
55845
16608
32230
22139
76414
80700
60725
47452
9560
61677
40562
17130
1358
28499
69303
68823
51923
80126
34814
84607
24988
29801
68526
68671
46165
72360
35456
67371
40146
13460
26635
7026
89958
84150
75963
67788
68911
88812
14034
2438
55644
34692
2116
25970
13821
64554
99056
57796
4725
84303
88108
33648
86528
75319
8247
26044
48082
63558
75973
4054
45244
93353
7305
96099
35041
33536
27172
17208
52536
1515
99912
63111
66092
32375
28963
90295
27685
42556
54849
81611
73303
77660
62646
55843
25351
92987
20497
14638
75903
49919
19706
5353
12838
9979
57194
62290
27387
6016
90928
80285
37382
81848
5259
3210
84391
24997
67555
54152
46356
17951
98359
5525
8708
94362
30750
67584
30707
51462
70748
42054
13039
12533
41304
2617
81809
94559
50272
56112
75181
66672
62908
21668
51627
74564
44229
91455
72400
59435
71451
353
25432
66344
68281
57951
51559
14180
96644
18476
79229
89609
31583
75925
35268
48874
67246
24848
40543
2642
21401
89832
74725
11443
78971
79684
55043
76691
53898
34143
50133
39294
95184
71271
80010
70394
16622
46694
44252
83353
51057
67628
97914
31795
76883
85572
35088
86983
86399
2753
7318
19380
50912
69757
38034
81619
25628
13988
87373
88597
2908
74868
60282
62500
68343
39934
94425
60311
95914
64874
32252
20551
80596
57189
51584
53772
91917
42929
34559
93399
44595
68059
90291
51144
26825
30752
88382
25426
33237
98390
44765
2633
59320
55654
80445
76188
7346
35413
63452
36948
91146
74776
91068
21524
70501
86766
38783
93722
18172
84261
89702
82698
79429
93974
44001
34848
84577
9137
35674
37590
51552
68998
27074
97524
20108
29619
61231
24941
76744
75396
46425
56504
79477
97611
2252
69818
76991
68766
80643
40059
91968
94659
7254
48975
8688
62067
23203
65346
11652
45596
91611
98209
99738
25862
85395
22148
47702
93544
1415
40882
25535
13841
16978
42776
37835
33197
3221
81817
91722
74182
57857
15810
28494
95615
45621
56893
61744
78098
88835
58041
6415
95884
13289
31147
83784
48216
56765
53614
12215
80103
22116
83446
67350
39761
14524
78127
77680
64477
11139
75490
58845
41386
73624
37469
87739
75801
69715
4123
80240
28501
60403
69603
4708
43374
34467
29650
552
85830
58992
89619
76432
49606
69601
11618
52066
74410
48459
88733
81090
67494
79213
97266
66958
13345
99196
65028
22260
75819
43407
7982
78501
52641
73374
83713
19700
52512
78737
23976
5293
84874
77574
91849
5485
21520
99057
9238
71784
62005
85403
13329
27342
80982
23032
12746
49288
63136
2644
91363
44178
69438
7389
24733
42423
51009
11117
23790
76232
85887
91918
99553
95672
24482
83439
96216
89920
87363
91781
45438
14287
89957
93243
60254
90415
30078
80640
97519
29609
60628
34425
56563
49868
87374
79798
35855
77484
52840
49426
54475
10402
75267
33005
85897
70087
85849
17656
2859
97543
26815
22825
61925
71355
57206
77076
54220
76194
47134
34317
12344
70369
13598
94181
15604
51462
35355
49685
8298
44684
47583
18732
37079
37936
37305
35035
39020
56951
7346
90167
4566
12422
77780
99976
2794
37802
72499
85208
92661
10297
25578
59660
30349
18522
37082
84106
96803
81086
17401
34434
34732
36164
9357
58175
49959
8082
85746
23988
34049
22171
38056
97268
68847
56967
29751
99921
92588
13622
91386
77802
78963
50147
57023
98001
19105
87922
88383
18556
854
53199
38231
57933
39550
72912
55434
68401
3064
19605
50016
94711
52055
48510
51158
70490
72241
28309
90813
73381
88771
37160
91518
83181
89699
39598
55471
84585
79140
11356
39069
62036
19699
67189
23134
80850
83939
80122
57718
95935
1532
61350
96856
72982
63605
96675
25746
30452
98988
86533
25760
90796
97109
15001
29785
63693
61680
55050
68234
99951
17441
70849
89260
91708
80535
87980
75011
84866
25376
70308
86550
92118
70591
94877
71849
27421
40304
18535
19575
93023
13852
25018
85596
92607
85596
48273
64926
4698
37404
59441
19169
28889
11887
57766
78493
30682
72089
5148
92447
75625
21663
40880
5076
28679
99982
33641
20204
2231
43151
2364
23389
43145
35474
75211
86099
92422
85252
96653
6112
32261
23053
70313
47461
65935
51139
57661
80230
12825
16384
41166
55331
35155
26088
43949
71359
72971
19942
56917
92625
51954
28069
62695
61546
35040
36051
76024
93414
36676
71667
86071
45430
75436
99035
60185
52572
51350
93418
39140
77540
42321
53410
7379
85847
1985
47032
88233
17057
91524
3851
13127
72479
28335
4027
54157
4192
60358
8766
12421
29883
75115
64246
43554
41158
30312
95736
79895
36119
65902
91377
20008
79553
80801
79377
50304
98544
20690
76847
59560
88007
47818
58967
1889
32825
58539
13591
17094
71408
44878
55993
92213
42583
80997
9257
2425
78074
9856
66221
55534
6249
67137
52113
51154
147
83842
33574
91678
48958
53723
55613
83502
83511
49205
24413
82064
16147
62356
10728
82618
16721
78641
8486
91241
9909
99164
77425
98555
71544
76952
72229
88687
54469
21312
53311
20870
95705
7812
1742
48982
24965
21913
68136
17685
89265
72491
8702
93377
56583
27192
86277
15718
99127
83602
38813
27607
58650
60872
41245
982
6417
35018
20134
72005
81493
66925
29033
62198
95894
3543
86359
8335
60613
61746
57653
94808
10504
90801
1975
37418
90461
84047
41972
44351
90674
56511
89560
70866
82498
25704
62220
34833
66567
760
42565
89946
1779
96130
36191
22339
43457
46504
97483
53040
40832
77942
55104
37381
25949
44005
17102
67849
58896
3827
10521
22370
93046
75782
81331
24982
77365
58166
79699
70190
41323
51526
41768
59853
19181
67706
93028
14374
54609
79636
93960
43957
86563
88932
3518
12732
1406
52178
44916
38493
8601
94370
75936
62739
90238
20195
96900
25996
14799
11209
44974
85291
66804
27293
11716
89305
36173
95251
18200
58243
50976
2728
13240
79260
9867
66563
35806
4113
72263
68598
23575
25186
13249
41205
61588
46952
75589
79028
69614
98986
70805
67032
99574
43399
34661
8668
77152
59270
77215
14212
76558
6154
33978
86673
87517
5872
81130
96676
52872
23674
84388
92787
53732
46201
87633
19788
72041
25598
65704
64764
13715
57145
25636
19213
87437
83944
3154
69840
44598
1198
89411
76536
26897
58051
92039
17421
91207
26576
53688
55715
65821
78913
26156
45940
14597
78018
13299
53373
55766
14873
36627
51554
93565
12451
496
19413
80518
14765
99235
3572
2718
11290
52078
51673
34263
7852
65889
95681
54161
70212
28580
45465
71909
9988
98942
34802
30988
79696
4616
9419
70644
49781
14074
29725
64571
37857
82970
14446
57554
72625
36902
76442
27340
50116
52997
54531
26834
74483
11676
6745
12129
17617
99211
85553
86292
91162
79644
83576
13508
65693
88425
821
10148
89816
32927
52937
97216
22353
87102
96406
24881
51442
38127
81535
33309
52138
18124
21793
56991
44411
7968
56505
68020
97870
97289
53027
50569
28520
43432
73408
58212
99394
937
91860
84200
36081
66293
37523
17188
60
57314
4481
87381
15269
81864
60686
79489
17675
52244
34154
73037
57850
26585
69097
57725
31920
32801
12278
92526
79900
2367
68696
78920
13693
38193
25486
50505
46267
97335
97228
85844
80601
4605
56930
87096
3486
69124
52750
16006
36603
73537
32894
76276
9277
371
362
72809
31839
34134
52280
3279
54015
44996
37287
97693
88618
25560
73687
77076
56377
10181
33222
20339
55015
48309
92436
53244
69654
82001
54239
62796
80051
96271
55923
6362
69472
92420
69643
13321
37831
52677
18665
12132
45055
93948
31829
35604
67317
59237
98477
77925
95436
75673
59628
26422
40315
12554
21260
60968
7935
47117
3154
49838
79895
89484
23228
57743
89073
30925
28220
96198
55917
60366
39244
3700
91515
21089
75284
61066
16480
56831
85927
10417
83523
76313
67359
4377
36643
29501
66047
56918
71159
8674
5386
90714
49522
68827
32237
55570
70720
74086
46531
36392
31016
2279
22008
35069
36429
55928
34906
19225
37269
60193
44487
51103
61189
92737
66314
3582
22124
18850
21100
59572
64877
71302
25038
47242
54979
48530
54177
22688
88852
19714
90346
42394
10300
49534
79400
81244
54304
32289
67948
80714
94594
46822
19648
10965
64187
54283
29524
56785
2512
28654
33446
51870
52985
86959
71515
59713
77240
74765
80090
87898
1750
12218
30372
17555
69847
2093
40802
11655
13337
85070
49277
89834
50902
40385
64977
18054
51654
14072
83055
696
19006
97392
20175
60197
86267
38476
89408
23341
78019
19686
4003
79539
52199
80049
78963
82376
16449
2092
41118
62093
13480
17869
43448
17442
79377
43611
967
12599
21981
53460
8059
63167
91710
79393
68892
4358
92042
70175
31288
31371
12685
17461
33635
93650
81066
69738
37635
70852
61422
82600
1604
49562
72954
20962
87216
1137
53944
2733
80820
42656
37508
76808
1359
24559
11627
40836
87828
72806
11156
74605
90333
46274
70804
9746
49408
96019
84233
49797
36376
9638
5976
30114
51177
39380
51855
58497
90213
70748
92177
67755
50414
89309
89354
88631
93863
35876
16101
9076
82023
40230
81909
64829
59696
86817
92267
55330
78757
63207
71553
91196
16903
4146
66356
71181
36679
7393
25631
61979
72703
53130
50622
17080
80628
43401
24191
1024
56920
82172
15883
13531
79918
75156
67774
96145
27728
41147
70418
64360
47113
96525
79739
27005
99194
980
50852
46267
22952
18173
51952
86469
10244
54122
36373
28893
89607
64829
84200
16294
62626
91242
98409
96585
47324
58021
11278
41746
36372
70211
43452
95532
36975
61271
14865
76177
73390
23617
17886
79648
92549
77923
78071
38746
30220
29414
3286
25796
38783
38881
6538
62899
56947
54123
1733
55870
98115
83153
79680
41172
89701
9105
9895
52741
74720
56419
49493
48973
39256
60195
55502
65989
46942
4551
23745
84702
13170
59663
66365
17910
54735
85482
2963
97490
63672
80552
38585
82851
59537
58994
78062
90236
43936
76713
89946
83443
68028
25330
64026
73800
79920
54313
86539
78588
83379
40549
15956
52395
30377
17031
42700
38452
16788
61770
86437
4219
6142
12404
89069
94167
17834
66641
89436
80262
82133
65265
22053
70229
14605
40302
16674
87840
95636
92564
37990
421
98942
24374
14111
23123
64595
86189
52474
42506
16294
39609
73448
82166
90276
85727
77301
55623
36261
69858
55966
13278
64877
6277
96455
18113
18495
45727
37790
90075
356
54859
42815
24224
23780
86015
5276
81767
98293
65945
29572
31644
14167
46929
63967
42523
91817
39887
79952
28877
63000
61050
51579
25778
36598
24711
35544
92665
27919
95998
4627
18867
48399
62399
42149
61434
96793
49223
58385
4261
80450
95533
57330
70315
40286
24321
99110
17947
42309
53932
26295
78608
65775
8912
27074
39306
3280
17037
87625
99068
50470
12611
53848
2294
61318
10704
83245
51768
4780
2532
45729
42593
81501
75691
48427
67467
3720
81264
85492
12277
25600
17597
50355
73987
69702
26018
53092
39486
35324
2843
58154
79756
61597
59316
53790
67839
41685
55035
8996
29581
41075
47342
13167
39776
8202
83701
97107
90083
60485
59607
35585
22016
31545
75348
73468
32873
62256
79861
32592
35300
57611
43758
16444
1937
44378
65973
80996
22185
21900
80588
25781
48684
72267
55910
71201
78258
4430
10578
65784
86000
28911
63008
79001
75717
67257
36138
48211
86249
85848
20917
5582
61824
22443
73696
71969
97316
30898
11229
95398
42229
2705
74922
68183
79896
33825
86901
49748
75634
4146
95209
28442
51677
14076
46591
6389
94603
64756
40726
34679
8240
17761
94746
36337
983
75005
63957
26241
98571
83940
73885
47360
93200
15179
23555
83295
53988
94825
99104
41891
80356
86389
72576
82102
90638
92474
53904
47748
75851
67306
77366
32559
90171
76549
87158
24467
7958
38584
67199
4891
69868
60659
51177
91694
30261
47849
35242
36498
90520
63295
52400
99777
65652
98835
54323
21850
45185
12644
45698
8509
21100
16209
50389
31264
6573
41325
57188
16650
28020
99087
75336
15403
27625
94213
72023
19696
35211
80882
51841
42788
57232
17406
57227
12556
14906
77588
66907
91336
22226
65308
79282
95314
92886
58690
83790
53658
10269
19913
85120
88936
90661
18591
8477
91433
87959
36996
72151
71438
26811
34626
86639
64303
60803
2910
51277
3694
58982
37833
16357
28985
74417
65852
94424
62712
19805
80022
22517
68935
10422
18364
9427
15297
95762
62904
52127
38640
8929
65793
24597
77910
5436
95468
64524
87599
78668
14979
34511
89976
7413
80096
94676
72436
3556
56135
14518
24808
24167
45764
71627
7936
14478
3216
61016
8447
25199
71341
68541
97898
50782
12636
94765
93188
13236
38447
23548
78948
1328
6824
84043
4826
45510
32541
61521
30325
23687
36990
11741
39627
48385
27318
14472
63164
94165
16660
63431
2220
34452
56077
62399
7327
46438
36612
39193
94776
85331
1488
59199
65109
32586
35570
23480
17342
61720
66801
62425
81937
41694
30690
84759
88208
59599
28914
49512
23464
98164
31600
99022
96576
75015
21328
44495
45250
44424
76716
58388
8897
93348
66745
44994
22199
77791
46632
7040
12815
3837
97129
1443
27364
54234
81494
60525
3762
71317
74191
47728
17523
87100
15729
96612
53731
2465
62623
90093
11258
91074
78229
72918
85004
8413
53527
88588
74949
85695
62559
10417
12967
21873
36696
19626
1034
30156
71658
42341
93521
60802
40733
73932
70233
28988
40864
21797
77619
70132
91263
19733
15167
56539
95781
21741
25607
24211
16439
18950
706
92905
85576
18066
8758
63773
34760
95650
50403
96102
95577
23574
30807
20281
96571
50456
50341
4296
2684
56016
67548
31730
10969
4816
94432
42825
95249
56427
26092
14955
94018
76823
13717
52707
41635
615
75226
22666
65174
6460
94227
45214
71393
81516
74555
67688
88926
94886
59967
45325
71400
21310
21526
60422
51401
68976
81935
80759
23634
65932
68523
78332
69558
35448
2083
18754
9857
78099
78646
95956
75230
27674
39122
96224
61789
22334
60336
29452
30261
26744
53898
363
96460
80766
43555
72707
55296
53294
1305
72658
18680
94466
99032
99241
37936
15894
75656
35945
79433
55800
57831
10826
16239
64011
70095
43725
82188
25302
98633
29067
8639
52483
50498
96889
12033
68160
81872
88791
91893
29375
63458
56562
76794
5987
77276
80764
28642
39880
58288
45894
46678
24390
50019
74460
68913
43072
84123
32449
10671
99829
90519
29993
54660
72238
64019
66196
43967
2142
87207
69775
34022
86864
44052
50057
92342
1268
34032
10252
86735
89330
15082
42307
67014
52739
82388
84249
2463
76038
27976
68961
84036
49422
78119
92063
38856
33464
1902
4555
41968
11079
36796
26499
52673
88512
11872
59814
80338
99962
82117
67644
9039
73871
45714
21340
84746
48212
62979
1921
89850
79770
63733
67928
74165
18245
85738
84599
8744
51989
11201
58878
99365
29476
68283
75656
52533
88583
89634
78501
40867
22573
3911
2501
93921
60331
59922
10164
3708
56779
7316
90644
70484
99981
14705
62198
47345
68868
52333
34427
2773
27272
51069
28348
88761
23239
68278
79562
5587
70058
68806
96163
58577
84478
61053
67276
75859
61232
74007
13834
58323
75573
80890
51965
44672
20556
88393
99384
14771
6085
28310
83665
36249
55206
75727
13594
71504
75562
13739
70682
92053
80359
4577
33650
87972
11152
32066
86006
38927
47428
86338
86112
94860
38499
76103
27200
46381
99103
83675
68204
34845
68894
64791
99502
41747
85141
59914
3371
8750
47459
95772
296
47492
3325
21781
77964
70996
47240
63993
33519
88490
2386
60456
67343
19746
42197
88804
97749
79102
48527
67212
72400
91886
45535
35836
23158
15568
5074
91902
2830
51238
28695
77256
91467
51656
86042
38620
91535
16718
98139
56203
99141
35110
50155
79714
32458
8437
97447
79755
99550
96336
62164
24268
60223
80247
23371
8410
1957
67488
98622
62396
65922
55337
61163
82281
59795
25130
68989
15686
33704
3577
97269
81030
80963
92324
68071
37290
41730
65821
3377
14720
18120
25319
92352
6493
89073
4426
17032
11220
28284
77631
36662
24046
18096
35743
90281
43803
73947
67874
19918
7328
39448
81761
46051
95972
99067
81134
43304
67899
12176
86081
66679
36136
64111
83901
44275
40602
62985
54669
93208
55368
8097
57769
87401
56072
66914
73222
62934
45220
2042
24267
63342
73856
45902
96049
75272
36359
79268
96380
7426
7939
61122
49133
99043
42203
10952
526
59935
34194
91467
49678
80818
19277
74666
64550
99230
81679
94359
89978
29057
25844
18199
98084
65856
87908
22738
92823
90233
68061
8628
7916
61334
66605
47243
85268
94245
58964
58725
45198
45120
66388
13287
28740
53753
52364
43449
44065
99189
81352
96819
93593
41999
89289
67322
81581
89739
63038
83277
11134
19464
18128
10292
91873
25565
83550
88343
14212
72034
89397
70304
40266
22953
49160
44858
62669
12556
89459
44330
13492
44459
78673
93633
8881
71242
15035
65916
72045
99283
65661
95528
31207
75686
47590
25734
26991
56095
21413
3174
70202
64020
29236
72030
9792
11047
56552
70640
92838
44431
4652
69024
280
18707
69785
66675
40791
24495
1411
20631
10530
17633
16298
14929
6373
93869
39097
64579
75362
23426
17866
6574
91143
86284
74128
49471
15222
6642
83841
97833
14689
44394
73078
27613
94630
96636
95248
12499
5901
80915
84942
2496
54683
782
92644
52568
47722
14306
65657
15923
71950
91973
95277
69412
26565
98077
77881
13995
44578
20313
51453
34148
40653
3577
5941
66135
44555
88684
20299
9736
98620
26597
58677
94447
38483
15369
51890
90360
93640
21559
1748
915
40985
67918
25883
22716
49117
3665
1048
96552
18755
81252
67920
85587
29461
50794
61842
51106
94840
26508
8013
59037
94007
55921
17302
45353
33295
829
30928
11195
46186
87521
20355
23019
18564
50537
93162
72735
77694
83225
17017
40889
87636
23746
90980
17368
58676
73089
64985
87689
53527
784
95519
67131
13546
42711
6908
85064
50615
80530
89421
48287
72737
89852
50366
31234
60896
44901
67023
78924
57632
89106
73412
11615
9490
67123
71401
70261
64940
99933
86677
60205
35843
43239
57668
45402
92001
53223
9472
75853
43629
8098
22119
97163
93804
68729
68151
97783
73380
59746
56472
13774
6066
86061
30057
64420
27372
83903
57640
46423
71309
36647
20124
50682
93853
29215
12444
29498
32184
4963
39232
7673
35429
91169
35295
49533
66986
76248
17811
40761
98971
73618
96880
5193
43461
72902
54138
49782
13182
93248
18029
8097
95582
63048
4544
6982
87974
71437
3310
64588
56285
38653
65599
68416
20514
48798
78344
14897
50766
80523
97433
51124
66092
16879
47451
97691
39766
14930
7221
20950
75077
62662
16316
38935
86934
31134
12090
72380
86625
28313
61559
95549
72937
53222
84475
60317
8018
28464
84679
94662
94557
39241
99015
32658
95815
66905
42005
78702
15597
6852
67215
73043
64216
82359
89511
93623
22337
26663
81481
89379
36708
5964
28272
22453
18963
1883
78186
12869
32404
87134
89672
11302
30251
12558
26392
35836
63646
83657
43120
20029
89129
33387
56783
79772
61097
88516
31333
90577
63711
90852
37980
81355
46982
95299
57954
88593
10968
76562
13695
93931
88718
29135
46298
28462
17180
55913
42791
51657
55966
53675
29977
38679
83543
61452
249
3320
49180
48499
61355
30447
70550
87608
49158
41552
49153
8317
64319
34952
54604
37799
24867
87083
69962
49188
31311
59994
87089
28320
62592
5183
45725
79676
34610
10035
60875
99300
97812
85530
95050
54633
39412
62469
15206
83248
23381
1109
79976
4746
79309
8862
91594
7839
97052
18167
28808
42893
68717
34354
30141
40255
16231
20860
85907
56171
84721
90874
52997
39122
80676
49852
10505
78789
39901
99971
98387
62397
71876
86713
25807
30201
80017
82342
49011
53729
13589
37885
82623
16443
81227
17981
30583
63457
55388
54794
38402
18552
76562
59034
98526
32507
48111
40854
24069
29456
98357
12804
67937
97081
19780
66410
71016
82003
8546
99939
60237
33888
71849
32177
42582
46836
8250
36554
57895
62695
19269
47047
23400
85106
61568
79834
85835
12841
88187
93300
82089
39163
58273
19554
55371
785
69948
85541
96663
14816
46965
48579
54910
55449
94557
4514
46703
44384
16452
51690
24256
11557
82958
61374
10187
51310
89404
82830
35512
39945
80574
58174
93816
15246
17850
21074
75614
52294
76805
41796
76887
22708
39890
43078
15729
70689
92136
67951
90549
57054
33131
41450
96389
36497
69044
70531
56204
96899
9366
4061
11381
87117
50029
56717
34242
88790
54763
39664
37598
73483
28899
94408
67579
74655
74802
1547
71666
39880
45644
39497
59174
21452
92280
78458
6814
39123
61785
57318
46202
47318
64869
78715
42928
72744
30415
89770
72679
83173
8836
26939
15926
52471
30352
17066
28154
38723
73871
21733
61695
67496
98864
16324
51255
69869
44886
89928
94836
71570
49903
95118
27005
97444
93461
90279
8613
50184
51480
94834
44240
85032
28867
88493
31044
18705
23571
6702
91099
75214
50304
68090
65252
40051
95623
78705
48454
48545
27459
73059
27857
40487
94933
1109
33269
13718
99933
18482
59009
40072
8452
77969
87242
79037
77493
76662
38629
10371
85279
32550
46297
38184
98828
19622
21265
81812
29866
86953
1820
14756
41825
60068
22724
78421
66976
3752
90099
27757
55223
17325
18771
5089
47692
51026
66762
72335
80848
86214
62558
18960
40076
38082
63265
94909
26761
89673
41658
75310
79844
51456
83852
12979
16661
44253
98247
48384
55244
8821
12060
73740
86563
10871
55147
67954
13778
41208
90491
47802
52860
48930
964
43651
24395
82859
74680
3743
96802
27815
51660
77303
62094
14788
47913
3766
33473
5791
88427
3439
52779
18377
17091
72026
74153
88817
32397
29204
82935
95311
81131
85552
99181
93856
22450
30913
50492
40200
88584
33801
69573
94504
51582
27429
57161
34757
11646
71775
62957
51380
34480
7987
52780
87052
95022
34482
31839
28938
69497
35577
50462
45475
20807
1491
46683
66107
78121
68237
92337
16999
53274
93272
17206
54626
33866
58275
66795
89661
14865
39395
77171
60621
66246
31554
60830
73144
32771
12128
98833
87968
99074
21553
70702
53007
83339
24097
73696
50090
80745
91053
56636
43408
79438
45957
98105
41207
90780
98154
53186
36746
67687
42177
14073
30102
58405
89840
79229
89252
40660
73539
33335
65992
69403
4369
17925
31720
22570
64199
71287
9768
84579
16704
8916
23811
82758
33763
81183
20288
33449
19623
82363
34617
58942
62087
20281
56897
7480
40600
94602
93498
44868
84443
9430
7205
57718
90644
74004
75068
28032
66384
18637
26581
26867
43417
52167
50982
33261
90261
47343
24641
8657
58940
55803
21036
91175
98718
7050
7316
84088
61027
24240
81969
69597
77788
64900
135
7273
1710
66093
92114
59759
6114
92256
67064
986
55782
7750
15524
9919
69298
23635
17218
93257
69960
84840
85927
28640
88394
16030
58999
83594
66687
90980
67004
42144
36667
56984
49078
78516
52032
43708
31551
24168
55228
64882
2542
66683
88738
20050
35393
90968
91525
97397
14789
37392
7021
88712
99636
92947
78973
71495
18879
85679
7093
8520
93072
15133
25251
24919
64318
98798
58671
37007
57887
25589
92084
93050
38028
5077
82298
19243
39901
68343
80636
68031
92068
69289
76191
29612
35123
47954
57347
56130
99543
80537
24829
45871
17075
46708
71810
87408
41432
63819
55731
36595
32296
54518
39510
89199
45307
13970
50684
94559
10649
59729
31593
50535
5043
39062
16451
23782
38942
95638
89795
16363
41450
2541
37463
77350
760
46212
75975
91319
33267
94889
77811
76082
12612
44041
35734
37550
29779
86991
84304
21152
97270
62788
45480
39814
48943
74294
40827
78012
30256
48028
48466
45793
74023
39367
95144
29755
17054
62160
88439
99094
37995
59364
61291
15759
81917
55511
37923
61002
3327
78901
94002
51950
11334
68642
19093
78662
57060
97648
28406
26466
5384
97962
61062
85239
46423
32018
2059
73244
48896
5979
20495
67619
98552
85210
83157
37905
1496
29721
57897
93432
36371
79825
74685
51355
54025
96515
34459
5380
20274
16482
72694
19406
33753
61973
93709
40033
98301
76052
69335
49899
53452
64678
12106
97348
58405
26382
53398
26124
85485
81187
77165
27339
39750
34974
90094
25559
23276
9707
31213
49908
97558
96678
52970
32413
33284
1088
33866
36579
91500
43123
39604
25443
60385
7998
39980
71692
67719
77336
92949
27643
43117
8335
19894
39086
39317
45355
79655
98779
71878
68150
16756
88594
44839
19427
52340
56773
11707
79692
64063
57317
92516
16818
34623
42361
41583
51721
66953
31752
94994
18401
57840
45939
16757
3569
6791
89223
76784
13884
93096
87929
21433
35086
64700
23349
26367
51009
80604
40958
55658
83206
59984
88026
13273
35632
35126
26298
73711
77532
97502
87595
78401
47902
3785
53476
10310
70816
71836
41269
12635
63116
79989
97823
86596
76134
35883
57429
52118
11274
15994
90573
71117
25995
76094
11787
58416
69813
32666
81124
68442
80493
15512
99251
16381
5500
9527
73530
31301
11224
13039
55550
79173
39334
28322
92541
3217
62161
1429
37138
99748
77696
74180
62437
61537
6929
16478
52405
71808
91997
95059
40496
38149
90711
72826
32142
47604
80737
81442
81096
66607
62353
26128
40893
98235
60444
11400
31782
97673
83552
8570
96255
68384
95528
81375
90746
6313
53074
37714
9451
89022
57121
1721
39303
16164
72542
17400
88461
66507
96179
44937
22479
80718
20333
70531
37395
51568
33286
64201
1093
95528
84695
54732
88255
83427
98803
72112
42621
9335
82080
25829
94529
43023
71990
92074
9485
60631
86824
24729
25693
43043
22939
65275
1494
38615
86090
15537
48050
24997
43980
39177
73026
88873
36620
13922
4326
2389
13465
55876
17360
429
74779
79125
84426
70349
50407
79456
8727
28259
61045
76764
64743
8556
38508
58049
72589
19420
53238
49640
97336
83266
24062
17623
65355
42902
52802
5656
6402
58067
87747
7096
47165
30948
7368
25263
68264
43813
80848
31144
88208
6633
6809
19791
63951
67216
74434
64470
50364
78571
41333
84906
49151
63825
58539
34094
76367
57155
13769
41524
17547
44751
73053
50659
40511
53949
29598
33794
1188
13245
89785
28775
38571
22093
61432
90702
76457
4270
53671
98139
68468
88332
55292
27831
16734
2841
57944
83339
72408
73274
48896
11108
30044
39324
13596
43457
33580
56149
79279
10002
37617
40639
63282
37118
88786
12557
46334
27057
2393
67836
57636
72096
3483
15630
73055
29214
89458
45222
33925
37670
96004
46258
61386
27913
64348
78676
98731
99247
8497
17975
57122
20307
24990
43669
60521
27828
25050
18173
39045
4176
56506
30887
80946
4572
15637
76799
7625
14413
66268
84382
53998
88357
22224
41608
13997
91359
79253
35368
72769
10110
13825
47087
18560
84418
10713
37329
47105
59814
55109
45227
4164
71285
6177
29748
81164
65117
65312
56814
12275
87549
71050
84318
32978
24114
63976
68765
98082
83381
29671
69161
48574
89681
45403
28935
90350
9419
12326
96527
93858
78308
29693
47811
59304
21041
80217
82713
82179
92476
60444
48880
26047
22439
23092
85220
39059
29507
14108
94445
20441
41948
39246
63723
30142
85947
96652
14482
25881
77242
39397
71744
52790
68784
62955
33967
57855
23239
25014
11937
43897
81263
86585
5606
22937
80790
43114
26135
66589
60182
89875
60843
95311
17881
76085
51909
39061
65970
17668
73356
24388
65735
56831
4937
53079
88699
96090
57263
59483
89124
27365
15820
4493
2170
50548
39178
55362
33640
40786
49352
42832
70517
47892
65698
87367
78553
76433
34908
92698
11045
94906
91884
5570
51657
87549
78162
24431
81648
52527
34237
84700
85851
66651
77464
32817
74055
56349
93140
67333
36907
96547
5420
25183
68316
30523
53871
17842
91133
17570
74525
12265
61181
64564
48437
94217
35480
10249
52835
14621
72385
14746
73713
81113
6549
64651
56981
3865
70427
32881
13311
22204
83293
67575
55790
14498
89485
66701
37254
21133
33677
60320
33298
64078
78002
21971
23519
21286
18213
83247
97336
63806
3513
78519
94947
22160
22833
24307
18634
3664
73542
50005
47414
58251
4258
52320
28972
93605
8774
33939
4732
68779
72995
31702
80943
12065
81448
9635
3110
84577
41132
35694
85651
87180
35544
49505
18690
4774
72627
33629
91664
65177
48066
33589
47591
83672
12905
75046
59820
25681
92998
29913
12512
84274
78514
28557
90811
71811
97575
82882
40712
13198
21197
34057
62532
37847
64353
60233
22707
54753
33630
24198
20978
75144
42274
39554
20712
39405
84111
97271
99159
6401
49815
77429
91578
11219
23182
1377
8665
6986
58694
46878
7198
89745
92917
78465
43980
14009
71057
9743
19318
52672
52338
5066
92050
68800
8935
37368
41999
38960
7844
51405
87700
303
83722
34311
63383
43767
42478
51312
14665
62975
51567
15720
96058
86751
16999
31232
82227
63809
95573
6703
68348
74368
77952
46487
54062
44748
85378
22778
2284
85813
59378
69705
99141
7288
59178
6894
6023
58605
15081
213
71531
19744
95077
56342
1105
36617
9007
5298
51801
77702
55141
78190
43387
1141
83057
13332
22351
37235
80249
18635
58388
19699
49028
28851
3597
81862
16579
88770
27572
10104
25209
23621
48727
95359
35172
48603
79290
21610
45381
17444
35740
80079
70977
24581
30672
81188
26317
98000
24231
45846
84543
68788
78356
96446
41824
51831
70716
66226
52745
19243
20038
20237
77725
41696
52493
31519
29462
48027
65969
34454
34041
740
91853
62804
82895
78308
48722
24446
98179
22409
55544
18578
64539
81726
25560
56420
45265
52280
53534
83340
77886
13063
68865
26138
97405
15502
2353
29280
72088
99152
51725
78289
32031
89776
11804
83803
76934
15551
13550
63515
3108
46270
68047
30335
63698
1460
55698
95999
16136
96072
86254
77181
94492
82628
56568
20978
31875
65714
65399
67392
75954
19442
52357
99026
70683
77254
86547
74762
69921
41757
79486
29713
38729
90019
80232
31615
45016
38529
62440
95945
59803
6354
13144
76015
12898
74543
83796
49402
33208
90826
51927
11219
50152
46158
87560
83666
93912
69020
59652
86443
14912
80936
26078
74379
16586
56540
38451
4473
2396
24952
75961
93346
3274
69454
7589
69600
6298
76342
86127
96139
93458
37145
41553
79094
89829
68266
79561
92571
2458
96565
37703
75995
78876
75996
81032
78867
80276
38765
59429
56357
36092
79323
47006
8256
14865
58581
7945
80698
38568
17960
77368
17570
82893
63513
92985
77767
39382
46983
84549
48320
76979
45879
2015
5830
87248
99965
14469
27277
88421
28721
89324
67532
16913
29770
60047
14135
90139
33297
64229
31248
60320
98862
54003
84498
19197
20133
93102
15363
83011
3264
39484
33292
54215
11108
79377
90212
77307
41175
21007
14899
44111
80667
92276
9846
28635
9835
656
53123
3465
78850
87628
6085
82753
53301
87999
78117
91876
17517
86632
67115
6863
99105
44266
85156
89237
56031
13317
5804
50392
69835
36827
48963
12289
49329
87136
79653
6585
44156
55862
9362
19476
39979
11898
4161
15636
33399
50539
914
23109
1260
98335
59789
54542
53892
8036
45006
36401
7120
20609
72603
96518
94852
2730
33630
42022
38665
93795
33423
66165
8346
71531
47720
61655
77270
47639
66883
87207
40104
69520
55837
5492
12402
82694
49131
71499
77037
94420
58397
41293
42130
43251
99465
23546
83258
12843
24623
37248
78267
62138
76971
39603
17115
34749
14763
29729
50615
98134
77272
6252
41152
57798
96297
37599
64772
67111
84115
12158
53599
62130
64984
44244
35398
92130
24034
65094
72065
24173
78396
64426
23015
29635
8940
77965
92549
16233
88376
77653
67931
19402
20884
78902
17147
52144
140
84331
46954
61866
58774
16146
28728
12465
83649
16136
97154
32726
4205
24984
10714
49668
57663
26442
19738
12846
83237
11517
48858
18331
45050
48538
78735
6462
44226
34197
41246
86082
27096
83254
91990
39702
18140
10199
65398
62249
35698
10550
45986
92803
80811
59822
12028
63391
66938
18262
61738
94442
59164
4301
68907
88622
35473
28623
16815
10236
37411
22265
68238
49452
74890
11071
5629
20950
32994
71011
31528
47464
61043
57488
77147
72686
65531
56054
37519
85227
36510
15343
39523
25964
72458
46804
26917
22794
14347
3367
4229
89517
93383
55162
24838
13432
42311
96534
17912
69739
54192
91077
30397
95927
86734
14274
33398
1675
27154
96220
23091
79418
91103
31588
73725
22068
82741
42274
76993
28086
84154
82835
6603
29626
66782
42010
54080
5880
32650
63714
30374
68996
38142
67779
31034
45432
84945
43596
39230
58183
13405
25241
95640
18126
80275
24810
98413
61795
81436
2769
30691
37
19540
89826
85585
71357
84474
770
29144
44723
60194
27517
69025
63439
65846
54095
41276
23323
553
28293
37122
39144
3044
18809
14680
58912
87194
88476
49351
41971
43597
92284
24444
29880
33023
30336
49455
48316
82193
59676
60957
84175
14451
94506
97989
85887
56216
32200
52280
26180
83534
75089
61242
53142
65647
91546
96993
730
75145
26673
84163
95998
51419
87173
1126
67909
3073
39145
30416
35509
4639
92960
41130
40876
67336
52946
24693
8537
20820
28793
2696
54993
36195
23170
58437
68507
31042
71301
64233
41476
33343
48725
73170
55520
75513
64959
32756
27278
93380
30079
82814
17070
1784
16771
21541
90573
33959
20365
85806
12700
66853
88455
79910
46351
23977
29169
59802
28248
28735
32618
36867
31772
74912
88939
2165
55914
19789
85609
65362
2377
20190
97414
15157
90740
45979
85625
53209
19424
1629
67863
34547
10676
85494
51532
74623
44887
68814
26818
31543
46343
5156
4507
98542
60761
93212
51041
42158
12844
14605
65627
70784
48349
55002
83429
92510
69438
73298
89170
372
38351
75960
40378
26618
60871
98071
26190
46277
23379
14316
57278
87099
92970
54066
19018
97220
15682
98871
54395
97527
94937
43467
40364
4818
36002
97079
86198
55674
2065
59022
5184
71588
79643
26446
93191
70383
64778
77889
37670
62690
67022
4764
18778
98527
57326
78527
77814
94282
35983
86208
76827
70567
18903
91642
5435
94884
35595
35559
90616
63792
11872
70516
44212
64357
9132
85690
7456
66524
60875
48635
32442
37793
61200
91705
30505
90173
24688
41837
47492
57475
19264
91915
19690
15856
82194
34617
52685
88001
21010
98307
34787
29218
87272
73878
50817
96506
60551
54421
89394
71636
71071
11290
33407
87348
53766
39034
9366
27197
61137
15262
70195
93758
88067
33141
44528
19957
50825
28355
82162
74515
33004
19455
45513
62567
13847
3223
50520
87322
40887
33999
29621
70267
52442
75855
86404
7974
58507
32341
62090
43160
25250
25487
26863
5748
28111
41028
41151
54131
29349
30859
45680
32196
72258
14879
38632
51615
65777
70839
73500
50542
88513
22043
86310
27138
85640
99928
41316
12211
46736
36553
61449
18484
66265
39002
49264
7516
92591
39764
34456
72818
62071
96389
57972
10027
88319
97425
98009
37562
37223
34788
42197
87667
58841
11548
54647
3207
39177
99725
20108
28183
99712
28939
7394
92796
69409
27196
65931
33255
65614
31115
59024
26012
36383
682
88470
92123
64070
76282
38819
88215
1919
3753
74988
11948
94356
73781
59642
54716
84355
46057
68339
92866
19655
6273
73106
33132
88994
65176
40617
61122
31494
64753
71948
6107
75764
16184
51284
58159
23077
62523
39136
62895
60905
31892
26264
95958
53951
95446
98439
95627
67553
11214
48900
19556
62776
66157
6356
30109
27575
55338
3129
98893
35664
77696
56721
37165
31805
68881
36184
78171
22497
1483
31638
21831
6921
5443
31960
87763
80009
77148
79180
93547
66737
44989
93569
20280
15852
52392
43331
9606
9827
21174
30583
67739
59393
40243
27231
83209
75171
89098
64153
85069
59262
20267
73130
66069
79575
27069
12635
57332
34197
18593
50100
50427
76157
9582
32156
90674
84126
36440
21313
79412
25550
26578
68344
1322
70900
63899
62438
66677
78212
48751
12591
90910
12994
94111
34284
46469
71859
27500
40704
88783
39756
85998
75409
91233
71074
80156
91582
49811
8086
36556
99082
38730
67785
84740
59519
32684
51923
71808
95169
15675
64630
45957
79119
85445
6002
59190
37432
82046
75297
85686
18815
56626
95736
32529
39656
39551
51168
77110
30248
90743
72317
12626
58591
41655
49669
73860
23125
28254
34591
1600
94546
50
32330
25029
24152
93799
6878
89963
85230
11883
42723
9535
74514
22400
17741
42455
42994
35255
45084
19968
81515
74812
41560
4425
43358
52004
87366
37463
35776
32142
36064
9177
47455
73697
91139
18764
24295
70707
8377
45856
32672
61205
91879
18364
48020
62781
38112
36190
23914
7213
30865
87870
83170
14622
20084
19734
58490
27905
81670
72148
6433
69415
54187
53088
75819
33546
62080
817
31260
98977
18159
72287
26878
99227
87296
20310
82932
23195
56405
80576
13892
51175
13549
28562
1277
48194
26007
32832
53612
71405
60273
96390
89036
36229
39423
63257
7017
38791
42544
14474
700
37294
4929
24936
89054
58577
60992
83942
27326
99774
36801
35294
71500
1093
58255
55257
55865
25625
51810
27625
7538
29248
47204
59855
38703
21769
83251
90649
59804
24038
13292
44140
80650
41930
79875
76597
46245
88613
39508
42700
87202
42064
5505
53838
34603
24978
24889
87942
77973
84165
7392
81392
86980
14919
6935
71452
90090
45074
86232
67284
75326
70343
24138
3288
86481
92660
54643
29569
21217
81657
9011
67251
86117
9110
40423
65474
23743
93366
25251
13725
96879
95308
12675
75638
16646
31899
57159
65731
34995
8423
86507
1170
2380
72223
67373
16859
17925
2217
67356
41942
70334
95319
66725
96315
75154
40140
95275
77870
74496
41461
47709
96723
19823
72507
70405
80017
57667
48500
86641
54581
35500
88912
94574
12794
95150
7840
64871
13894
41736
23564
47548
21525
26009
83308
43390
1559
28583
16359
483
76506
36624
79289
91235
93534
60714
89784
81347
29872
1818
87356
59191
69425
15575
12774
6441
81422
745
53930
1165
67313
75268
81381
36133
50932
93912
26183
70714
36515
29117
68845
51434
41308
48016
10134
17957
56211
97676
1040
52080
5366
26493
34998
12075
54380
64372
78123
5949
13234
76866
61968
814
74652
15193
33170
1237
55243
43156
40303
99621
34530
19069
44831
755
32972
35921
17883
21408
5441
94817
50230
83745
99705
1850
95799
40819
40269
69305
81752
86559
15789
20233
57479
59649
67149
68031
76782
26114
14845
8897
62713
13054
57373
1418
17549
86296
81662
34243
79103
18459
46488
56715
508
18417
26635
78222
1108
72801
19394
92351
60968
85938
61404
53743
83832
14297
61590
85182
33606
64941
59139
91769
6562
96543
32103
37176
26371
98286
84301
9503
59157
6026
90202
63293
40070
59073
19724
39062
33013
88926
66922
3980
6720
22494
47929
76775
51650
3630
17586
3251
24705
96479
637
14161
59319
54719
50152
3964
86313
89459
51851
2821
88500
9890
33194
54941
95736
98110
13672
24758
94572
22528
52168
44679
98018
55158
85049
84067
48614
55328
85525
22741
80700
81049
84798
62677
5388
76040
3973
85350
8921
15759
52749
43554
37075
64101
15480
96829
89300
92987
81039
53539
89957
92827
8679
2176
44310
55957
16143
4161
69670
66084
55350
30984
3933
29109
22120
7450
25092
70516
49552
19695
94137
28321
15837
78812
69779
8614
7604
33917
39678
88219
94767
55627
74289
31985
32783
87873
72370
82621
18366
49431
59897
99811
15680
42836
60409
21764
39620
7965
41980
8029
71737
18783
43434
61343
59401
61635
76989
29866
32397
35696
48353
82225
64482
81450
71317
99722
56695
71947
96325
34247
35080
42470
52150
121
59798
94325
12641
73001
18403
48015
68993
99638
91937
31649
16482
75983
12193
12945
72584
71148
10883
42503
50224
82669
1077
77671
35329
34229
71518
60687
65068
67672
11639
7733
72948
29266
66633
43312
1545
65076
48994
3988
11463
84382
66703
48714
90288
32833
64968
95333
87529
43749
99363
25177
23363
92577
92246
69480
99043
82126
58996
78411
1482
57716
82946
1320
87998
84203
58700
87215
9350
68880
11400
7508
22154
6894
31040
65841
15966
52362
87383
2495
69260
76185
73157
21318
68309
86462
84369
80371
37019
97152
44268
19418
6079
70582
2505
53747
1436
65382
60715
6084
74133
77753
85983
18649
32349
91855
3023
16469
61536
26404
53513
46681
94743
56500
9151
25297
84558
61627
33011
1536
99834
78328
50195
12197
24611
91981
1428
51571
4388
77292
64405
50584
91647
81298
28362
91507
90201
54508
88969
76453
83439
67899
18835
10615
43639
97587
24675
49579
61430
77208
69188
39808
32371
59179
6249
95805
27557
73785
94037
40367
90427
51451
12080
84244
61999
2929
55033
13444
28137
17643
35095
30049
72657
56557
18097
31934
59493
39580
68558
27024
67306
51849
90141
27180
8103
24596
18212
32467
75048
32557
63949
16416
60471
48601
86026
31987
55819
34590
48616
40709
42553
11230
21441
43787
42112
39138
67151
75814
41082
74314
36311
87977
5227
67012
73061
38577
61310
84899
76140
37402
84717
22566
38395
95580
53694
18679
69578
24055
70530
86109
76115
24902
90964
27848
84470
56075
30407
46354
85067
68964
57445
42398
91385
734
96245
75972
11189
93458
75540
47448
70677
70920
58450
11213
55992
19987
72835
25861
90092
23433
69560
43095
5283
54972
98199
11409
97013
77378
82542
16986
8170
14956
99831
7175
79956
42318
31180
37661
99334
77721
7490
76120
48515
23081
15432
5195
66451
79750
71856
64483
83239
4546
56261
61634
99404
14350
37115
36413
2534
84836
78959
33810
10916
58554
39278
55721
71088
51275
31257
13673
88806
35174
26527
12370
15943
93440
94579
82201
39539
93004
44958
17262
5521
18059
33746
3624
58694
38197
7770
65605
5203
94767
35126
14498
98762
73679
65204
89961
83803
59711
34107
15176
48492
58182
75677
48065
78018
43890
45691
5964
19771
54914
96873
9530
39878
61696
28289
92856
24807
35654
97026
32890
43504
65652
8470
94038
47
12029
13608
42263
28236
4618
98397
79828
58897
29781
68770
47338
42382
85680
25605
14804
92506
1806
45834
50289
97894
25596
74620
37065
45390
72347
65153
48148
62684
1216
71671
82840
49712
81638
48017
65989
30281
3427
77728
15153
56516
17044
50633
10096
92926
80950
50474
39126
10049
82221
40384
41698
19818
58181
96144
74451
37408
76542
96873
55889
39464
50248
17144
57681
58110
85929
97626
60743
37663
59615
84522
89079
24078
30681
93772
80849
74963
64523
44139
64439
21872
26026
38099
80463
60831
29973
63022
91531
85494
73566
28580
53739
6553
21839
75688
6267
99900
92951
51985
6996
83324
89731
1463
50434
97698
51305
17620
89136
64408
15294
99488
72885
32403
32434
34016
13438
12149
36680
96849
28137
22907
6095
75249
64096
31034
30783
82525
2239
54992
87505
80949
82011
12537
37142
81115
32140
24562
87665
82764
9526
12353
73885
27122
70199
74078
55695
21335
74119
87822
62250
94118
63219
96102
23848
84089
77228
14481
37367
19399
66915
68779
15380
34143
76902
34344
17476
60347
95261
51318
1876
88875
24483
53916
87322
15784
49021
78972
5049
90018
75338
9447
8406
14417
92742
93387
17730
85908
88689
53052
3886
17659
87195
68265
15849
40746
96972
39741
50219
35855
56601
95348
26074
22800
85946
73374
69634
9303
8779
8064
35067
98256
9432
47349
44061
57467
60373
963
41401
83515
16614
31568
71657
42208
47431
84217
1680
56217
38066
46576
18811
9279
28752
69194
33416
79990
83372
85605
28471
19368
23752
8426
77128
80625
17984
5630
8226
39845
24204
58381
80372
96008
98340
66704
19240
25033
