43504
22310
28684
51006
25250
56840
71225
9561
64910
44494
10269
77169
18710
54744
47668
79367
35230
27351
90714
58652
64933
33759
46916
67143
37219
40376
9592
46197
98813
18189
34829
38734
86776
23328
81941
50115
12474
59389
80474
63457
62732
49761
18876
44303
83064
83441
69615
46321
94575
78351
93047
48584
71586
78466
57789
9745
75393
61540
13786
84873
47248
25028
10748
46721
9664
71535
90393
95381
72802
97553
66893
75840
46877
27256
95919
15171
14883
2613
84079
53778
70761
63270
51621
20462
25142
86245
67147
8310
65539
72196
74721
50933
45603
95600
16209
37704
39013
72154
34638
11529
93048
74233
73518
97022
11457
17206
1707
44329
82546
42618
94861
72780
77461
60008
14111
83977
73406
90285
21579
23419
4387
82083
29842
606
22831
15959
30237
51276
11047
58215
76157
42728
67974
72550
60729
96527
89752
54598
9004
7936
84537
22818
25763
22921
77334
1940
73472
85595
81488
32231
64297
48727
50575
11219
7142
10965
44391
72912
74190
95498
86968
50430
33281
24331
66460
52133
4806
4911
99278
17584
94225
18807
81281
13642
38881
81568
56320
6920
23271
20890
42487
44642
69787
78815
93917
27429
92152
56754
65407
49764
52135
16839
80407
13506
20967
34106
89536
1431
56460
25201
97134
68560
86316
63904
38006
45489
67446
36933
72337
25573
54644
37471
49640
53300
53010
42326
80642
54465
30414
39030
59980
48051
39503
49513
65448
77385
38399
67775
92675
4774
92032
54888
50459
98070
23756
73926
58325
5883
40809
48427
59983
55219
84417
39834
95119
14664
67199
27107
60495
78640
53464
35070
71016
17430
65220
49082
29057
36802
98455
60620
7089
99670
44257
67562
33541
99756
87011
51570
29544
79083
84000
74758
13656
81986
79046
4761
63634
99669
54394
50784
10186
11292
7279
14034
51310
56961
83871
33029
32849
74673
44869
21523
7428
80189
41337
60313
10962
16854
6293
95363
27652
15628
97563
81412
94639
78705
21414
89030
38383
60459
85448
29388
82408
47670
50433
95797
92390
30222
16251
76579
15884
53981
18720
54870
34214
62477
67330
33466
40648
18733
93799
46779
93376
59030
23131
94558
13728
25867
19395
72605
35547
94841
94646
72390
89224
15481
39114
59758
29755
45540
67922
80739
603
29713
79479
73671
96908
42692
47197
32162
11374
87947
48381
19649
66660
38669
36011
23377
24538
55875
82069
66523
10827
43645
41031
21042
59335
46329
65646
18732
23362
7571
3710
95108
50811
13059
46175
63662
79551
49460
97650
71035
78669
87233
61231
47599
46459
74996
5730
50554
79469
15737
35219
73880
63470
1399
69912
56957
88682
58436
14336
50578
77046
28465
8799
3802
84236
53272
68838
53600
92493
72349
43826
75078
58225
11033
87853
23594
82414
93431
74583
84338
40599
15091
39263
7625
72352
29830
31637
49412
43147
89217
74979
21115
35124
47071
93988
50204
78433
57428
63362
93186
6158
52130
58061
7119
71910
60141
15655
52437
13545
46317
74543
95250
83853
29997
9979
61955
89202
1173
31450
54406
21635
19426
10453
3275
97369
22710
39954
11153
17044
37649
45160
24986
30068
81396
78179
88469
57030
32143
35715
12210
14174
79200
35866
96829
14674
79729
37262
5126
37092
32033
61001
77260
25977
8955
71551
86732
41676
54785
9749
49199
20187
4501
35392
75895
1157
49557
65181
2457
51818
21509
4924
57059
65458
19239
40232
42434
83559
13623
88601
17640
85448
34827
74060
85011
76647
67900
99009
21112
9844
91447
46792
2245
22393
86515
92023
9673
43808
59971
95672
65117
14547
34805
53308
15582
27109
3942
11801
6737
68723
29116
3172
28053
66183
92109
63751
85359
30440
50380
99248
33256
50547
44068
92612
60370
74717
2679
34665
78943
27216
30559
98626
23588
17951
23483
3092
50643
81519
58478
57902
72704
56099
92271
52389
80727
88275
18739
36061
30283
22763
6663
79232
93427
60722
62415
14569
70479
42192
92938
40865
24429
69277
32858
79520
38164
30490
79584
10101
42699
89017
13108
3839
71962
92478
26543
77157
58276
91679
11885
72094
55978
66617
4382
56179
20552
51326
5198
62865
55536
8914
32612
8450
88581
17612
33472
3427
23240
12750
14224
50236
8690
8638
93362
41266
9655
2824
7269
949
34179
85257
56293
78799
30307
20843
84887
57812
64894
76678
58968
86838
25292
16718
54564
33785
56404
4657
15257
54349
59006
23115
53916
45525
77455
61648
63404
47340
73255
63115
46523
17728
44057
4249
28686
70278
52621
53813
78142
67738
32725
75659
38532
46561
53782
27386
24944
91971
54073
59577
84861
4998
87566
52919
41942
11063
31340
10767
1344
68659
57439
37546
84557
1779
30155
41239
42781
21043
88032
84286
81163
2591
26514
47519
21624
83346
84583
7355
91742
50068
36704
71432
93267
13678
78254
41525
30161
91137
62306
17623
38937
41853
52468
9483
10299
95178
91102
36753
16406
12542
84605
3901
3939
69786
78413
82270
78483
40047
31295
58596
26479
23985
19024
51275
31955
86006
44279
70878
23524
88630
11077
51643
58736
70409
45348
39310
50122
17031
37219
26445
92243
47829
90948
79200
65463
32803
67492
23480
35265
95983
63041
90114
59842
3710
91143
14952
22828
1192
77528
24292
50898
20223
13228
27775
1464
32961
45164
33530
24438
39102
32147
61452
2827
4849
66352
78650
33036
39824
85811
99152
18514
20799
35613
27541
25588
20963
91801
55025
79266
30396
16481
48930
39502
12927
75546
72019
34601
63173
77735
32502
87638
33962
99041
96162
63836
1589
87287
54992
37358
12493
81915
83003
15380
78376
5778
30099
84610
85687
2187
80501
41159
90139
54263
94042
22621
83217
21949
89900
29303
94332
44049
69863
62089
53309
11513
84551
21758
39451
63705
23999
33675
36809
17667
66772
48480
33477
33549
61126
7148
45447
87409
48913
60986
97233
91342
97499
79698
4998
73540
80618
79639
97386
25688
43025
68444
12052
20914
62071
66862
21226
8340
45158
21981
78187
46825
4350
72471
87491
45562
89143
49667
60822
82751
83856
6923
95135
8877
64855
61967
14014
4852
16759
65910
83086
44359
36289
11120
74641
98328
36427
12563
71478
94263
85921
37106
42251
26931
82798
50408
86991
25027
92207
59436
84397
30951
18817
14634
41832
36102
73308
3174
56059
103
52847
16374
91581
79247
38895
33828
10536
93230
97829
89162
9134
76580
78189
66558
96830
46749
64671
68203
26078
14447
74975
88987
12645
57322
81513
52135
25542
21654
69287
38539
25020
33252
56503
71374
41416
69547
45524
63003
88036
48970
39871
93761
27197
3045
50302
7817
52761
52258
17804
95083
71430
5105
77096
41612
25128
63860
3728
34258
97734
86760
8285
88882
23942
59290
64141
75881
20076
6814
25142
27282
1224
1668
80167
77108
74575
81214
61789
9599
7020
73696
99373
73284
3849
74204
67108
19914
56156
14891
46246
77555
65818
11265
65269
1276
40684
50989
69818
67906
38903
74420
87740
45946
27115
90521
93858
69762
24938
99987
67036
43913
2070
94129
27238
24037
87386
35001
85032
49738
92181
44227
19724
5184
60568
47587
61464
89959
36398
78890
36423
23586
11395
93883
70696
32599
85955
53426
46168
13327
80346
97346
94976
56168
47854
2332
75484
71689
84027
41231
13889
5683
65956
20080
75725
94676
54696
82555
85378
79528
29057
3899
33363
46047
63564
43450
32518
8187
23432
94639
38081
33959
88832
71705
69392
94834
49250
63555
57330
58235
72102
89774
5931
95167
65000
30739
57629
91315
18157
76019
77902
3400
68048
66640
84270
76446
63983
48929
92604
4403
69814
67296
48256
89387
3149
79930
16850
94251
50687
80890
45426
91140
25225
27142
7425
39282
97967
38196
81046
32824
85821
41203
90030
47413
16736
34681
65911
22192
87434
92945
30851
321
70951
52926
88421
4806
41518
16544
92017
85070
13888
63378
40627
37267
30593
86762
78174
40905
59215
44988
78479
25786
67882
59779
18582
28611
77266
843
72651
68468
14019
94658
6816
57742
50038
45104
20189
72299
38721
2619
97763
81423
46179
95976
18935
22442
575
52762
16819
29974
56506
25005
62976
42445
14466
5064
32438
11171
34343
59810
27539
40675
43892
23548
71051
19230
56561
82884
87228
85488
66572
5875
2184
56596
47224
97056
79607
71906
40843
96139
28035
24503
84023
42677
11961
89013
31681
64371
43276
44974
12666
9017
37955
78910
75079
57088
37530
22630
24924
99705
65881
17691
65534
31330
63401
50631
22821
6380
95221
17409
25456
60531
70327
38203
31775
3035
56651
1215
11587
82037
87548
92190
39608
42254
72822
57554
67919
23273
81516
90135
59526
56977
46981
41138
30258
10343
58969
52693
79275
61330
66192
25301
69149
25866
19517
52135
38690
99752
47135
72044
437
36314
11043
42887
12157
73691
78082
23280
58508
5846
82711
99548
24864
5085
57883
68479
13549
29189
7945
21431
44065
3957
21940
50256
15845
62247
23040
13741
22736
20686
18864
68167
76137
9471
89698
23211
45934
4094
28981
56566
32261
35689
94184
73429
78619
66644
436
64064
67982
51038
38585
9500
91806
25703
27978
96479
14374
60786
27042
49909
50650
64340
543
37821
86981
14544
23410
15392
15387
34672
22544
9454
208
51378
89170
8376
9772
48510
71637
49200
61810
58976
45759
71698
82101
9364
76360
50434
81493
93218
8836
85148
77052
79071
5916
67920
35146
56363
86447
64075
43234
85044
48676
33310
28493
29130
9292
40428
36533
19602
86706
65863
89149
77841
88099
91674
18581
28844
55720
77617
38183
72976
33899
22169
25835
37396
32402
21137
45462
21249
73229
53409
62063
7562
5966
76766
10300
12448
43204
52970
72
35932
13900
61890
6511
42973
95998
99211
90971
14242
49338
6301
643
8829
25891
70258
51144
26507
7475
91097
96728
88154
94965
15283
46372
33297
3799
81587
71874
11332
81374
6133
85640
2749
77545
2250
59075
72008
15658
82862
41397
33190
30165
31220
71911
66928
52766
53233
81670
35708
25621
83792
4973
52106
56242
11917
40967
98616
15518
73213
39173
14411
27337
79639
32867
43205
20660
97893
31284
23641
11182
79135
10849
24612
49699
63537
57989
63744
43372
79444
80531
50566
99916
36165
85710
97581
1159
33533
46506
65627
61283
60458
56490
42444
43689
26985
5853
50526
98352
28705
46267
54872
21949
58028
24526
46485
72943
80360
2406
92705
53928
77222
55243
36074
92682
88607
14495
91171
93928
35286
42045
87127
51387
65657
62357
50723
22645
68404
80923
22714
57683
7463
65392
14667
33176
25658
28617
41887
11639
39224
24637
20799
31126
53801
11699
84061
5214
20416
49761
55082
12490
14682
56597
63065
86659
59140
3485
56291
95671
73802
23840
4538
99437
79692
35021
46465
11829
40576
2897
67023
59989
72607
79532
54703
10649
21246
56000
97585
53957
78296
45508
2229
18643
25841
10223
43001
50865
2326
28007
74035
22173
72325
46216
37836
15384
20098
21362
51433
18779
65234
72231
64638
17518
82737
95092
39883
35149
1894
52416
65413
3140
5899
2334
17374
28294
21611
85895
73595
69469
92020
95599
9503
12569
28862
44850
87664
26390
41695
39319
90550
99883
4566
78805
88723
6065
80870
84710
35905
30749
70339
7851
48971
49910
62593
70894
16274
69991
28842
9542
93772
34203
47766
81964
26759
69634
62728
52068
88656
37887
7427
13493
93453
62574
61866
65530
98574
27093
13610
11309
47423
36900
49989
42846
99130
84169
46628
59593
49975
57967
28576
17673
97548
32153
45546
56346
52117
22602
52046
19088
43337
28801
96054
98018
23321
56846
14397
86396
88043
97063
72320
89180
56380
17533
62118
56871
84214
4919
82833
42589
23006
3135
2092
30688
9311
89754
15944
61300
17028
5519
13413
75971
75047
94522
67972
18621
40846
51971
19525
42283
69771
60232
71549
52912
85646
39396
61293
80015
70034
88674
72132
47197
39768
9456
96082
40201
26708
65365
88706
33567
40901
53097
69368
82523
83650
96349
14132
61857
49561
43497
16025
32243
85394
40550
72818
62773
31585
49180
45042
69915
28461
35929
91265
28353
33387
66215
36203
65590
98439
27770
91913
75480
63264
85958
1381
16674
90864
89025
69262
89297
25263
99435
30454
26537
72649
39888
61802
99218
36638
33308
8616
77528
20323
18791
5106
4972
61831
41014
49135
17434
60145
48542
63418
21790
51583
40545
68979
99436
39168
56143
71909
42559
79918
55744
44652
29025
5475
64728
55704
93498
4413
36984
28952
65131
19153
14385
55156
44472
80852
96409
54843
49849
39889
51827
29151
76720
36017
8663
74953
32103
70909
62366
60050
80494
61399
66056
97609
64578
74139
76080
99496
97102
85309
55636
13021
23161
19590
98286
2636
37198
85388
24506
18584
42758
1300
22059
2670
28090
26593
67931
93008
96812
89774
23600
22589
42046
76934
48457
3732
53097
16775
90577
70333
4771
96913
57740
64540
84252
38806
5990
57130
37730
6026
37755
46715
46403
43782
17291
79194
39339
63386
69518
37985
6207
83071
2684
7327
61709
33047
70974
46226
71132
94554
49539
20423
94810
54173
13812
45845
43559
57519
18417
89284
20603
10800
55278
90785
52019
76885
76185
98264
59643
69263
64392
89711
47256
52592
64125
21700
94228
50412
2831
51205
67831
59763
85998
43175
56487
17331
51904
92229
29969
71446
35634
81820
44968
80234
17382
95407
27793
11898
55308
84823
56861
72709
86583
1868
30162
59827
73166
42218
90048
92111
51617
93147
54688
67212
21452
60839
24802
12102
34298
34687
24981
83956
68295
88196
33629
82571
44742
67021
35210
68718
93907
82329
95104
18007
94343
95122
73180
84129
13013
96659
44164
9685
2181
37857
19829
42487
27132
77756
58781
56542
70604
15690
77600
20620
59842
72905
4414
98386
68238
47590
15084
6145
7008
21330
98204
69287
98042
36680
72869
26330
87659
40672
99089
37638
90522
15295
81774
30437
68367
91142
55439
66986
8240
78667
98113
78216
4729
74483
58165
21437
90707
74793
15890
65422
81575
38019
2677
80851
39652
50541
44444
90451
4887
32451
68883
29932
16601
39961
30097
44546
91131
73977
30018
77096
92150
48098
97904
28340
23216
19988
64558
23559
78515
51431
35622
12865
24781
33666
56063
52502
12617
923
90784
17826
46698
64988
62099
75789
9784
68180
61615
64767
44385
13618
30306
16730
44775
38794
73271
33476
40115
74336
57634
19664
85983
20885
11936
53455
96828
56018
5150
82934
83898
77595
31929
90208
83192
12192
30398
27162
85998
22115
18556
55036
58372
99791
79173
64896
21125
18892
68089
85987
60395
22586
12387
38281
43288
71119
31842
25813
53051
8643
78960
53765
63029
78681
80868
66790
81689
40098
33537
32582
8396
46108
47478
17999
55779
2598
61291
86191
41711
47039
32330
77936
87928
19163
22538
61311
65207
93647
46919
12073
80349
4585
74111
77355
43155
64791
92006
79691
18922
12382
83207
81027
85354
35507
77591
14286
75108
94388
82501
40690
9828
45650
84101
6012
76313
1024
65837
43865
56142
19557
1583
88041
93178
21464
52232
3810
71997
70122
74844
90988
10591
81600
67269
29328
63831
51302
92581
52421
41572
8252
86202
70819
11145
6228
2244
34698
20484
68098
1041
42130
98953
48140
23548
99364
10799
95166
87848
63889
83274
73780
42288
4985
19543
91513
30098
28227
78381
54772
42181
25011
8442
13415
2293
47890
33354
30763
76895
86949
19219
17533
83326
3899
69081
32713
92034
62451
58051
67904
18529
68665
63453
28691
69147
67792
65963
81216
51275
19632
76130
74016
56317
65711
25917
76030
33688
85538
45847
75658
66010
80036
18270
899
44670
65740
90453
38389
35904
86830
99478
67646
70176
10476
36243
73515
61557
79750
44268
34500
81926
52137
79488
57263
10819
45202
61216
17614
77981
93051
99025
6496
16604
82392
1894
38493
50394
62554
84021
3406
77338
27574
45312
64445
20153
8483
3840
45840
29468
52401
14473
53937
41269
11346
93732
13872
547
61007
90080
99467
4523
72838
60407
42852
87805
92982
51042
87784
8582
97750
23120
99002
95729
40861
57161
54352
6825
15043
37109
2335
41362
15375
88146
25579
78578
45088
65226
5257
88660
88022
37945
89387
72474
84554
98883
4499
67166
2459
76639
27171
57440
16055
37258
31718
29281
15470
58207
407
54184
39380
7047
85504
23898
87744
58104
89148
84692
34828
64274
42716
27755
45785
99124
20559
59804
33733
26528
11174
41978
52662
87186
4365
38403
9937
44894
25306
78117
56428
96298
63107
86880
64818
51072
49279
80975
52441
65489
84730
26449
9734
19807
32338
38185
33922
99415
11655
16931
16698
71913
95547
88941
47033
58429
1522
52194
2682
47101
13960
42849
32797
11030
28263
38529
1166
55836
62936
94712
49844
39584
7363
68244
41798
84724
32243
32855
54847
66179
4480
10522
33239
8374
61418
84515
751
74165
39846
6389
49550
97085
78292
5339
51528
41880
93652
98704
91543
93808
37018
78086
36478
16943
67087
77113
64549
27303
47143
62308
26185
68667
97346
36502
42620
3437
9610
24422
49612
43748
37778
27000
15989
56546
45161
52758
61291
2023
16715
99917
91072
33539
41311
61039
29161
26394
74043
16295
41287
84304
19966
73447
27022
77538
80204
80882
99739
41790
62719
48090
32270
69229
49091
47795
56030
10018
62096
79931
71781
14328
15822
62525
10588
47226
71235
92645
27356
36307
7341
16226
29394
93314
83135
65308
23782
64330
99978
38451
76342
64278
53019
19501
39304
68624
67647
21843
84448
93516
5008
19142
64297
94111
44514
26958
68482
57440
62859
79796
6303
87559
53526
63432
34449
46492
18696
38956
86093
83783
24013
91699
10039
23645
3589
7502
61309
96320
23220
41963
79578
49391
8197
33839
31298
88198
51928
35282
48800
56176
96825
66341
1471
20182
32147
88783
10752
89586
85052
92812
49927
28690
35749
665
69502
13309
9103
40652
90522
37011
65649
72161
34220
20895
217
56911
79361
19687
32134
46250
94564
83414
90156
29917
86957
57671
90228
89857
91497
14806
96750
71722
11268
30408
92036
50888
13642
7532
64336
17989
79095
11275
44760
11788
90527
24664
32121
80575
19965
75236
9421
91064
57452
38801
98247
66513
38534
5832
13707
11830
23080
19245
49155
75715
40260
93926
60892
3811
28859
49329
43269
71829
55350
14144
67155
83288
38653
78367
39389
62293
25550
9652
69892
16261
5385
5685
14270
72467
32160
25522
12353
7810
93824
52505
94908
59849
62120
69045
71527
96601
63771
28309
51716
70635
31967
37591
35714
43308
71645
14959
27860
60166
66442
51414
86280
13428
49353
32893
70329
34575
79656
88425
71650
3336
36975
35458
78004
2844
19236
7306
21168
69608
6840
42788
98522
97240
57935
99256
84294
67793
69970
70962
821
17201
97662
52186
41367
42410
66225
81480
10495
29226
98715
36952
16944
75345
56659
48379
33660
96508
59586
32870
24071
64339
93791
58251
53326
23653
52892
89039
55492
50096
48599
2536
64604
8694
87604
54449
5674
84788
94090
35594
36618
37756
96810
91941
70892
69888
25843
23176
40581
9556
65596
87786
8207
37100
46890
36482
23410
39410
98860
17714
89518
77186
25987
60398
80626
96179
72347
8250
87741
2210
42705
48871
2417
23992
96252
86315
67528
1849
87358
83438
97809
29715
48458
45936
84500
60813
94329
27504
61803
51121
31039
66263
85927
76376
46076
59432
11768
36411
11314
74713
97540
17592
35435
38371
66850
16724
85369
84215
40847
60574
68953
21560
52051
15422
19904
59803
28727
80051
75897
19813
1850
44843
46446
36619
71171
76442
62944
26040
77915
36819
74547
31117
90535
12645
85897
80216
94280
10086
79085
67776
75444
10114
86656
1229
82168
9478
14212
70505
56472
86273
30704
31716
60513
91500
72863
52696
71146
98815
67200
90408
53780
59328
6299
4027
86026
37835
31025
39406
29524
39687
65522
18641
965
8120
44369
91736
58187
45217
54451
61692
62229
92438
69568
91642
6115
42831
70603
99034
39781
33201
9070
95464
42886
88677
13996
16115
3814
82628
15202
44332
78453
74805
40980
16784
20750
12063
30750
52392
47131
81127
94509
25928
44364
5508
28178
61341
89759
14656
97912
43195
67232
31991
99625
96323
30616
70058
75754
12288
94124
28253
87921
75558
30014
10118
83238
87424
51457
52784
70892
94052
12080
18210
51902
58653
38692
83141
51100
37378
60499
52655
26355
89158
84715
72006
77100
46462
75180
44657
86167
50691
36308
18462
58268
18877
93206
18950
95913
34246
22269
40754
9883
36975
43763
3860
31115
49021
80088
40971
57631
47474
18958
38376
51789
41468
1897
98762
90842
58008
33017
36776
12243
6800
66616
20200
57744
93617
59942
33024
65446
19741
87228
16853
15108
19744
42772
89380
45394
80855
40890
28079
66373
34209
87026
38692
31733
97931
66673
16800
16980
94444
28107
37905
1228
85492
28510
3083
70359
23563
46116
37497
89078
47063
75524
37889
60246
2104
23267
32044
98696
12517
53367
9987
17117
4938
70402
78034
19773
27923
88467
59812
26944
43142
16044
71002
91633
49322
15625
29616
91234
39688
19020
21831
34739
3392
39000
19310
58684
49137
78446
29629
74664
34628
18103
4462
41076
18120
20787
96289
15090
50475
83309
42435
35096
86303
10553
45936
31018
4521
46255
10923
86478
93651
40810
59007
93496
31535
75247
13725
65938
51092
19350
70636
49477
58837
85148
92316
25038
11582
29926
73513
28535
19336
14525
40758
56378
76585
86735
48435
92839
93063
88291
54162
2881
67522
43150
81012
93818
59096
10965
9541
42873
7062
30351
63998
31125
12673
92958
76258
1155
18237
20898
19436
74595
72742
82388
67141
79126
51
2628
16911
44799
26811
20885
72874
62800
65187
67754
81954
15686
4135
98497
65942
616
20384
30639
21473
88985
50526
9633
43704
83626
10477
47279
74602
72165
68855
79566
30138
85134
76008
1886
93767
56467
94054
64741
16061
86177
57476
1198
65937
44918
11003
60571
97020
19739
54956
18820
54210
42102
60915
78156
28599
90418
58923
33284
34322
79531
46283
709
93945
85620
37615
96820
39678
2248
4730
9475
6561
55643
14578
35296
31509
49328
43695
98785
72623
49906
50259
54862
17209
50034
25356
88035
24219
97852
73287
3349
97543
60770
30418
36529
39893
56766
7252
80317
7303
14182
20893
94771
15009
45480
12258
98566
27524
25619
46647
79270
46722
60137
60660
84416
29272
91420
83500
43910
60264
49579
72601
41825
28961
1381
11931
45791
25225
78048
95402
74742
42076
63378
91482
58441
29012
55488
39853
71728
37776
26789
60511
98600
51204
94016
56626
37405
109
46002
7257
48473
73266
63341
20052
57723
41580
79067
65809
13628
33549
66466
73341
49475
30216
71905
37194
83344
68655
2219
55403
73783
51566
11772
6134
33475
89068
74001
90621
34944
44754
74526
45682
79222
70791
46928
1475
78734
43326
33759
16860
49945
89678
26225
38179
71309
53447
11035
68383
79299
56822
73281
68750
97889
90598
33473
96906
61494
57207
86576
68654
67579
88446
30864
68873
59022
20784
94118
78684
83288
70429
58460
40018
34895
85359
5458
84105
25341
73593
34824
80028
78032
5618
11321
78122
71472
5776
47793
88624
37317
50021
39981
21526
56749
65105
49280
61499
58813
57351
79156
50525
59328
32350
85094
8870
98362
33263
33855
12529
85140
49368
71564
87900
22383
6548
90621
61960
77124
52742
97400
53245
72990
5494
41367
33266
30447
36933
83268
69789
36078
43958
25291
67989
94436
84299
20699
45681
20523
2451
79759
38209
71921
35263
3483
87948
78456
52080
99143
50201
74483
87319
84374
6071
59951
25910
77534
53833
90983
51827
78422
61428
49994
64065
76450
41181
24077
3575
93464
38083
85848
44939
41437
74673
72982
59191
81324
37727
2011
53418
54809
78366
37790
33067
95306
48759
59584
19220
8038
68525
6764
66865
54698
68695
24028
18331
88214
7856
58812
62301
63871
74881
58616
61059
64352
29543
45882
9701
33088
760
44586
39807
51822
37564
97018
55
23638
16926
68758
27691
81597
4857
95536
24938
31319
18982
90241
72741
50644
54651
70976
73467
78914
39710
89546
79927
19750
76730
68715
65762
2876
49883
86131
7277
23939
66956
15043
17133
71677
23973
94692
71287
39097
31121
80704
59014
79345
33677
29739
45369
39302
73141
59057
78437
29783
71118
60893
12112
48018
17090
80305
46908
48211
2995
24814
31714
18725
88258
999
64363
3939
73107
1063
26670
59959
99688
34370
47793
59006
30532
582
86073
46990
23345
26460
29735
90826
7694
77493
52820
6063
2931
69115
54586
43668
47783
23076
36102
6306
48990
40289
91086
32678
65376
41430
66194
72077
32386
18477
30095
36748
13100
53105
17486
16508
94231
99917
24865
76534
95079
40887
11031
10765
48178
58300
1007
3991
46477
83002
12175
76611
98267
41486
10016
90242
9496
53394
81614
81914
60265
57658
58439
89216
47398
16072
92962
49825
51629
38078
49436
47866
98211
59567
11226
8102
29257
80321
84499
7076
40423
62202
25600
49383
6302
53483
38480
71613
43089
27243
7011
40837
18302
42950
16269
37421
82447
21815
63366
32105
65337
51181
52362
8398
33566
64308
78400
38700
30259
1913
60985
29175
68894
74538
41491
98063
32057
9056
82913
93914
77592
21349
6735
24386
31066
8599
29563
55260
43298
73805
25654
7442
16954
52394
41739
89241
9840
17202
15817
41993
75083
99779
41353
41175
66257
77836
71942
43764
1459
18205
5363
73391
38901
69452
54513
43987
44445
27975
77331
24966
34745
23140
95402
56454
76259
53543
12220
16500
32799
52249
88222
14855
93238
40920
18831
77812
79995
65560
58129
53230
36657
85798
53801
25092
68441
52262
68540
47502
97880
97751
44795
81865
39870
90851
7248
51942
4377
84899
64916
12714
65616
55441
10965
49209
29983
90507
80153
97981
50620
76700
63992
78885
69846
24100
88309
48946
69339
70310
88012
23997
85002
64718
18619
35048
7454
6357
74984
2387
33671
66888
73435
95095
643
45414
87614
81215
74833
4591
95108
77934
72108
70559
96881
21180
33758
65910
12018
15769
2541
58302
82603
34066
96887
40919
27711
897
36822
75917
41755
23626
15523
77766
64309
83732
3265
68897
78241
24431
36486
7094
74113
64747
75201
10078
51888
14443
67836
97439
1289
41544
94338
59214
99845
75369
84284
39368
98208
59724
17703
86716
44393
98915
62836
71482
62410
94342
6249
13149
17914
64861
87668
87586
79283
95447
84188
17856
58865
86809
89031
13268
33061
39382
74627
211
29287
56308
77920
88939
99447
63896
70688
18517
6728
49770
62701
75197
1910
3718
47667
57545
8193
54686
79524
36428
53875
6751
79931
4398
91180
66427
80502
11398
70693
4435
53654
5010
24288
62625
42195
6102
16421
17309
13702
54017
94172
69151
80858
29512
32745
8991
15945
55146
39142
31485
5074
78375
59858
38199
46335
22535
76376
73522
97759
33019
83394
59290
47823
2293
96116
57690
50909
39285
61523
41564
41123
90883
40984
25506
42255
84724
25893
50419
71652
82189
50481
25355
72256
39207
99360
75279
45152
86088
16289
19659
29726
42899
19550
80682
70623
34882
21327
78564
33396
75055
58082
76660
93623
97577
90361
14190
37391
34351
95943
61610
96641
25956
1869
15569
82537
58038
87033
8615
2932
20836
12538
64820
22995
41863
11838
98224
71332
60301
54883
7373
63397
47328
17022
96597
24106
73821
31732
74679
48846
85169
37888
10800
90145
54678
23017
3769
41030
3980
98145
12585
47848
12711
75631
12559
62516
93262
53664
51759
85739
92137
42857
77089
79468
88569
98213
49312
8934
5272
91463
8716
26305
12354
59769
17763
82948
1737
74674
68317
18845
8069
57194
67351
62156
42297
59524
50685
71697
4463
34080
30843
20157
79973
88940
56708
42311
60798
31332
1575
56464
73704
94835
35757
12517
89428
86279
35494
52942
57868
29611
60779
18587
85347
32913
77669
34943
75506
14933
37170
29044
47528
77615
4470
71191
60619
88559
46332
23413
3061
75451
22149
70405
73099
11852
45141
13233
21436
54834
72727
56017
24030
97742
13828
74851
73301
12256
34809
47059
11270
21764
66805
45865
94161
72530
8936
96089
90364
64566
51897
869
39947
12080
49881
82417
7462
90373
45488
73494
87772
64436
13507
20671
42205
81153
5014
49785
63786
29619
97890
48363
53749
99273
12143
81296
8645
76284
76244
568
2916
49051
22869
56869
2936
71857
16070
11949
47861
31411
67389
82927
66767
61314
59286
46834
8257
46134
3659
13008
67516
59150
32302
60744
66675
3534
47120
40674
99937
68585
73772
31178
14129
44920
70578
38720
41566
56637
17734
70348
65082
93065
1924
32375
62230
14962
81595
92434
39986
65308
73039
62511
72624
63236
33051
43766
16749
62125
90194
99402
24737
75396
12011
79276
57639
36211
68798
21847
90736
20565
5267
51619
28399
33311
47925
74451
57225
99926
98514
51712
21938
54685
687
34628
95546
11260
58553
50893
11868
26812
21971
79441
66443
18332
45610
89686
81053
22648
74736
26019
46164
59747
1698
19420
60040
21419
34112
39313
15310
58600
86540
16822
63610
38481
77463
70051
74708
77383
83730
46378
77657
17905
9979
63923
98594
25826
85175
10066
87700
58238
93397
34577
25189
72494
5547
62191
52987
81267
74587
74126
77148
19239
35582
53267
40272
5149
15830
27962
40868
75558
14977
3670
38918
28358
48361
28259
49768
37774
20826
34214
36243
24045
51612
57071
65202
51963
91632
91116
32933
15272
17064
93441
2795
9603
69229
58418
82322
56711
23651
93445
9996
57213
69198
12141
43261
89727
95658
96831
24133
77288
12422
15212
60441
40373
37882
53103
67626
78510
88064
88308
13516
24714
95028
25596
58494
21536
874
29314
59129
89943
45936
93057
14123
27381
24218
79030
54847
39470
13810
75475
56304
94801
66983
55645
2849
1851
33000
62422
71721
16126
90791
3812
68646
35342
79928
85282
62184
43601
53647
21725
88853
66344
37702
34189
31351
19365
1088
33060
16154
58851
98256
28155
64699
12589
32004
18714
57730
39383
22746
56642
88536
38451
57593
43003
99152
42124
24410
78781
47452
38936
16846
11245
85823
92085
86621
89960
57099
32793
24294
83484
763
99940
46267
12869
17869
62635
39113
56056
3338
61214
27551
22800
20855
97004
33189
50401
8751
94699
35037
89226
94954
22307
85607
77218
42005
87010
42332
72613
25968
42043
61615
24936
15089
39262
55879
88595
92184
44723
25133
36516
3011
68354
75442
86237
11384
94045
90389
88818
58896
36219
81208
62400
97756
35067
88529
78455
14332
69048
70863
30858
20302
66499
30088
61294
99598
2614
7711
81593
41125
44593
58217
64027
69565
98520
86215
26600
46865
99370
65834
47960
96621
53513
13717
89748
60834
99215
27180
80022
50732
77423
74263
23135
73859
94274
16213
36511
38265
14147
86639
8770
86334
8796
47692
14303
78002
17181
92834
99236
48851
61928
31590
14962
3214
22903
34237
66788
52782
40340
459
383
75433
27688
30860
63701
70329
35082
90167
75291
82306
49704
88335
32717
12730
57063
61625
87824
5821
99413
11745
43653
6381
27944
31171
88803
45833
59301
19920
50956
60036
49424
83729
97925
13687
86255
33336
58645
77935
83991
43973
42919
27013
17542
16929
99146
73593
98872
2231
46150
61278
46413
60967
53368
28594
56806
94002
47489
96517
42056
17867
11028
15161
39211
15255
32881
65974
90410
19029
26475
23727
2979
9888
21829
55440
68825
16640
88838
11014
32024
15210
46960
57069
73770
89678
13622
88457
30361
69330
56881
92253
85846
62128
35878
66123
32944
27758
87801
2286
84048
33172
83183
79843
75756
22423
58298
36524
39137
97927
59768
40166
5163
36474
64493
26846
70907
53959
41390
49533
1632
44424
35613
21079
62147
34221
37880
40851
74010
55706
22496
41067
28838
86551
26966
98851
32027
67117
81313
51347
31379
77098
49319
32433
9561
16715
87089
49372
97635
9032
95216
78985
86367
38267
653
39623
97559
62103
17695
41534
84542
17446
62514
83431
75431
18701
11327
18611
9508
65641
94818
3789
72645
90043
18154
24534
95105
3179
11518
45432
47132
88508
43216
64978
60490
43511
54699
90570
85898
87342
1292
69924
49422
39779
66805
13932
14584
65888
57002
90860
5387
68477
39863
31993
14213
91426
6339
96324
20113
76119
44518
94380
50585
72262
94401
96033
74230
97536
22940
31920
64001
20756
32713
22165
64348
24894
54367
32866
23238
4221
9950
29217
46176
20657
40044
78654
48644
11222
50764
69064
37172
58375
70456
9778
42823
6912
19338
77159
45377
70771
39702
17048
42947
25082
26858
84630
35764
17697
67645
89318
37059
73472
73086
15892
66169
15301
48203
29927
32217
15747
47388
63008
46771
53876
94748
5626
50300
22935
79341
57436
5555
77207
87489
52467
64518
92901
86269
21094
93799
55413
42890
30947
43577
61445
32005
63699
85289
54563
43609
27522
58709
89411
44941
29630
23382
76694
70276
89071
30333
21231
34330
12829
38356
10209
83763
59851
85983
20619
51374
73267
29032
27108
36128
76803
72856
16441
19430
85325
21871
31048
20337
95736
79325
51819
98727
16144
32266
57858
29084
87824
22624
97197
90760
72567
21083
30061
92591
33368
77682
72153
77716
64670
3189
70341
98490
31600
53283
68137
56773
6940
57263
84951
67200
99285
893
38594
33503
86536
11481
67618
27584
28124
91534
63549
50642
31834
36348
63560
55720
42795
23850
86062
7642
49717
53332
55667
92546
8984
53329
67127
62861
64128
1085
22143
30560
37673
29997
91475
71673
82488
96558
6054
21886
10063
44568
49592
73135
39639
19699
66655
95251
89722
12416
13978
83090
71200
77308
17483
45953
45226
46047
24519
33207
44354
4757
63456
27039
69390
32989
12969
1837
44872
91886
73231
46237
17796
64176
97578
5148
3739
82532
52906
89284
86673
71875
73138
51711
87106
39053
59360
60364
12514
45522
26447
36441
72038
72846
77531
5305
81112
22553
3744
6650
6729
64818
50379
97835
39185
67741
65293
7024
79729
12334
42213
62694
93141
35234
46534
72479
31619
11744
39932
30337
73628
52604
89322
99350
65439
36790
74198
44949
86644
92272
24035
81186
78787
46255
82555
21854
21495
75302
12526
19365
73759
52336
80634
179
3308
63753
43299
36804
26312
5052
73686
69368
82620
73407
33022
54124
75495
51028
32396
2394
93542
20344
20379
87457
88298
61026
83906
46885
52678
24680
50983
56316
99217
20566
56577
21292
71970
89143
96041
1685
93490
37393
18637
81592
18586
54667
98565
5379
13233
28430
46358
70466
42906
10131
25822
53415
31956
93177
11880
42282
79846
96414
84125
1631
54068
17369
70150
62054
16830
11729
82154
86352
54987
30710
8904
56148
1706
38786
68870
33631
62461
78527
33651
24248
78322
80516
13410
89085
94743
3161
89335
78793
77263
53759
21839
97075
53268
17006
27524
1216
84516
36511
88548
1504
46276
60005
15479
12195
1227
69674
51709
93170
24306
78249
79820
1318
62763
59877
23309
73551
3958
81065
67310
13669
22393
3361
9089
1227
8870
11828
2880
84700
11262
67654
49114
25949
89978
32146
77972
18316
65037
1215
87857
25069
51451
96165
54486
99013
73938
20520
34312
93390
93696
53973
97257
3451
69200
74879
79110
42914
50916
14252
3324
89399
66793
67009
81908
56652
29134
53871
11339
30616
81905
4993
8514
2743
93207
42241
62217
26228
48874
10075
27289
88350
77516
9489
91003
57288
70396
45663
56748
15099
53036
35057
67399
50784
97890
98458
58276
84442
14257
97834
69879
20067
9180
3695
11485
88703
45458
94514
10243
26959
12661
52881
94040
40841
86963
14974
11883
57303
76005
24619
86255
83470
97122
96240
77580
46848
37593
57729
4852
94749
83964
77775
11971
51040
40195
7221
79169
73821
98004
2300
11830
75881
35420
29789
2437
154
41016
26558
63821
82916
86575
972
8437
89638
11578
86409
22944
12940
26114
64637
51110
87729
89662
15493
42994
34886
40910
42999
645
79741
35805
38061
59299
73705
12788
10373
48050
67333
93802
77425
5831
11035
93907
21935
8174
82992
69337
22333
39461
53786
84276
66228
47706
33367
51190
24100
86219
19926
86794
67550
59243
98016
25912
84080
47111
48513
41673
34731
76849
1204
38359
55611
19137
48688
58805
40075
93821
67726
7319
60002
65548
18577
3537
46859
95464
69576
90355
25931
22515
88688
24154
28123
80539
26251
18182
7814
85122
9826
74824
59660
41318
34606
45484
38257
15427
28665
47090
99017
74561
11115
30278
18493
12606
26791
2002
40666
94478
79053
88615
77534
58157
15742
12216
88161
77050
10235
75071
92885
30506
50990
54952
83995
92901
47658
18684
30942
73093
65280
31431
66799
22485
91338
51369
11400
58409
5660
15516
53748
24249
77515
13335
6069
21210
97289
1503
25576
22389
57323
61206
5191
53593
54204
68510
23571
56162
46283
25591
64948
8106
71059
67572
29198
47621
21816
55048
66819
64372
816
29752
71390
94719
21323
68636
52991
37654
48883
62784
95611
46155
93108
8552
15770
4073
26239
13205
68281
22828
27798
55237
12125
80068
50568
45641
53190
9942
84137
58447
99394
42241
34684
61203
21573
27571
89816
10472
32269
85568
15519
85916
7279
83499
29979
18793
14998
62506
51802
25124
21381
8611
86767
43991
36573
45578
17626
91321
44150
75682
15446
43048
53517
90435
63390
53370
11471
31904
86979
88199
14256
15767
80935
82712
7308
41882
47958
28625
50088
31775
30643
90683
58140
59012
37065
90782
55473
90693
24630
75994
9944
98495
66321
56587
70122
72471
32398
16843
20109
76609
7321
83094
75527
63603
10868
5614
27675
4055
36682
94691
97620
89001
41232
12375
45038
24763
84908
94505
53370
72607
97897
20778
7274
10984
78255
15761
49445
24348
12590
34837
9483
31115
8515
73479
24453
47549
15155
94536
48144
31451
63107
51418
54010
29938
78374
20942
57262
53946
11548
45359
87562
37893
63473
47502
78711
86543
75819
64542
85348
95106
56169
3326
91464
1844
85208
66504
80486
67752
87922
97489
9607
90371
46360
21918
9499
46478
66767
77335
32609
57313
58498
95498
12799
67231
47274
71589
67642
61012
94768
37909
71729
50613
9188
53037
75282
59780
59953
52166
44730
11870
40455
89510
66024
14059
35752
97191
91532
41554
38003
32232
19776
98484
31933
28035
36608
60670
90527
24233
54569
13618
98862
19474
72984
50012
25760
58994
81183
93323
46636
49718
86525
14601
32605
20739
16857
68988
29474
98739
31479
50083
80056
26087
23008
62535
18133
73245
18679
81153
16429
14611
69253
35719
97596
31112
13007
20981
16525
16011
88299
76758
16008
98209
94917
88285
45707
5174
65878
11193
11177
67620
31195
91787
92754
4485
33561
72774
96465
10449
31879
52514
40314
29
76893
32024
80465
50805
17005
1493
7731
95875
52462
13463
10440
54720
34075
81847
31169
34723
16828
12958
7366
7486
69975
48808
83416
77465
42965
93110
97550
40233
24516
6076
84132
35784
36443
15978
21315
62893
7820
94901
88169
64385
3462
15301
15157
17732
81347
38033
70410
51714
41604
61741
93621
18920
45148
32828
30053
28084
48608
2999
7839
23894
3942
67498
71359
46386
29330
74655
18276
18097
60531
68276
26903
21926
24789
42980
4023
54674
33651
65683
96117
4931
22700
45836
98628
62774
12455
65211
90635
3615
85924
93230
14284
4820
87062
64274
60443
35963
43942
68770
88401
6692
19756
52312
91182
73327
34838
71694
94131
2168
28804
75379
94433
82924
6882
2908
1194
58105
68869
8584
33931
64118
84019
14661
32172
67300
53992
22082
34864
60514
82536
68059
10731
64880
77282
89425
85174
70387
54653
25300
27936
40760
71080
88467
74811
10544
98797
31359
97938
84153
63080
2338
67094
35357
34839
24282
22672
5095
20140
23882
19335
12755
36830
33616
19631
60744
64647
29553
5641
17456
17733
30807
3451
43568
80648
93171
93038
95552
39849
21628
68502
22632
24143
50710
97434
80198
965
75374
30040
53000
66753
80079
50247
30771
5965
15180
3929
37463
68835
14066
45896
69244
25717
80482
66420
32273
98886
23525
54708
41668
31244
27120
65245
98512
55379
96702
88611
86120
36182
39433
59778
89273
99512
52641
50703
37653
80559
72680
37603
65468
89241
55574
26716
25783
75731
99258
96914
43661
84290
65160
81311
77440
20666
88372
21756
39633
14833
51735
75391
9263
26568
17808
1280
29402
54288
56623
69732
73076
29778
28766
51713
26206
85921
89240
52426
75669
403
39462
22780
56121
99787
44950
1830
71022
58121
82337
68607
11139
30885
11070
22820
28824
97288
28340
38899
71432
54293
97314
71494
19107
29526
23838
13883
55523
13447
55105
91519
31425
35945
46086
39229
75371
28954
19269
9475
81618
15978
30258
71280
71950
88016
58592
42190
18708
5946
22888
28917
57581
50340
80994
21376
3089
67967
3673
26595
75949
31066
46306
57574
3016
90818
37181
75194
84799
71840
47448
99870
78019
18864
57281
55454
24034
26033
99544
31090
70933
81648
95174
49577
90559
26187
33937
81085
54951
24710
36140
7403
25280
92674
33526
50551
69672
72684
68264
81131
50835
83397
57391
46867
58497
23017
50898
38716
93058
25539
97341
77055
68423
72582
55661
94300
35892
96728
67015
76828
56881
56095
20242
60089
35700
40044
74589
85344
85338
6729
85781
51349
57769
18412
80255
87535
24256
48307
91079
67541
75289
95220
88026
29411
27368
59085
38980
52698
37013
39225
14659
72943
5669
91435
24250
94739
63155
97302
11167
18452
48427
65554
53378
86328
39758
45991
19286
50010
92327
68125
70043
87585
5649
99473
1539
61660
68069
90831
32720
76615
1063
21891
48331
46112
92070
12838
45680
66333
94162
85516
24380
26954
37139
72626
19113
9735
41841
1697
89653
81376
39799
88970
60370
68887
69181
27074
67294
6196
89896
62590
26670
72323
64581
34552
17388
26536
17222
7265
94258
26919
311
52952
55848
6811
43744
43089
50445
33022
80359
91804
19818
66371
1178
51344
36816
12093
61520
79443
76931
64996
45544
39484
76437
31571
58846
52057
62373
2587
55237
92577
92512
34575
7439
62733
81064
86846
33122
53559
25142
26092
76628
34271
25836
98092
42771
60298
71145
13236
97736
5295
65015
37778
30334
29261
81375
60827
76514
24276
47964
91687
80715
47858
77784
87782
99291
85242
58932
38444
70279
49969
78971
7961
54301
50838
88368
11272
13648
78345
88800
98547
80911
49137
4850
49942
27562
54733
4241
78177
81358
20237
10331
8845
5594
33454
45377
28769
56486
38054
98800
57528
1366
32701
42956
47766
26324
57053
83477
79495
40893
70102
47179
98169
35476
49417
10776
31577
43007
27842
60219
44557
81001
80754
57086
50042
39637
70125
2366
20847
5461
59598
54785
75593
79544
31271
97181
48210
6180
57084
23618
70508
71256
24745
37283
11255
73058
12161
73369
56177
22678
13799
85762
28644
77834
54242
76527
20611
75615
92914
8129
56198
54687
62630
74034
81295
15316
71585
18625
4204
52235
62565
25397
85923
4223
89710
73301
56256
43471
45830
76983
27475
96755
46188
98168
91662
73835
26141
97759
25301
54743
76570
72595
13266
48954
67419
15820
8626
50710
55988
95939
1473
93536
69165
3941
60112
88402
99838
24420
88123
80941
20271
77139
29785
15930
80653
59442
8499
64461
82371
7459
89175
73825
93324
49460
75665
89970
12130
36968
36804
73889
64675
5545
87483
49890
75510
33939
27590
42246
38056
3259
73996
1720
9635
44359
34472
99430
42810
97336
68301
7977
7321
44164
68338
48528
6763
27647
212
19704
28276
70141
76271
62870
87616
14233
16266
14725
89656
79894
40419
46714
31852
66252
26405
79112
33463
87455
64190
48964
14987
76234
47160
14794
68666
28826
66568
20510
37206
38954
43126
47863
33726
7886
13970
67914
26988
11126
14103
95401
28093
19746
9773
62916
56916
21587
76125
41069
17759
89226
15064
19308
63457
51248
4716
52041
22981
61477
94203
58789
47665
95756
77519
50702
36767
92556
12987
23965
52282
58490
52123
22337
73351
68788
20870
95241
66461
84244
57878
47079
52701
25498
2750
47979
23889
23818
84406
82478
3169
61928
44933
65510
16922
55313
47735
32337
42227
59071
26148
64359
8600
52159
88787
59269
37103
92727
45957
94668
30377
9475
85580
38737
3599
47124
6088
22166
93005
29540
26812
12948
8150
30508
20796
90353
13557
86613
5414
18037
21052
88533
53014
7389
58095
93518
38479
542
36711
43481
10876
31161
77861
89737
52101
93694
76347
6195
61911
69798
49225
25569
39331
12686
32259
13199
56209
78091
31362
98433
45711
50489
87313
27919
73615
41843
56461
78190
80642
10080
8644
5545
85455
49524
18663
95650
35087
18412
78407
27102
14005
7361
24701
35616
68812
95483
49202
40327
75130
44895
37309
60387
69180
38278
97769
60386
43848
49942
16122
10257
37232
98156
25553
51831
61153
43679
40114
89807
94022
36608
78112
37796
99684
4260
84427
38349
25788
51697
59106
78131
92641
16133
3060
35746
72770
48257
36365
47177
51754
58277
51801
85145
2290
68149
89869
15848
81808
72869
74462
25132
55369
59394
46304
38521
66783
99513
60703
64919
53850
59419
34597
92151
90835
37990
17616
21099
95096
89806
79060
12896
7314
92937
38053
35745
84807
92966
35506
31534
14391
68579
56541
52918
77234
33973
22762
33247
69829
64538
68963
73257
87553
71445
93326
92334
23679
59650
94310
64299
50533
68770
20752
92001
93808
61566
17818
62432
21341
10559
53714
73816
64007
29168
50528
85270
2878
81678
14916
56861
15228
84369
51269
30557
20843
5803
25342
35868
99610
45718
12065
25156
98656
71206
81001
45620
47826
64540
59109
15668
16155
60329
11905
59269
10824
95147
9250
58384
20917
8056
89456
42001
44734
37448
49071
66164
17500
90195
71157
88005
36223
81949
62822
75623
98494
28558
75159
92800
48167
4907
37444
38337
22568
99247
40706
54899
72463
92000
19732
25696
96552
66958
14951
91553
56261
70063
80422
61208
22135
14837
28120
57631
93382
71104
79445
34205
97506
36282
60775
82266
19987
16449
10217
16009
70612
51119
19432
45486
96742
94172
93700
25500
70462
45461
91452
69264
66998
71268
19361
28430
48135
13951
70665
33330
76787
79812
44954
51464
19802
6500
57392
36181
31224
37466
5708
80102
56740
98941
20941
5142
50631
34935
64465
27963
21136
2620
87169
47920
79651
10180
67206
26238
16920
32345
34130
6035
45784
76887
39222
90799
6164
67967
25683
90241
36779
57519
94275
32995
39752
11350
12523
68056
50326
14219
77798
13199
49486
42702
12193
74167
92643
97033
71813
9621
39293
31154
19260
98879
3335
99673
34318
79853
59719
30142
98977
82664
9252
74224
91183
63616
8344
54173
8168
68301
97656
99150
75911
2701
54546
20931
56549
3082
64693
65054
98156
9130
96154
16062
50947
5625
38259
95396
29660
40079
77031
32670
8336
20184
15241
95134
3947
75261
51518
48576
65822
38469
88865
3512
11965
40143
55242
16558
44333
82404
43124
31236
15160
94665
31985
89847
86509
93190
23276
85557
25357
12948
24513
68088
91269
64986
90813
55726
87459
59411
16983
81287
51563
16116
99231
59687
20264
92642
4096
10804
50382
21700
51062
47255
96954
45795
17510
13671
88198
25393
8624
10757
51984
65961
23219
52874
13955
20776
12242
46978
49329
99516
29098
84921
65421
61837
79672
99043
95433
72298
69582
93867
89093
12472
35175
3656
61885
77258
71134
45473
47476
77141
67528
62065
50786
6225
29302
85602
92897
46357
45731
99487
80399
57117
61474
50866
92601
66141
81834
35117
66123
18467
18238
15899
55811
14757
21664
39512
30785
19562
90988
36697
49642
66768
99502
72187
31988
67033
34134
59195
32534
94070
6145
49075
26567
70095
13467
31975
50998
84309
11055
95744
95423
36017
79350
29009
58903
51628
6254
36029
84561
89790
54816
73335
55368
9033
49845
13631
57615
89286
18878
25568
32006
22638
2582
72052
12321
69162
89332
85715
1289
89689
88514
46476
8507
95244
41273
13625
87417
70493
13284
80359
60778
98105
74634
42744
39253
32810
93707
17533
20249
99836
74359
61711
65430
85486
63738
72785
33434
7298
16687
89741
62295
20538
34739
94871
1275
8339
64827
60123
67759
36220
26213
87121
76002
38518
64790
33900
48004
59837
32799
79510
75454
71799
65466
1453
15329
26802
81046
23020
31506
68488
80190
80119
53805
23543
18064
40239
63366
79762
41469
30913
67982
33583
49773
84029
73622
87237
85709
26912
20696
29837
24780
73597
74498
37177
14286
90495
55072
33285
79542
74473
27293
41807
28617
99271
56030
46093
33316
52459
20454
24551
70533
68241
18368
1885
11528
41871
22025
81436
27831
28091
41092
54133
2323
1668
43707
6592
5620
16628
9256
27568
85166
30080
219
66995
3619
26175
4966
50502
27999
27528
53921
33250
6458
96145
59303
56538
55228
72613
25648
72414
68470
73636
5454
51451
33380
73160
39483
26948
55563
49437
40473
16687
43202
92885
39384
40453
68022
51372
98265
85353
36905
71523
53436
302
74170
7842
47675
6178
42364
87169
51363
33007
90979
36841
59098
11530
24626
48768
33615
30459
86691
78017
94939
78562
87055
37233
90047
13572
56760
18850
88516
3855
74348
40295
35509
96946
20199
5152
77280
25537
25484
33305
84584
68394
98073
7465
25708
6360
33787
27854
15827
19253
17757
67805
98661
58887
76584
74874
13246
36936
17794
34103
49417
23513
98652
47507
58659
50683
1332
62152
91330
19473
71487
8077
4975
53385
93432
26545
80488
79589
11524
83687
79785
28906
3023
69263
86098
6542
41634
76622
20361
45325
91905
40344
7743
91381
83888
61070
69741
50565
48806
75024
5028
71635
36523
96353
47765
9680
62830
45276
65454
50039
94385
33657
25411
34107
54317
20510
20490
29389
61409
52116
9049
24710
41790
46005
27568
31143
334
13594
69497
32362
56803
29923
30782
36500
78659
8150
92383
6669
21497
76418
43711
96357
11167
70322
50939
58248
14932
73635
37063
63377
40580
40352
89156
96689
65975
80318
29845
90517
68785
16621
9345
49236
75778
33092
93236
64462
2874
88911
55447
46167
28127
13820
7891
84991
8405
12691
13543
71467
95066
69319
16211
26698
76530
6120
91782
16450
40767
34093
70524
98341
78304
1865
37884
4876
67072
94475
20578
78074
77086
86477
55373
26020
18188
90895
35249
26759
32461
4164
88284
53283
66775
58377
95451
99465
410
82647
72705
69658
41309
76785
23694
68781
18386
57106
67862
26262
75935
3015
17918
13929
92112
35468
94381
8589
13946
90190
8510
85635
70870
65022
83989
36602
45808
17241
31566
19927
6413
38419
4465
84425
21770
50920
36765
300
62782
86592
7634
61082
23032
8987
50823
29446
86245
74355
61170
31306
63995
86862
85519
10220
74136
87070
98788
76286
92796
87092
22972
1145
25539
47935
19849
37516
98549
33493
92159
41192
98703
94080
45806
27353
82556
47427
62603
61883
14199
54543
50356
71453
56070
259
55931
19550
52900
94245
10288
34700
52131
60478
7504
75690
63620
6488
35542
75097
89137
13307
30896
52752
82195
19977
32603
69915
41056
58165
27663
26709
24467
36905
62087
38252
36735
51519
45074
25280
92003
298
84616
4304
23204
57459
89061
38224
86575
70116
63733
76067
11885
87505
72745
891
23646
97603
89257
36093
67655
86016
78494
94734
66581
83579
10233
15226
98390
69251
38954
12101
61413
10262
83093
88839
28691
26592
29547
24736
30916
94378
83339
70939
94432
51596
14823
36961
64160
61196
14606
39131
62261
8981
57624
5986
21804
89881
37723
39625
47226
73835
39834
17324
31161
51632
14654
1623
4412
83906
72200
97054
68056
64521
5176
73277
2677
7554
301
14985
68755
73271
51066
37194
54645
99823
49839
52432
52637
77107
67034
38809
88869
89922
77510
57081
54544
66015
39777
42800
36941
13200
32548
80253
88995
17552
71075
97740
3804
84347
3308
14249
89580
22737
70869
73954
22769
2640
62678
31338
1792
62221
48985
27304
16871
33391
8185
78133
87010
48095
18732
36662
67777
57501
78043
55555
40722
70812
48198
37092
28747
52099
48627
68290
73798
52784
49229
66131
19053
3555
34312
51904
3336
8438
41008
74720
64215
5243
63382
55604
9367
92941
10729
55708
65614
66646
46472
32078
44694
15314
33231
51956
54441
25585
2591
49692
13594
80694
53506
64086
84162
42053
59080
83454
13783
66828
33326
59338
16493
3323
91340
35478
7430
92594
27725
35805
41370
92919
2676
7152
6312
17150
21436
3738
70324
82355
97462
77750
5847
91315
61125
83520
51737
99295
71442
67313
33861
27274
41924
98785
33319
87133
15585
41371
23973
97752
44526
61846
97860
66785
8322
20675
78018
46354
57774
67011
20616
55341
13130
31428
69365
55575
53490
25177
42197
7819
83741
8134
21152
60411
1944
14096
50994
3890
73832
19178
1564
80065
79765
72571
37828
35616
79889
39061
82993
40450
5502
5383
41521
4430
46696
78519
14143
10496
29419
77743
33642
90407
99173
16153
14011
36391
40694
37448
64841
94226
69680
74127
72522
38595
65446
40550
75576
40558
93599
33749
75686
14429
42184
1746
2317
78358
66613
16722
13714
23424
99952
40497
74470
96088
85535
11156
80892
63611
58560
1437
94921
42441
74220
88767
70769
31374
32860
2925
38983
6146
2943
73585
16896
95670
2057
19213
48223
97426
13836
35652
69777
23972
23733
41417
94273
29183
99656
76433
53060
54289
59658
11964
81998
92162
38827
33245
40209
53417
30977
70942
45497
63688
77738
7568
20480
26367
23601
78800
94030
66321
62933
83465
49775
22908
31659
70949
18707
32802
94493
41586
31717
56427
49865
84693
46488
90979
91587
24734
56842
68812
79004
94806
66449
42893
90155
6089
46233
16165
20937
67906
5582
20856
82403
86738
91356
76192
62188
59089
60503
67878
14537
7406
58924
89390
39224
89070
13822
93044
61080
29500
34780
98867
21957
25217
87317
68126
17016
6882
32752
25569
24716
2541
11865
26586
36004
10861
74023
63127
93337
70295
28790
32497
64230
88964
54274
71598
35882
77058
3668
1084
92266
53188
55084
91436
33126
6714
98898
57185
99421
23229
59175
55306
26336
34933
43161
11996
95540
32337
53385
28363
15046
50695
99707
90784
709
2283
34636
32993
70942
15718
32244
39957
3213
31668
33302
71527
47456
20429
93459
29289
11962
16837
63706
70107
11119
73484
6160
29296
45802
42278
76057
3544
23673
75304
86037
41571
53481
64300
90726
30843
72078
65905
86243
83702
90985
19218
52092
94668
1631
71634
64539
75111
38877
24096
16400
98208
86989
29600
79664
27225
96122
5339
87191
28663
39661
28699
16284
27909
45630
91731
18046
83156
29702
62616
57210
46057
30594
80003
79121
91901
21391
11491
27665
74168
77739
945
64667
99576
58903
87829
54581
23880
84635
63501
34720
66738
78713
57579
44040
62286
2934
24183
49038
9899
53588
81383
45409
76261
66885
70343
67614
6985
50478
87763
5833
84631
77674
13023
50924
38715
64032
16707
69005
57801
37149
94165
98521
66201
27895
90472
67343
73015
35963
16834
88967
97208
62453
17765
20579
96356
55536
88405
32691
88560
20214
47595
73401
96871
57667
50088
89064
65690
6654
5324
98254
86226
55178
91236
72749
59423
82861
79207
48365
76413
2999
94598
71022
33644
98796
8624
22178
59908
92443
54568
83179
75626
84016
80444
37586
89554
20763
1649
8533
77806
1407
1652
66361
30638
18579
2741
42030
71216
45015
61156
13494
76328
40039
56278
85561
25616
76573
39757
98075
49042
27910
29155
73247
52085
22144
22628
2209
74733
53650
83195
38659
81211
70673
70558
75005
1346
28237
40383
15064
96055
66594
50961
14893
31286
41074
6850
35586
27738
94883
11970
12980
81005
3574
59491
49895
72252
28405
14275
8493
95951
531
67296
17566
61819
22496
32282
5655
69480
81272
84214
97379
36190
24692
2020
82447
76949
14262
41960
11011
15294
87041
74471
79850
41680
70215
57653
77637
11182
20662
2753
72941
13961
31889
19113
95524
99298
33394
53073
8789
8791
1195
66105
46465
10668
14590
76790
56313
1554
77043
72946
57989
86444
3264
93199
8909
26059
87445
75886
91604
64843
54645
94472
48818
78518
11273
83417
4300
5578
6495
83149
43554
61188
33171
2219
14098
20935
28005
69182
27089
93425
1340
76083
34138
47716
44763
86497
10697
38689
10203
69464
11853
57508
61469
43946
54146
6722
17287
67947
99395
31172
72489
50734
95058
93894
29392
96801
53273
1044
79101
87974
98053
18262
48797
98178
63503
78561
60334
1101
33754
24775
72720
65610
95375
37031
71296
86046
99718
89224
48073
7375
3648
60058
69787
95916
20936
50605
81024
40244
18324
47961
33224
9652
59588
22229
71411
93590
8711
63291
80443
75584
46388
16185
34192
74619
58452
6878
55359
58027
22597
43345
97083
64048
52971
71725
84326
37995
48475
52881
77242
12897
97537
20089
82777
85792
91551
63067
6022
73145
65620
77706
77335
36427
8781
72488
60987
87462
25866
95167
37463
14057
95245
22997
17646
74978
50878
69175
56681
87863
37903
33416
45114
55830
86048
67546
78047
26299
33408
48399
83067
95384
856
82214
92407
44891
66010
60656
55267
80482
10738
96863
12128
53308
15417
63185
17651
74539
2442
7799
34914
22375
6386
18158
35241
32203
32591
21504
50378
41235
94441
34687
54053
77466
12099
42079
13201
13031
30590
72755
8967
90221
13908
76199
77125
41039
21287
91806
40413
22863
49894
3507
23857
25609
13484
60692
88998
82697
46972
60203
12299
44505
10277
14032
86040
76050
42810
34662
41208
73337
49983
4619
43949
29687
98831
44692
8467
30186
41033
94201
10916
40785
81091
27515
91340
90933
10830
28444
63982
51407
53081
30503
66058
70387
60455
64461
79943
99876
90158
1074
98229
86625
50597
67075
72879
45274
59558
94170
26777
68791
52224
58811
41664
52771
49286
71513
63413
82762
22691
95107
65220
14365
70679
89800
20256
19479
38561
73562
69231
34369
64748
8591
40028
39958
95971
24291
90188
14016
54635
46066
31375
16660
1667
95190
99183
94269
88839
13287
21100
88941
1047
97181
77184
95051
35854
83864
15945
60796
46819
53399
6713
85996
24938
92407
4042
43633
18783
1706
56799
24995
81325
49397
28127
76625
63731
48559
12698
75489
90617
25986
30640
25274
52461
80289
33322
67567
31406
44977
4103
12107
8345
29391
67196
1235
39352
45379
91721
9259
91147
55549
75486
87133
56487
96104
7616
51650
69053
559
31319
87294
71166
40455
70179
20833
22759
81439
33534
44648
59085
36475
12226
73805
97602
44692
16649
51934
82200
26891
37272
18352
56837
3438
84342
35068
50499
43507
68786
56356
72673
81672
98513
30847
13657
16808
40940
67890
59212
46363
78476
57913
11844
47073
50174
54672
43322
1680
89530
11795
79455
55681
69449
42161
63286
12966
30457
67728
56113
35110
70333
79251
12652
77177
71974
77413
37961
81378
60148
80793
3751
48759
92722
35836
48415
79358
6508
9764
53263
29670
91745
48818
53976
56991
76901
16991
12222
56351
67561
690
86351
73212
11776
24101
76030
99224
45261
34666
75098
72761
16710
61943
41532
8737
8043
30695
62959
33612
93746
83927
6458
20692
14464
26443
43365
21514
25275
55660
275
54982
65190
81609
13817
59457
94441
30539
36982
68620
59806
49191
34097
71841
34665
80502
12959
29801
7285
45239
48948
46206
54032
78609
62605
83633
94231
65658
58747
85333
80735
54515
73949
89600
34390
20115
7570
35100
48126
82075
14295
77504
93712
94338
73806
44554
49830
34617
86026
33962
13483
13564
14229
80035
6712
54069
950
86581
19004
30184
65225
28783
71791
51649
87885
5290
75242
44496
37450
14550
72931
77858
81675
25210
30944
71444
52493
59693
4802
18051
33803
59614
79631
24785
71849
67171
40286
93913
82887
80321
19164
20989
16096
17941
16849
85511
5712
42063
6453
68515
69312
5333
97167
71476
61031
35624
31889
89019
49090
35268
1576
41257
81778
953
96381
5611
49151
47006
79799
20713
65004
81328
61609
57129
95385
51942
61762
63733
8360
45432
65731
10429
53239
36286
48739
28469
62446
8155
63753
36224
35282
51267
44822
47619
78744
77907
39210
15143
21560
11238
36360
58706
62264
85739
3511
87983
43724
40038
76091
9089
73862
68155
80658
3658
69537
91146
88017
45492
52214
67911
43164
40995
83252
43574
85431
13737
36505
13990
78384
17477
12731
46618
42172
97121
9071
7024
48165
67499
32775
60755
84745
22408
32064
54664
62362
67126
70608
41164
78081
87597
89890
93718
62929
53648
68074
95365
75453
18689
307
89773
51478
29734
61653
58613
96357
27243
25983
83537
94586
62512
42981
20517
12716
91458
83166
20756
8931
28588
81212
18305
43129
95341
35908
90786
27587
19013
83689
88524
29047
13706
31571
29475
67191
43001
9276
55011
60754
73451
58306
35118
41143
87071
46577
15568
44615
69372
81001
71470
70482
47317
86433
46865
37477
82002
46644
56137
93825
70867
31025
77343
43553
37458
54489
80880
30941
13506
53326
69715
82181
28155
60001
35480
70281
46093
77162
56058
48763
20339
46170
58215
38012
12219
18041
81729
27272
84705
91998
85189
96357
53139
61185
89887
42425
80963
91564
3684
32581
65697
84627
31109
16045
11286
89288
42327
87316
50953
76583
91383
4839
90586
7373
73485
24696
72810
39331
31334
19417
72759
53607
46235
21508
68136
73358
29042
66969
70113
93054
89318
54528
73478
23476
83066
35712
15061
42169
26725
22930
75714
94413
76319
8121
614
80349
5770
45765
87700
65191
69615
41631
60229
84267
59821
12090
38391
9601
47909
37928
60246
75358
17202
57898
87265
36855
31361
67110
24307
37773
9634
30640
12605
8404
43702
78346
77287
38114
20894
87786
67587
83276
79269
4922
23439
