51052
17932
495
51476
94062
58585
12176
15717
62804
37514
96445
87483
81454
64199
96465
198
39406
94367
93698
78301
82471
89041
57084
16623
28518
39638
69927
11521
39607
43747
82876
86083
47718
17908
74077
50210
62667
31679
34430
49488
81093
20789
32129
43557
89295
80980
8725
5950
25702
33234
77270
441
41835
42863
77335
62011
60847
83872
22957
54423
88658
654
76110
19056
54637
10361
39765
63545
90122
46254
37531
7726
59937
44210
97207
61681
56912
13527
27328
47537
30912
63977
85819
6372
66477
82434
44248
4854
40572
12066
89362
78795
8722
80006
60829
80438
44679
13072
88919
78933
41215
45180
15827
79447
95703
69543
40504
97624
45656
15654
5098
47320
56543
75419
23510
24680
14835
69737
52579
72203
66113
34910
22972
78056
56892
58736
99004
79930
83380
16768
17002
43839
24608
48395
6322
85732
48149
6371
10669
96933
41929
46623
59198
24918
6967
42042
22251
33302
56496
36149
65603
74941
60493
16716
12819
6304
22207
37771
22555
36967
70539
60574
14244
28887
98651
61259
22711
8147
69097
37778
76530
8463
59068
55645
30273
19490
75712
98054
71088
14849
36484
65702
23434
47231
51165
42060
83345
7892
35576
17
63525
10378
83815
73702
26393
81355
32379
30311
26266
45707
19330
14104
64204
18718
59618
57139
15873
4847
86442
93329
30592
24153
66683
7706
482
4837
37139
67012
77721
56591
77913
14819
72571
69080
74252
66152
24648
85366
29251
48917
87111
45400
71787
25380
95518
22380
1497
4716
87612
94025
26186
78498
21449
42246
69424
39372
43695
76109
73219
21556
44215
65366
52589
69675
67794
4511
41532
95124
44465
93465
32491
30507
75595
37525
6218
85191
52365
41302
12187
78102
3339
32423
79399
83696
30404
99415
93370
30324
99655
34880
22457
48538
12146
7695
4701
21744
92811
2111
57586
91007
80847
6373
60250
94147
61533
95679
2902
83923
36028
84232
87006
2392
63922
95116
18217
11791
85966
68893
39270
68378
11140
11207
95468
9585
71008
83953
18360
67900
32823
84473
92380
50253
83715
21179
97255
96966
72173
85252
22163
34725
96513
9447
94296
15422
47873
20064
84615
17029
89477
92909
35778
23917
62841
89207
79867
69639
10904
50665
23138
77580
77318
35001
51099
51555
91851
36752
18676
42742
97861
21251
39618
713
46730
4544
71865
1693
16911
80045
61711
50943
99337
1330
78422
39913
48694
68462
87412
94508
41312
27615
86061
21507
62113
44582
57407
61511
58347
42741
23571
11120
1388
41872
19168
68226
53290
35065
77187
58296
17342
78173
52728
30859
88953
72195
78242
75987
56578
11186
2860
23388
49339
24168
1430
70246
35190
18111
38599
2147
47136
10354
43346
74169
56474
50591
49555
57464
82162
10196
86622
13629
91275
29116
77165
63138
74886
55201
32554
89918
66340
81420
4932
47160
39881
182
61780
77219
40442
48922
33036
35179
96465
75040
11159
6988
34827
78559
74385
38362
22639
20777
93824
46382
24563
89230
32113
20223
47002
38291
95359
79988
85557
48680
35806
65715
5421
96185
34288
56292
88810
72336
17022
33240
77160
51443
17164
16234
17956
70177
28311
96327
80816
94191
67278
45562
87596
58550
22597
50650
68068
41556
30216
2150
53562
53047
49622
47784
39234
45444
1566
38641
44270
18093
49552
50303
3755
60583
69222
73120
72066
15879
2267
76824
9980
99032
99171
91365
81401
90244
78119
46871
73587
83637
88223
47253
42119
14871
79678
24112
1820
69379
77000
72512
68611
89669
52056
62723
44639
16975
41806
27012
89328
49477
78584
52189
39289
53391
92170
54529
53875
58257
66382
48990
67324
54695
65054
60633
29869
2299
8184
88884
80905
45109
71299
2686
38878
29755
8213
20310
46975
36448
46725
64426
48437
51107
57542
24110
5052
36033
7964
88727
22701
25148
70236
43563
2997
28010
5187
13916
24615
91423
32853
42340
8791
52922
46106
44218
78178
75898
13310
9533
45178
71859
7554
17427
11531
1955
552
16217
97152
40943
55580
93835
94334
19456
66183
55756
74872
27735
99689
10868
24568
94297
95695
55551
3594
4385
55635
95514
5000
13324
45932
29154
22723
98430
43549
50841
17594
52808
32032
1041
27457
88970
16763
83671
35843
39018
48005
89334
86739
90349
69345
50442
76209
2442
84965
50880
76163
52002
13833
7145
46320
5038
11217
83828
95011
26426
71112
95904
75906
15341
38162
22063
95703
98647
83410
35598
77533
12023
19708
64576
56379
66300
8775
14650
43978
95490
52944
20280
13465
92668
74678
65592
38975
24886
54721
22419
77752
32935
88660
9417
67905
52101
13427
71397
52187
47282
54738
77561
19031
49366
73347
64139
32293
49257
50765
80019
96262
96567
39849
99521
73481
50831
82438
83238
40663
72570
83088
70817
43926
60991
57845
44597
23363
10291
96670
4278
52873
37377
62462
96696
40751
75383
1249
64098
19321
10538
33298
89717
74120
74701
26156
81185
93085
89138
35935
17073
69662
30189
30734
79617
64193
83920
33634
58039
91521
28749
40776
22002
52586
46487
27146
58885
34104
43153
58769
98098
49582
18340
63917
30125
39271
93370
96697
69225
34835
76660
51511
34224
74355
79597
34616
22683
6643
82845
32502
56831
41748
43209
72577
90571
69761
11295
37131
27633
47555
67271
47081
49932
30369
37837
67491
51322
66272
609
40345
70822
87223
64409
23204
14861
77237
6551
47646
72989
11870
4462
52242
51258
10651
1938
56350
6372
45762
73345
60363
27975
56239
69064
21669
67563
29579
1579
3855
36518
12105
83293
56411
6033
42500
61680
69608
77338
20004
57716
13333
63210
63649
64141
15762
43093
15028
95822
39281
28430
81487
61118
5559
92926
40245
12369
14583
18158
42740
55640
85282
75658
2696
11128
60883
28577
48050
46208
8758
48970
32330
79011
86367
88046
60012
97153
64326
92098
53302
78576
52534
33756
62298
75424
55031
50987
77734
63484
65788
30130
47096
51449
34598
64364
72433
37675
60513
52520
3258
87184
95042
68820
87063
90310
96100
2475
74750
17512
32914
43092
48043
22484
64856
64164
3105
51525
13359
27271
56097
9896
50842
84565
80419
78628
1873
80880
44413
22003
15612
22336
36639
11806
88840
66117
83533
83714
46692
71988
79324
52555
76236
60221
30570
22696
82086
24611
86593
70434
61258
20908
24315
33242
96423
93361
36342
10476
88400
8435
88436
15219
58062
52746
1899
10577
6452
36237
33644
98738
80630
19391
4832
41371
47947
3541
33659
90621
53995
57723
96541
77261
94287
73978
60745
94704
98021
3397
15382
95478
29775
73057
95313
38257
83552
64104
94493
23490
58321
19993
16243
45849
90967
87854
89804
41866
16075
82944
85294
92882
59702
45720
56481
30676
11893
11174
20931
84083
92001
7195
12556
3054
20854
38166
68963
7572
24078
66574
57819
83843
9047
10168
32299
34002
41480
50692
86294
6433
84174
18878
78629
15077
18103
22500
35775
84054
16576
64636
26364
72377
43172
10409
31488
51126
7436
13188
24994
52800
18890
82231
17788
49500
25124
1451
83834
49533
13421
22478
89196
61201
24879
14498
99909
73122
28565
97479
84951
98354
2391
84908
90996
59441
40210
85441
40670
98638
78680
81172
26565
28292
25697
33494
87542
1942
1090
29128
89952
16651
38665
86241
70633
94097
75440
65163
47498
28673
10500
58366
22560
9957
28236
26640
50408
33982
91235
58346
9289
39682
60780
85196
70853
32248
95913
60904
35503
91384
26956
97966
72031
99437
7526
68300
59689
16150
14275
96898
84001
75047
37943
11996
88137
20313
58612
16607
55
99056
83086
53560
10707
42743
19838
50269
55870
53468
15387
38385
98184
14535
29659
56113
1717
12533
86334
23123
2431
59936
66951
34257
19707
94336
74345
34242
1739
48784
97058
50540
73636
79306
60848
36446
8298
73395
87259
29287
79598
57256
12429
6220
763
75889
98714
69465
45387
81829
10278
75604
33978
35488
14175
40119
32105
48828
33853
16370
68398
85596
48530
7086
56409
64847
64749
18877
53687
93212
47815
28322
25274
57046
43525
45174
47506
60730
33494
43817
95622
4879
88854
19910
38505
21454
16561
38147
65130
20729
4341
59469
39542
70888
60889
94002
8726
5343
49810
35916
11140
79836
15778
52175
34013
81956
50330
76932
91963
69001
92612
71375
15333
90036
20748
63518
96741
28619
68581
34955
48285
26601
53747
32957
88871
88345
88779
54385
96157
49522
36448
42163
10919
97578
32676
15786
89101
36679
85896
56548
71124
39629
46184
96129
28116
32965
44135
49506
50140
97370
97261
80106
36761
14855
87630
84539
26088
82820
63304
45667
93176
95944
80774
42440
32552
50449
60455
17755
57359
4961
74416
60061
42723
12032
63831
8656
80416
57618
4841
55905
44210
39273
4245
98786
52261
56341
5401
96064
9947
48137
89697
6281
73375
40229
63371
75179
58854
3744
63576
77666
72510
26380
92146
45178
22953
37199
37383
24728
51023
78973
4122
68469
77978
7398
1457
53903
91699
81988
90178
76210
45047
64390
7807
9221
15264
68135
86686
2493
48661
88651
49802
76672
94042
27174
83395
17830
47127
59066
75832
15062
18958
80672
45041
30974
44015
21227
28302
65976
38771
9468
83480
76865
13565
87365
32619
8119
18572
82924
29913
54818
50512
34889
76067
62371
29170
27449
74427
50804
24003
83627
6776
32632
6155
75116
57252
64375
19349
76833
65206
94037
39832
20710
63722
39192
5171
72937
63107
6677
94555
75276
99257
64202
29152
21014
64549
84068
4604
82669
1803
16565
46800
77498
41973
55144
2692
50848
70709
38448
30112
68243
88769
41739
17717
35876
14985
29802
71167
36875
57200
56233
64341
67750
56248
48727
84369
42573
3479
85141
10566
73184
59770
36680
75029
48640
47237
62333
78736
8577
36500
54322
2227
24658
76564
26311
86506
57518
46484
93275
6028
34747
12901
67729
25468
45570
52224
79049
21250
93246
70774
60118
47368
85568
27882
56928
8473
52089
66710
69076
88639
52651
51065
62589
374
2877
54006
39683
91185
29936
62220
26851
96089
10203
79113
75818
60282
92040
11211
29458
96416
68187
41083
85490
37802
76381
6954
16659
96776
19636
17838
34416
90808
77407
4636
53376
83681
50311
67354
22590
91564
12540
87864
91313
31025
43923
64029
37164
6454
52063
96645
16432
40878
37251
72660
20452
11568
65575
24786
23993
95923
37346
42907
71549
12098
27803
36042
18681
5567
25737
92136
9971
24686
88620
37894
83875
80322
49770
54464
93879
12351
69789
10204
44712
22991
1405
93538
53557
4747
84183
41808
18106
25524
43360
26667
54217
69633
16315
79214
3222
7880
45348
31597
80717
59926
86673
91746
52258
99356
88784
40129
61798
11110
30907
11642
26133
27141
98194
48558
10692
34265
82485
13933
21383
83929
74030
84446
81325
61952
83676
14242
64007
70555
51242
85998
67002
38192
29487
84785
36317
9659
41280
54200
15963
44054
80009
6996
94617
31718
533
27075
71438
67756
68522
68956
25394
31414
10213
96788
85896
2226
10421
90305
15679
74541
76121
91242
59867
44908
44639
87941
97654
13409
12240
1032
92984
28284
97970
77329
3919
67033
89829
49606
61419
56601
42803
96250
2032
82285
60604
35588
27979
32698
98888
34090
99238
50975
38521
41421
67932
88767
47128
49708
87079
12591
29421
58029
55516
67489
75972
97109
33444
32883
92869
18862
12397
60814
28885
59078
31738
79870
89210
77582
84304
9050
59962
64956
14520
78150
1794
42009
89763
56548
9397
15152
19905
40121
62526
48827
27180
84773
40734
34543
6313
63494
2143
95095
39829
80025
21692
38423
22089
79443
9682
88061
99556
69546
65403
78028
52629
64465
43508
77365
65695
33963
7346
76896
23486
77717
98957
72276
98287
80058
31898
46965
39135
54666
71268
20810
6907
64866
25126
34495
56457
63370
19920
10320
46865
21335
15595
50358
74717
84498
96197
62715
41265
63369
68848
72350
56148
25247
71609
62111
81068
49416
40136
42030
47544
62717
48925
44890
98277
44593
71121
87763
39338
9013
20907
2324
14042
97025
30030
2150
62122
48599
97558
13789
83861
69183
5700
75766
85818
98918
64662
81659
93256
63015
53426
7040
23234
77889
62775
84148
72409
70704
52080
30123
13376
8434
23376
32251
42461
66523
58307
59122
95217
69459
99989
32468
51857
26346
58169
78361
57017
73159
59071
99359
79930
89461
94507
76323
55586
13866
79090
36153
34249
45882
29740
91417
96518
67434
412
75426
45806
73448
33304
19295
40610
5540
86442
23796
63025
20957
55183
96887
19720
84413
27130
99250
11633
52721
50192
23915
13927
47053
76664
28595
87432
22154
24872
49335
39718
8572
35950
84423
25934
82742
32555
83568
39854
39775
58748
74390
3019
70710
13297
34628
58683
82203
16433
49836
18751
30490
79783
43797
17241
76497
61499
98752
96784
4709
31862
18456
80667
37106
84078
54453
85007
70759
70953
36977
51858
43561
59396
71858
93972
75802
20895
43217
33756
42036
69911
5229
5721
75036
30583
9228
28788
92153
67181
49436
21242
33803
86784
35144
7912
40291
93723
65912
86631
58844
49621
87923
11249
79455
97977
75189
71093
7925
49825
41439
55602
18282
64996
54747
34798
26633
12735
5631
6523
74849
25664
92854
3578
21516
15734
18055
56777
24251
63945
53680
82078
54982
56585
74911
92414
81987
93980
26265
77058
55393
38134
20862
42328
25741
93834
2960
68807
32036
346
81279
27556
88092
59389
11782
33179
56766
84345
89732
63720
79922
18412
46842
43980
96144
59361
619
61697
90084
62333
52810
32653
86470
28572
51129
36714
4801
50526
77837
27682
12774
49248
24740
23905
82665
26124
93986
95593
44802
41732
35648
97642
4247
62544
97136
36981
91292
76882
46183
66380
93214
41262
78722
69703
47535
48626
41086
59520
8260
75067
28378
6240
6507
62049
50945
30674
93672
22936
61314
70020
65374
5026
16894
48351
26685
55168
28405
23925
31435
14147
45421
27918
4342
11457
34468
71512
70525
55036
76369
34039
85038
34466
87332
69735
13354
29407
91134
42197
11599
66462
43309
68355
15568
76163
1005
88187
24368
30371
43018
92367
20220
17161
28084
94112
29645
459
1897
95050
27581
79433
60149
38635
46566
27274
84982
30908
17693
47159
34997
97277
64033
86208
12326
64973
70838
77066
12350
28179
10452
46280
47144
40154
12018
84002
13819
67876
6382
93220
40089
12895
27510
96084
14615
32165
6313
4674
21788
88293
91181
70096
70494
77208
95373
45741
28333
34011
4834
63110
23273
52579
88108
73717
84598
81301
32289
19994
26616
62564
13455
17105
24526
24473
7069
22102
69767
67949
71592
80160
58660
66164
55277
24057
36998
40355
75786
69935
44780
66277
55668
79807
63042
43271
69947
87510
24786
53792
11485
33313
99876
86318
78057
59224
74838
74075
45570
46020
70139
73270
75974
60384
62419
24674
4450
57108
97302
64050
36719
44242
5515
62353
75214
60339
6895
33647
54063
81255
54526
19559
97315
15974
56463
38278
80284
72342
88107
96052
49219
62922
94785
29765
99795
71510
90303
95284
17388
38367
38821
12838
90208
60735
17073
67242
27798
37522
11104
17718
52328
41190
20012
64315
91494
50580
75954
59999
3920
24140
44389
32108
69001
1249
14831
73797
49457
75750
62557
3703
70035
11611
16259
15695
42433
41687
29351
36580
98901
89220
10480
42762
61238
70389
43724
8028
42909
30470
38270
49215
95555
30303
91363
93248
93977
6712
43836
88958
45904
43275
17785
52047
74964
7400
47682
40717
24931
4317
21881
49806
21228
39374
61098
14700
13659
1627
70870
98612
57524
6802
30887
18986
37480
13342
8148
39731
20248
23010
21717
35721
97851
40392
90675
55625
71435
58432
67797
53837
22706
3007
83097
38592
8589
88463
27987
56181
69205
76663
79588
92349
35842
45224
31434
39101
12388
98798
14567
61622
99252
7950
20469
1920
82599
86159
51955
80836
48698
5472
43265
55227
33829
17032
75906
54517
23705
92295
10397
49016
85354
51966
70525
43585
43422
29368
99878
52626
8958
51574
43236
72636
43864
6175
54585
14755
82538
81177
55993
22429
36507
47150
7482
63733
33397
24361
58520
18810
69318
76916
15396
20093
88400
65551
76267
47285
37424
76884
58498
53231
86281
99328
71877
97124
62235
70628
11362
27654
62447
61150
71979
42527
36301
87968
12509
38203
44484
6792
10187
19060
70848
81068
83308
32042
36177
23143
84235
78313
29908
7299
77331
5653
22678
2761
36147
37178
75273
10357
1497
62768
12998
30865
56362
8168
4936
72868
83791
432
53042
38063
2801
30632
66696
39437
82383
5213
16020
39835
60946
39092
86393
33049
97745
55147
83818
66325
19849
33539
51820
75330
62930
34126
5294
47418
6062
39982
24705
75140
27105
63309
39351
83802
25271
91844
4498
46699
38957
83241
20378
30934
21158
35437
49411
62405
76375
79949
33120
1214
24349
38611
53019
50251
48612
77711
75132
68674
25337
19278
33375
42401
80507
40879
12730
97637
99740
2590
7777
5901
50649
37119
27368
36607
13161
20885
54171
27493
84715
42888
71042
26112
6861
23490
50791
88494
10289
89100
35190
47559
16711
35824
21361
19678
49866
77977
50427
80279
22706
51773
62665
73785
72171
27219
50565
87229
11242
16411
37090
27726
23540
47639
83959
82448
48235
7262
35539
57016
90087
24236
87347
10640
67399
60218
89189
14825
15758
7689
86741
35183
70458
73892
4786
32941
80223
97257
53940
79642
72925
63562
77251
93878
52009
7464
24019
69072
51864
38913
71443
42603
42438
93411
90191
98470
64426
52025
6385
11953
38030
35740
71470
3553
29670
1907
57268
49647
42852
51017
2225
50977
53321
55896
84091
26525
46984
93469
58630
59935
36198
20116
62960
76845
36245
44137
92744
77047
83701
6316
68515
28197
90872
41987
41612
37184
92091
73698
64207
50102
50196
74371
26220
847
36687
20466
89282
86542
9319
63665
51486
70956
93394
46450
75754
17913
72780
94625
67307
85532
9162
80220
65946
36536
82501
74027
60104
11334
14283
46907
34434
73285
29261
8528
9738
61826
93896
62112
40157
15779
54855
6202
67727
20035
54829
97558
34803
44422
66232
23699
64403
97465
6391
78675
40940
69975
8425
89683
18345
62660
60361
77948
72258
62412
29231
78200
41695
84866
36711
13927
24017
10668
54468
51527
30677
2959
12493
45910
81706
84943
39223
15682
45101
90584
82503
36968
66894
50586
67588
39762
53401
4212
43766
77496
55418
76907
33944
5314
90803
76629
55863
49937
7710
52304
99681
53735
42996
54863
47997
37980
57482
62514
7977
33402
23436
44678
32846
81674
79909
92262
11306
91109
17278
96948
60526
19805
66901
76971
96109
53770
69015
7178
55106
5077
29079
89286
7972
92797
90903
28767
93971
12030
2588
29607
82280
90886
96234
10364
54059
10740
44060
52269
25405
98541
65323
64754
32659
10761
91778
79875
86834
66024
58754
94227
68965
50303
7408
2899
4322
34150
36705
40049
90770
51141
98291
99275
88521
87670
14668
69640
23570
56536
22912
85369
9709
16745
81773
56565
39754
64325
56627
97211
1018
11027
41933
27946
53276
8360
60641
31976
83478
93334
6041
19909
74034
4011
61499
74264
250
66047
76233
44988
96093
22138
56304
30297
43112
73385
84518
52220
68530
50842
63145
39997
77522
39494
39030
79743
9207
70344
45998
80160
27029
82691
86161
30236
50495
3002
11334
5697
55246
7508
56315
73706
88092
11639
1117
78880
54722
11636
84834
79891
23841
8421
63446
32635
30189
66044
42386
34539
64980
81755
65056
29905
20049
96072
17959
13402
35976
26068
79802
40109
62050
78820
96973
61021
94526
89439
51905
65883
38376
60149
25020
97570
85510
66106
56318
18607
19244
53525
47
84451
60616
76795
40717
73490
42452
26409
53656
92020
93679
87715
42904
28654
31834
44724
17841
45021
11447
2424
38109
40749
14138
76502
96162
4830
56735
67485
44395
53942
39753
99351
94157
82450
26021
95350
79493
85254
38103
23483
18569
68117
35782
59885
72203
50661
17245
96366
65736
40786
48265
11297
7159
16820
15416
59297
70312
84113
80632
35886
16755
74966
82014
99714
52266
94328
93558
60453
2632
36483
65230
32586
6918
87964
83855
69992
4967
54253
4298
45501
87585
60368
1749
3609
5676
28455
92192
77337
67034
66724
25038
95380
4622
2217
6727
43602
86102
36067
7618
77875
57103
56792
93733
29252
75555
15678
4379
19194
32965
45424
54329
16058
79814
35131
48300
56386
73217
78404
94037
23810
2136
16220
93419
35908
11445
69850
27964
4700
81237
40252
83889
68899
46635
26422
88397
30792
66634
72496
28054
89998
24076
72997
44371
21609
12394
8980
15565
69490
53916
50340
70385
7698
42029
83807
75739
40882
63373
57825
17807
5705
87714
99678
37957
92712
61535
85430
69423
53391
46733
17508
89752
720
50350
4039
99734
29138
71848
71809
23514
2464
54285
58473
50784
30896
69866
76191
26869
62827
50683
47514
67419
8809
54688
22348
2283
24398
35039
51659
60074
26963
39556
62173
22756
36408
60588
69665
57347
37990
84073
46600
69033
91564
34311
15342
51419
29240
48893
7060
22846
85344
58560
6595
2708
99218
50089
80943
46031
28001
1756
75335
94098
20189
11734
96550
62908
92111
35716
14376
70308
201
18843
88879
78754
4082
78481
75854
74497
39345
70929
73043
75504
27978
28812
74730
68403
32961
59464
23537
86318
79645
23633
29345
36234
8737
52501
48843
79829
37761
52434
59307
93523
34517
36752
22645
66500
69681
27841
98626
20737
74234
6445
6686
57072
28713
99831
66120
91377
37004
28146
29946
32647
12179
28057
90662
76568
89497
52645
70016
51580
29637
96025
36736
86911
11621
79519
40986
91226
6167
8230
98722
5120
60838
2800
12084
73200
16947
72273
7521
8906
86381
57466
42824
9614
22488
26660
81344
6460
46089
46076
77002
17035
57824
47046
91100
78208
69708
19774
45451
49193
58844
74894
85209
28774
29424
24826
71808
9378
15972
17462
59620
17224
45124
61109
65198
72170
53201
27122
64423
84960
98174
34526
45136
60090
31227
81686
47295
13792
11699
33876
3492
97172
26821
58327
50062
11487
72257
14050
80190
97661
54851
71965
90487
28627
86455
59777
71911
96715
81847
18929
25007
42585
55351
60490
51018
24317
29757
25119
97547
47737
77530
58016
97678
82096
13970
62448
90402
86796
11046
53710
99913
39150
46932
66761
30108
26209
44039
16509
73634
71449
9774
50579
31944
92770
8868
60906
41820
66331
7308
25745
81729
47137
16503
32452
20130
96834
74286
8391
14656
24007
69375
85115
85668
28136
19015
85856
95652
88590
30381
24809
80278
13248
51484
26097
37962
26951
26072
4908
73227
53063
20628
24071
79487
85301
71980
52775
22647
14480
46630
33273
51922
35647
1852
49627
2074
24659
64911
3807
73754
23012
65253
53230
35949
82499
45467
68481
95653
90405
94489
93179
70762
69378
35164
61592
3378
45303
5627
367
56155
66240
63208
81172
41959
97107
72886
44630
11396
1857
24023
13303
62039
22264
31153
50214
87809
67398
88121
96988
39834
3499
57122
32241
19990
53451
62511
82544
483
40259
46248
56770
19032
64543
47652
7514
59803
84081
11270
38841
9612
836
57084
93796
66382
81186
31139
48498
38224
84949
73783
35980
57182
8639
60533
52655
9118
30966
61182
88508
34596
90341
44147
71137
55608
67252
94271
97496
74612
23639
90411
3728
56127
49279
87375
38997
46415
63325
65859
38804
22311
14012
44320
15534
66476
10268
99588
10393
4010
94996
98396
28836
22899
22762
4245
19270
56689
85947
38187
99130
86915
33643
73886
14584
94537
70054
79852
7902
21263
21535
6240
45792
65107
22378
66196
20584
46021
28612
4660
45340
67664
83878
93485
79615
25243
61574
80829
33365
45034
68104
82308
60467
25138
66728
51888
88667
40125
29735
20996
96421
30415
91686
89129
82475
88755
52604
63728
520
56565
83660
73249
28076
81286
92847
31466
3037
40157
94270
89341
32963
89224
46486
62867
53158
39226
45772
20654
98378
70489
77529
80458
16285
7615
8238
14925
75978
94748
11010
90860
72638
97845
80308
76800
61373
94855
54231
79180
32290
35262
48851
48510
45854
40394
88033
7196
83928
28818
35971
43248
42982
31950
65349
30031
79036
3201
56963
20460
73047
77922
55488
8288
29146
3410
16702
35117
8916
69686
1494
58302
84994
66592
88363
63116
21637
29018
34604
75891
19582
1042
30996
47159
58776
67762
47877
40688
32495
50276
97764
58171
37891
33771
6132
54368
79774
40563
19363
42444
23691
52916
98280
14242
27323
77668
58253
76390
43587
2233
8394
50017
68597
81072
878
72005
46925
8328
49511
61384
55532
76013
2621
58639
71921
43322
20411
51223
60459
33994
83341
81074
9655
92159
52199
66665
2761
16753
19836
81108
9509
71487
97101
30262
41882
47747
89573
56819
32892
34127
7442
71446
91051
57979
86911
47677
50295
39641
42320
84000
57257
7029
15931
9592
18891
27320
40361
76438
28872
34212
69244
30172
88491
68403
51874
84045
78912
72359
16756
24174
53749
63592
18331
26331
26551
11895
90022
51676
5247
4521
16370
63119
74432
35835
23850
2480
55556
87509
11370
14562
7385
13135
27946
98679
64882
77270
82954
22647
6104
2866
68765
77936
22884
18146
30251
93665
88698
89599
83041
6995
37297
88685
71190
24350
17842
6124
55739
52656
44552
49394
28489
91403
60988
2194
16788
40613
35645
19651
61449
49280
28941
67375
45572
2381
35756
38434
40234
56286
5584
30185
13782
65956
4467
4374
77265
18700
41945
3595
80837
58757
21531
30298
78094
56709
74377
77362
16947
20690
1357
89637
58019
69046
28149
33760
78054
69921
43113
68809
88594
79407
65890
99452
47071
14367
35612
62532
86935
56613
24929
98088
98668
32050
38813
2691
27749
98643
89280
88862
28003
58393
21486
19544
54928
15946
72165
44735
37806
70707
26320
7343
75586
73136
15001
1430
92867
22078
83226
63727
21097
11845
90427
60333
95761
3268
90969
25969
30233
25458
6011
79410
80641
54250
40805
30200
57920
46345
44523
31124
42201
90877
24725
16227
30293
17585
22501
25532
17049
37383
9824
5670
15417
25553
67765
16158
67966
61153
23783
51660
24977
46196
14502
12348
64696
46909
26701
21336
32330
84800
43509
46521
77554
52101
21525
30219
87119
74199
30040
78175
80766
65436
8920
92849
15633
340
63993
55088
86485
24647
62233
96767
22562
92863
6147
96005
76375
12377
51531
83383
90884
1165
93202
32248
93873
63302
28115
63315
4027
37545
29038
93767
31113
45607
70893
59541
37276
21652
96714
64355
82915
71613
34850
7682
22567
46742
23959
84691
45954
25519
53844
74742
22667
46656
87291
79601
72234
76671
98976
52331
72225
678
51060
48940
95608
68466
65653
76954
21970
46606
58729
54723
15662
87176
467
19270
66315
85519
9681
47131
39342
43424
17361
78508
83700
54296
71099
84457
58316
91292
87306
60604
22675
44383
92130
82237
20552
85910
12073
54100
81088
47004
62721
99347
66790
99121
59079
35491
46188
68020
13286
86714
66990
51844
12988
28800
83316
72552
65239
41312
97366
81196
18638
30678
59299
98125
32047
71279
95045
18230
98717
80404
73445
55580
66042
92338
80703
18013
11717
84578
95216
35608
38268
90295
78006
591
93614
70830
31394
63329
98921
48000
20670
70761
56734
99891
28366
32043
40048
68665
67074
87800
40446
27958
69302
32881
13269
11409
85802
20650
48097
65302
60834
80660
46095
61757
42927
28342
52671
58707
4510
61216
39884
31715
19308
50717
59733
2683
98846
66151
63972
48660
77965
43052
17504
7415
95162
10310
20992
45124
87322
82204
85028
10743
15232
33618
87165
40010
24666
94976
56963
23
79371
81340
64154
5857
47915
8730
8649
18585
73147
10585
12563
19650
56678
99437
87336
17782
63156
38679
66595
32616
7349
7547
71384
22306
76187
29141
16483
85689
63551
19723
78017
3869
9187
63948
69288
96625
78897
11647
59500
86432
1661
2407
71977
76737
69641
65377
54065
15794
46282
69383
76853
85986
28380
24346
92673
71824
9955
41848
29669
18774
92246
22959
55034
53423
32567
8694
10463
92729
30148
90711
38884
51509
79179
80163
30955
4942
35569
94647
52664
10810
75075
689
39407
94167
42869
92031
75488
84840
71275
97464
86669
37049
81977
40725
94185
78701
47373
18553
44169
60947
54914
61335
85646
55570
30499
25344
6806
48217
93391
87731
36254
15308
89183
18859
43698
91557
83552
60866
10553
40536
33205
25622
21454
32683
4042
1834
69531
38454
85977
52254
57568
17016
50477
91717
55895
13740
15043
83837
63668
17524
85224
27271
91449
83543
61210
71360
47865
63117
97026
2628
95148
86507
7999
3633
27741
29291
39880
52962
51527
28664
55813
68352
62239
41136
30162
19238
64830
97466
62963
29958
76513
99714
97197
93028
55311
5934
34173
37910
71472
32681
53968
6413
41427
83348
57105
71061
9016
46843
63975
26604
73859
62080
32310
35004
61711
16871
65031
50312
53381
41972
6529
50399
154
67068
26115
95433
89310
14971
48321
21807
95118
1969
81489
18845
74695
49399
26924
78890
84031
59100
10222
17987
33490
36359
56098
14432
67404
62193
31317
38439
40903
83861
84529
29500
26152
3569
6259
74359
57233
61671
81751
94044
98522
42168
31486
71889
80591
13464
60308
12311
89947
86140
66280
94281
31750
88542
16909
63794
10969
11682
28028
27116
83653
9882
80904
11257
17440
51988
92693
71126
43140
52565
21656
22360
77348
16177
19464
91321
4873
84208
33841
53940
1884
19005
48492
54762
17580
90248
97750
37609
86659
42464
63390
45551
33642
54634
10391
88639
61264
20229
54449
28602
20771
89181
69171
37381
64483
43920
16932
15573
69077
25587
58921
26760
77840
74088
25231
64648
61389
26141
93676
27192
54238
55084
84467
676
89175
76105
88717
22714
5786
30824
30057
84644
29759
5239
33169
12703
49834
11110
90278
73659
73315
82177
68531
61071
83542
36629
67711
59553
29402
45743
27250
35122
26552
27256
74363
65686
4714
68494
48206
88378
55203
94218
9787
38252
95530
74277
97001
72601
40919
12528
14813
50278
35863
20017
53876
72061
86552
23395
17133
52546
8393
29163
93311
60042
3574
94935
58092
2503
30875
67482
7988
81339
62904
1899
18456
79097
72390
30278
65541
9265
39628
95109
18634
16874
30929
76972
99259
6534
73379
2302
79134
81319
51361
95660
79984
26039
906
49744
34678
595
16185
94498
41726
73436
4539
33473
87373
33963
1561
74779
99671
56274
57853
7867
12918
13284
10528
76437
29113
26602
95675
51557
29123
28573
88348
26669
29978
67244
21915
92416
78191
22645
95600
64946
93080
45129
53383
45198
12334
97455
89598
65296
4973
98600
2630
22860
23465
43493
82742
66700
15510
24469
20630
8076
4919
64627
65374
13153
85088
77870
3495
20129
12047
9144
96588
77025
60673
92906
14787
67788
59901
65330
64102
31657
37003
30379
46583
30523
25942
65488
3204
86484
84502
55214
76905
53721
2015
87524
60027
28452
79755
40230
60110
34464
93960
69469
53248
95828
2012
25605
62186
30558
28706
14954
6799
50180
60366
88973
71072
74539
18044
34851
87210
19600
74665
17011
35626
56832
32238
42866
75010
73149
32879
86334
88032
19670
5220
29638
37697
67534
77131
50755
28510
337
3301
72645
57777
69548
48415
26725
93354
13041
16452
85488
10408
44904
53019
40509
59798
76948
33842
96415
63589
59145
50594
89036
97679
42372
26921
87128
44959
30728
51276
3537
97407
67289
6340
86873
16298
2020
59234
66078
8417
5513
49512
61968
56697
47390
75926
43128
66651
64710
69839
60748
33692
80716
87165
69365
49742
14264
74965
15405
42626
61287
81765
62625
61765
12914
88080
43119
38563
66146
24211
57777
17714
67763
87997
58076
9633
88626
32339
50288
66445
83793
20476
80249
60888
90527
69844
16691
80123
36975
37130
2033
27055
43829
23451
47129
23747
86886
202
43782
59310
32806
4565
505
40498
12062
43034
65929
92718
29088
59731
61116
81925
24676
48959
58833
40810
1516
1737
71238
43070
71389
62995
1587
29015
22178
30722
73885
44311
40867
34329
22746
88423
88556
90978
33638
79227
19971
39750
48826
47493
3915
23972
51035
77243
76013
20107
2378
94869
64618
6319
22230
85149
28964
711
87921
69811
2977
71489
18320
81339
69149
21617
51850
94758
36984
72693
93368
33698
15320
79605
20839
61766
52910
23744
39155
47416
11959
24343
53002
2070
28344
79015
79693
34548
12099
37597
59458
87844
3057
63827
76250
48481
21429
67487
78344
82297
72121
56277
40258
3319
26739
68680
79549
85012
85480
60464
32238
5220
61556
40504
57851
78633
18487
16250
52994
90133
41924
17302
82659
99387
13235
5523
30640
51492
3355
72357
40336
85423
45400
56857
75294
55682
84084
49682
75331
59664
99466
94681
49068
51634
5359
54237
26288
62553
5975
97616
29993
5179
14492
88210
40373
54819
73617
40871
90084
21215
38039
28056
81656
13122
20127
46814
59819
4699
65209
2169
94549
68805
40919
93330
90667
47242
68234
31024
94028
58997
79235
68087
45517
5738
42363
35157
70931
57190
16483
20475
82065
43213
59598
54115
21624
71409
13024
35945
31507
58544
94418
21589
97343
3806
3067
61188
64259
21161
97542
93130
86585
42592
46843
31086
41980
69951
82539
75918
70758
84970
75883
2629
88215
44733
20103
51336
9207
86803
71705
19257
34218
32288
99517
35483
64579
57646
70743
41710
2671
81175
70897
49769
59647
23353
33889
39472
96369
28511
12135
51673
88870
37106
65187
46536
82661
91788
33374
52610
83702
51731
51981
77456
49455
78284
58912
54297
43074
11359
66507
84333
99207
40828
73246
89583
14072
26113
42982
64862
10843
80631
54966
80695
74668
20032
30387
97112
67101
52981
52822
72790
24272
18133
58007
50939
29193
93441
313
81362
64440
79592
96397
85010
62004
27801
52465
48041
63859
75603
32463
56547
48806
68511
41766
3071
96765
71286
2787
29423
47897
61799
87195
90093
58536
93716
60061
81074
82821
22306
60389
20631
25799
61620
421
31250
84233
69955
18690
46867
67567
82345
33252
91497
20517
96275
23984
55760
76367
54935
54174
57907
90653
70890
33464
2641
92397
6304
26473
68288
67739
71390
65220
41552
15214
11831
30747
87185
68090
10515
18838
26809
52595
55920
61855
65551
28547
95698
69576
62261
69732
4301
4706
27885
68131
2481
29978
54908
28155
97780
38853
77928
43481
50402
79127
96176
17125
91699
76282
8685
65527
36798
87669
65852
36097
27364
5311
34732
9035
67913
74093
96698
36727
64212
98555
63438
66684
37335
73421
12732
81853
75839
59030
70310
71661
40909
83327
2193
76793
65678
48426
36847
19415
60891
96734
32933
16632
38854
91787
40766
97169
95246
45873
60242
23686
42155
41201
79269
51846
15689
29492
79789
18278
63549
26832
89688
77767
17358
94190
95187
44037
3118
57939
43356
19486
37246
77283
75836
67477
65622
46805
27829
45547
32654
15563
86607
29965
98788
46624
29506
99708
4057
50347
61104
36186
68636
18568
55865
34058
7046
55166
99273
44663
96600
96729
94051
37306
2517
40755
86439
64871
65364
11792
86224
68883
1662
34241
85624
47986
40224
59722
78979
70734
64684
95479
39979
52771
96834
7169
50849
18677
21417
41777
60431
10455
47532
83165
48947
35924
21511
49300
27448
58033
60184
64634
34343
92265
64122
92220
34524
34395
32944
7879
93834
47323
76186
28538
79979
1120
56750
41280
40471
95347
89905
67762
43454
23586
51361
75768
21350
18496
85294
49700
26474
90924
32274
20946
10549
49
61135
47713
88648
4614
72645
16454
85733
13537
47943
13107
34269
18993
3186
47826
79173
80231
8828
32100
68127
92422
21179
10757
40904
88354
70870
16027
49101
83243
81404
2909
15049
55240
17989
79929
39985
9036
52632
35857
22701
73451
82028
29916
75643
38253
41499
2357
15310
37467
70526
46243
82096
173
52818
18126
78870
50378
6809
293
33744
56618
67353
2489
32133
45033
98058
79028
1004
23256
7840
70137
27598
72970
9398
94676
10394
91262
35113
2650
46855
68513
717
11633
12717
35160
20813
14875
2421
99862
1059
89607
2227
52338
2113
66083
6097
79538
97783
30609
40194
62470
1352
92053
29626
389
18644
9125
90774
58142
7732
87607
15264
4158
53438
65231
55901
55719
89772
96972
24219
83183
76607
1141
22196
18233
67910
75260
70857
43315
88578
30855
93479
4504
62455
84385
67160
8663
82007
12327
16515
11688
24100
44279
92129
13452
74343
98068
98900
36882
10182
50377
89765
810
6389
57011
85863
210
69856
11393
32479
43384
38268
47459
69563
76876
94127
10759
41702
69053
98070
47237
73712
77445
80457
12531
59082
32328
9011
8744
43889
69841
76359
33974
33132
38201
41090
92669
98114
5444
98522
66949
38806
70614
79848
73131
73420
76640
74715
15252
19324
63583
56365
29847
38811
62944
76665
12320
20353
93858
97928
53534
91199
61112
67503
62637
67024
4293
14327
31362
35786
1458
12645
36258
70531
31121
8431
3098
97596
7326
39111
82442
57612
93759
89420
80305
13476
46512
95162
70187
61536
28769
72315
4256
7515
44987
75750
77694
3110
17211
6106
69126
62313
43353
79465
17865
50938
20107
59316
7690
54513
73566
14724
13027
54747
15486
95921
97439
71692
87197
49161
20512
9130
44139
69826
7017
29142
8388
28743
25543
55371
30736
99988
80385
1219
69984
20128
14259
14293
71554
29366
93368
87196
87472
15673
87969
14045
59288
49509
92028
49065
78310
6002
15912
68049
85593
59995
18173
73526
72448
88722
42550
91363
33772
52319
23777
73578
34338
11807
84762
95357
81662
83146
137
57831
55792
33316
21657
28465
81856
92971
69854
58879
36714
76478
77060
24734
84075
12335
15625
9988
1954
40732
41844
82831
86816
2005
53423
35153
91896
14391
79706
47481
64746
96671
67402
95163
5864
58081
12257
52277
38338
89708
91670
79476
18868
83670
54649
57293
75258
99042
89502
22003
96181
74773
93402
40929
41302
17306
71014
53787
79892
86504
36569
67465
13265
22372
94132
40043
9075
81897
18870
25993
78
63348
71650
12246
49062
62367
63962
3145
47356
96129
59895
92853
24888
57703
51299
89973
3268
26473
53861
88557
87067
58470
72385
51834
53138
24204
66211
96495
89538
14605
48218
93360
80172
63509
21924
32833
3123
81156
91867
78934
53343
67868
6431
83762
26608
43715
42577
55561
71072
4159
36775
82602
28035
30312
38926
41608
90962
19816
59107
24857
96155
67467
13607
32750
47911
66534
12681
61379
35778
18466
86849
22111
34606
74926
35214
19198
52039
88623
25225
9423
81627
10650
25422
85378
77830
65616
65325
49859
24582
80316
41870
83306
22048
67009
82779
85876
54260
73680
35850
60074
31033
81198
19782
52606
17309
14663
47995
53109
95098
19727
89568
2338
94590
49684
43230
85505
42044
28229
54920
82294
1209
62822
36796
55461
76595
3543
63
67597
92147
49338
64938
78358
52772
65151
78389
429
90867
72816
68069
63166
17620
12215
54761
4854
90748
39531
88715
72363
23778
97273
43831
26031
18760
53555
58864
68211
44401
64321
76010
13766
14599
80398
60962
45759
54789
11210
49566
29439
71294
42800
94637
69228
60159
91753
64673
88994
8060
31941
64713
37064
14827
27699
43818
94873
5507
38906
59598
99216
6286
10178
56027
26546
96806
54303
48566
37222
51253
9001
50065
79537
89965
59276
1069
80977
2636
74603
65871
27006
88881
69870
60150
12460
99607
38946
98939
86900
36580
66088
40252
15883
51612
50349
23152
61116
86773
68090
72421
5856
43186
27451
37740
99059
81876
85175
47098
55550
26630
62840
92237
30903
73034
32591
10334
36416
50028
43567
26939
57859
55363
61666
642
85164
68749
34182
27925
39615
36124
39953
94204
34545
2181
60015
83820
61430
32129
61091
30584
14431
91847
43388
60269
73739
73851
9348
42848
19020
40014
86736
11087
43205
41151
14561
50492
81519
26809
52575
30310
47694
57250
7482
19426
86677
68635
57691
28722
13019
48770
48904
4286
88937
12983
12507
66012
11975
1397
26902
11313
59400
91333
8904
99601
49387
28865
50998
93394
87619
9522
2300
34621
79554
30781
82889
57181
84365
23962
73592
5103
16159
80626
29829
70249
91110
82449
22150
30222
28643
48549
38517
80122
99906
41261
70909
56360
48345
7881
70038
57812
17636
64297
41102
3496
46470
14283
24731
58155
30093
55326
81646
88013
27804
21798
95154
78773
61504
38654
8490
66938
6714
20776
64750
39069
71005
22177
34714
38292
59871
26528
8836
76483
53923
15780
87467
51861
39523
26332
23779
76827
57717
63994
128
73317
66903
50503
52317
78107
46107
92135
94856
9690
99390
3100
51097
96860
99547
2033
32491
24292
79568
86439
98284
3564
46490
5162
34090
12024
34331
43292
39250
35171
14875
31662
9220
42719
20647
91432
72166
20501
69859
56606
92185
67735
31672
99145
77093
50822
64682
90606
52314
37490
93841
99486
97259
71278
65710
96564
26827
61740
16413
40293
43776
2814
52885
59684
94814
67727
93880
8377
76213
8114
29867
11989
54432
22961
94253
30548
71892
47344
28069
83267
47341
43725
90977
1760
41330
15388
34403
37941
77009
24082
64605
10425
4087
29566
12830
89370
14850
71987
4331
9365
56942
56305
14392
44200
7622
81851
45054
74297
77024
35161
24672
79483
33670
33146
92951
50
11837
51124
18353
79426
33324
55939
31368
52130
43508
19441
7901
24865
10130
4883
15698
99904
43013
18704
26325
91036
29332
46777
94137
59479
70334
60105
60916
41847
99410
85122
76755
70941
36615
12779
77533
63725
53634
24905
76040
1002
24936
62262
692
88181
73949
20188
64166
72141
19463
24767
36470
14966
6820
1914
70718
65059
56987
58874
9091
73218
95022
89520
52719
58386
42685
36960
88249
97351
27349
51972
46270
18108
42663
25322
66099
67069
46085
5955
85529
50146
95938
88774
22384
74643
48652
61788
64120
34701
42061
12473
6738
94759
15813
2822
5980
35416
9542
42305
45495
36989
31938
66815
44791
67491
78497
18362
72302
81498
35814
3648
18974
51031
73344
58945
77279
6247
67136
78076
9733
80896
72839
53548
55290
14876
45233
51510
2294
39841
19342
30683
57526
3779
60459
48540
18208
29123
43983
54892
96146
30290
89486
82622
98886
38412
93499
55707
21415
56868
25542
99732
68279
31466
32572
64598
64150
78389
11525
29915
22258
26986
16067
32460
62156
5131
46121
15195
90571
24803
40736
48156
62264
12244
81930
79443
91410
90217
54661
16877
21377
89526
30094
45425
14299
19610
62403
26060
71206
95860
84390
39818
17598
14067
32634
69159
14222
57025
20466
93755
92290
78303
65135
96612
16131
77386
37467
56035
49536
53128
73188
73933
23728
94647
8538
32732
96892
70642
18161
42546
42727
20061
43988
94710
40413
918
30558
48196
79609
12770
65221
34384
69751
60906
24587
43073
24390
33482
29293
36912
82142
6367
76523
18078
22672
10457
16090
22950
5529
99902
72266
43580
38864
77919
51027
72229
34315
70424
56198
15213
46828
89270
76426
36765
87907
38803
4182
62821
70060
65465
8341
63410
41348
81248
60403
36360
43537
25910
72038
29956
84828
7607
42667
79707
40504
21640
95520
91831
9878
52357
8758
53965
77283
14080
90084
92871
29941
39757
30171
83868
6274
53268
52890
40064
91560
8856
2232
57615
17516
14666
28691
8405
98386
26242
30384
39220
46603
96718
96261
66266
43283
12351
52943
17702
56706
54375
86126
27267
91164
67532
6419
3780
95738
88170
23681
31559
54716
2603
88147
31647
19408
37905
74314
95211
23666
353
55579
51041
83696
50863
46267
33223
43496
63904
40584
93923
325
35188
83357
37184
22730
74965
66451
49983
8247
24911
12666
10215
2560
98824
84504
43999
8570
64613
46857
5378
38036
57731
94035
56353
98796
35084
43571
40300
21264
73196
60283
31833
47585
29757
31234
19528
19246
50963
8917
44443
71453
24331
86964
98755
87687
45363
48481
84871
66359
2268
24652
78883
17047
35206
55887
42593
41152
27004
38387
87645
31393
26150
28718
35051
64627
80832
62630
72802
67590
64976
24753
57607
55695
2413
33924
13704
70767
95279
68665
53432
86603
58699
73941
18996
48543
81400
14786
12379
73870
88641
78375
92241
12575
21271
13049
45303
95613
51912
34128
6855
82733
75678
17280
1383
77514
67045
23187
14633
1281
42183
71826
45872
58338
84955
1042
72693
52209
9721
86507
83226
66045
50250
98932
78949
86600
32512
45032
34423
89364
88621
18091
18854
61151
61810
70698
10924
41418
72557
41482
81498
58213
152
11098
31686
16815
32502
33902
27619
20229
40355
93093
85891
65404
50902
40809
32483
76746
38331
14782
45002
22012
88763
25269
12660
24091
52971
84721
96527
14256
90118
31274
79651
68239
5009
25012
65893
39152
67245
62134
54098
98609
17412
14194
49008
95528
32200
53449
10249
21001
38215
34178
3087
57775
96479
59485
69449
74883
98437
7595
63843
47781
37375
13363
30111
9080
13441
17651
60395
25889
74916
93330
9500
76197
60684
46393
4600
74569
76261
17132
91891
99521
74471
75526
76040
55939
28187
21876
71759
45523
55563
91009
40714
59650
98290
6317
61234
4048
84083
39927
82086
14548
93054
84360
46085
44885
24678
26889
97090
50086
54884
94880
98621
81305
15703
64322
73309
61848
37322
74171
80892
91564
45891
14872
70325
83906
52615
49849
77907
54367
85158
551
90485
36334
35045
77342
6467
90111
29440
31155
31261
1298
24785
21673
90638
60682
92388
59408
43947
33967
33007
99385
66726
9912
59034
90521
68657
78182
14034
62179
92269
74828
48981
42723
64927
54333
4394
62287
46260
38360
57855
83198
32407
6166
42909
79594
66778
24218
24233
9643
91518
93207
5902
43939
21359
85773
33825
80573
77299
44523
8685
28285
76076
67261
38886
56432
52317
82062
56745
36305
56287
30100
13148
5586
76112
49809
66977
60559
67002
79440
23743
44439
53948
4391
70660
99061
68926
5042
21363
79154
20507
23821
84988
1736
29675
29569
7121
65146
67279
86476
27277
84716
67473
87927
53355
61417
80059
315
67826
71550
18795
73265
13570
97859
20780
64246
74336
71685
96601
39824
87505
47274
60698
77590
15797
32466
45112
11411
75910
46542
42687
1831
93279
80525
52162
39026
76965
66020
51036
9242
19002
68611
37215
49813
60358
47242
10250
87128
80956
65429
55233
35436
68544
27455
98970
80002
24018
89882
72130
20888
16305
68647
24404
21283
28862
16964
79985
33045
45696
81753
87280
8315
20649
87358
20822
18894
10059
10884
17231
68555
22216
57983
30454
10481
91309
7251
33286
65824
81554
72160
15008
87082
93890
30147
92936
50354
44206
15931
20951
43394
67257
77205
41431
99203
78149
46917
14787
81186
6632
80076
69942
13133
72650
3574
98672
58322
38193
13923
29974
21611
83677
14160
51490
73536
66744
197
14425
90501
94421
70467
74688
94127
89933
73837
1298
45011
16551
31251
32332
44392
92464
52100
59192
1478
2217
1875
14432
90315
31475
34614
12161
30282
85957
99339
59716
53096
25714
67895
32458
77951
32491
24285
86764
36165
5387
75814
23200
98813
2276
53660
41770
6942
81591
85582
29146
31577
54968
50011
71318
64869
85765
24109
59025
59806
58306
44406
8170
90593
14121
48201
19296
48655
98792
54380
11900
68178
65335
23026
96090
26402
78674
15618
88039
77814
92844
5219
48690
375
70193
28139
98127
75703
96577
67588
92185
8382
65260
26958
77859
60981
67644
32606
84692
54074
34364
93114
8149
27211
73681
60968
66242
31941
53921
44915
86194
70146
36070
81211
66962
53086
95715
7795
20400
85981
50073
43593
52078
31204
62194
3517
2918
38377
45167
35109
58758
46068
30926
33964
43449
99729
97070
21479
26693
9224
61896
66186
21781
51661
81393
22039
72312
84048
59995
24772
65266
59849
12206
98710
4000
90771
41036
76944
65016
70163
58050
27865
86774
18811
86157
40126
39220
2105
37761
67233
56016
74235
81101
11176
24084
83887
21811
416
49810
40155
31205
18869
78381
20395
69843
98908
33862
32216
29964
52678
58692
20125
56463
56529
51173
34031
79411
2970
65503
41267
82819
70206
46287
92761
68755
91030
78747
1030
74625
20112
68960
40619
27134
24860
38958
39181
49483
66379
48968
87248
6264
7003
72141
85082
8540
35891
17772
24571
60002
90053
4476
18841
34912
8543
57336
60999
72581
85620
51639
78812
20161
32832
57591
9851
83718
18073
92991
31602
17571
11992
84548
13032
54001
78255
35002
75815
98064
61204
84221
32863
73257
54175
41027
84572
15636
50118
5706
18590
67524
77958
66599
63863
14739
70156
67087
73431
49412
62290
1364
90467
42900
86169
7000
48009
5504
91443
64840
56657
73540
81520
62934
11377
1399
18775
5554
65985
91804
73018
94214
33599
12367
74400
64078
39612
45392
20685
98293
83845
11167
61570
26403
35774
59840
93753
89963
87088
47175
93018
79067
24193
85278
49048
45049
86003
15024
55222
62464
95963
64601
1102
81627
76393
68075
67764
78100
68499
22091
67388
2616
84818
93150
80995
45490
11969
55117
27159
51536
7645
28812
18466
18810
98786
93950
70021
48320
63318
29351
78075
24587
90170
58221
2329
19243
10065
79943
50009
67699
92075
15653
21463
64996
79786
90401
94249
31042
4283
3558
33079
30885
87865
3685
54818
67151
46134
82292
82841
82442
98053
19443
14781
39148
44016
42800
12446
26597
90821
61751
35424
32026
5108
59459
59461
91991
7349
53469
39023
8385
99701
38979
44037
59759
96271
47189
36722
86484
3402
35178
73108
27772
97102
67566
69645
72631
871
82315
20980
36986
77954
67651
40221
42532
68133
1052
25777
28405
44224
62826
59802
92664
43269
74455
82741
59074
75406
55021
42876
96826
6077
25962
23194
55642
88642
7651
34924
37541
89813
86829
91119
25033
32488
2036
30430
32049
98757
1504
91626
95219
21411
8317
42259
40575
75376
80444
84503
22646
84825
10571
97224
45849
39438
24154
30908
51992
44457
84578
53889
60481
66128
88235
38591
57394
71706
34768
60175
41232
44025
50691
60316
73901
63395
47657
75414
97760
83702
82618
80266
8198
23148
12278
52715
79242
89604
45270
85595
8334
71128
78438
87592
14179
47615
31144
29090
33176
69726
84865
68869
40608
20268
43271
78621
34134
50255
23323
82454
91781
48739
33148
68290
61839
4311
45691
37333
53850
35520
59349
67789
26436
49172
51841
70104
65587
63098
46136
26286
32250
18566
42238
28034
98837
13749
39658
87930
79876
33657
18581
28986
66281
62815
93814
59595
37979
10148
25753
9867
1923
93811
75240
97655
10376
17075
42432
91435
68427
73167
13033
71035
4118
97036
50203
73214
6500
5113
69453
48089
64653
57760
57456
20193
16938
30362
1508
63621
55358
92245
32124
55439
37345
36268
24362
38439
43326
44582
17657
81761
71317
48223
19503
6709
20623
47545
24867
69244
12611
20600
53094
32865
40694
77663
45214
44162
36354
55046
80717
80014
15566
78811
36077
76181
41042
57594
33689
67849
72674
11764
29887
61917
87456
87691
76772
16430
38257
50747
99570
69392
5494
32263
51009
34758
39150
99258
14744
59682
91054
80199
2084
88280
63865
37642
66194
92506
12146
43321
65666
63028
13856
57017
96570
847
90712
91176
45409
53003
891
28784
5905
85606
55476
11324
74520
83303
27801
1318
37031
41784
42850
74007
76795
92474
9679
41607
98052
49813
21496
84266
4283
94935
85080
36541
55536
48476
35692
50161
44045
47973
53849
61740
58791
62269
74294
16478
32803
52540
63122
82891
64704
10827
6290
23882
20177
39848
80222
4096
91167
49105
93124
95595
31506
16625
24500
10969
525
18934
55788
26043
47610
77640
57273
89057
87934
81109
15216
14526
18179
93201
8803
45511
86690
38605
19561
93456
88645
61198
16364
15687
68254
31596
58993
94939
54849
58253
30234
42165
37768
63325
15952
13869
96752
37079
35280
87064
53554
17233
35947
39068
24632
65695
85916
97966
40302
47612
8904
92901
97063
31044
22324
39327
2570
40100
57788
16014
18646
62333
34208
29681
50875
73050
76757
54854
77249
94934
48758
49611
3324
32497
39902
71411
25250
77296
91055
2559
45679
61027
54636
7236
49348
37332
45102
6724
41000
76624
11299
56652
79290
19266
68418
91220
83025
6266
88192
51581
88937
31062
20716
45368
98853
59293
89577
64565
91141
50912
14076
25273
49044
55229
70334
57618
7697
26971
80333
13542
27947
70033
13854
624
83634
92106
70321
84057
64079
48682
88386
18984
89103
39473
13621
14617
40311
9268
8383
90055
47755
80536
15583
90087
62547
86025
7607
24060
48931
10799
83522
56054
25933
74649
23634
18904
17208
20091
61733
6747
88972
5519
486
42459
62526
95092
36170
9571
41608
55717
17307
98428
18588
90277
65787
47411
54450
23766
38076
97609
84498
46260
35125
53279
65159
32331
93051
14453
15839
94716
97409
20219
47534
1635
1082
42235
80050
73124
27561
67455
49854
98036
82452
93214
93492
85094
37466
35655
8862
76222
64454
93441
82015
64123
22248
42711
70393
47206
77299
30194
2041
21716
93731
46891
58307
97087
50894
16952
89194
23551
67360
81326
96205
70621
47755
86462
63808
41911
59787
80065
94865
57395
5591
39616
30262
3967
38204
83410
79387
58371
71841
32843
95824
97366
65414
28137
4304
35560
34906
96404
34199
20513
46460
85310
8861
83128
97236
11393
16368
35785
78903
28482
87418
97233
35328
44645
16125
54115
16629
54340
58883
67483
37564
30823
51709
34517
85501
98838
5206
19617
82158
28247
7004
63383
45865
74351
10935
20280
30754
47133
6731
26810
67042
43601
79467
43358
45424
98590
62037
20769
12012
50188
18931
80566
37520
66716
82949
15636
33600
74344
97626
98397
6186
96750
53627
50656
21478
24035
51368
60976
33709
95845
23360
69495
47608
32073
440
93963
51356
8350
89092
86910
36801
84437
7605
31969
9316
26437
25862
79149
91402
95299
86679
56409
49507
8333
20623
70291
89974
28811
21880
21388
47222
1060
87059
16167
26827
49435
32957
5447
66275
88986
64279
25249
85252
10716
61596
21748
89145
21657
41339
95041
98173
72219
69574
38410
9165
66951
19988
39275
11450
30149
3989
22545
86470
67703
39688
35740
97378
91438
5141
59881
93479
20415
12873
2416
31019
61429
71157
38791
46736
98874
81145
68316
87471
26838
23215
75002
31486
48649
7001
59876
29447
93682
93997
36126
84996
41733
38778
17548
71027
25855
24370
97707
16516
81458
1562
77757
59346
67157
7390
47735
95793
81197
92538
12575
49003
35672
35074
59632
44487
64685
4254
48728
84436
45264
30433
99796
26418
76746
17419
89286
22650
53608
67763
20881
74504
83438
51799
6012
25275
45458
15656
64329
41259
59265
64083
48249
1143
81421
87123
49324
6659
79146
73061
6341
21601
75641
13270
71251
51024
1765
51338
82599
49737
18103
25084
42184
13433
71657
38071
65564
83873
29061
34356
99029
49028
39925
7469
25170
81181
82184
98653
44997
89623
68095
82626
43504
80547
61421
99279
98862
70167
80547
54988
23509
94119
33057
14591
23155
34181
21898
34816
29485
43350
21558
65451
77598
44789
74031
57312
81676
68171
88099
90070
68840
3112
6341
92975
81641
35477
81580
61636
52011
72378
39208
95397
3325
74072
10847
4909
15971
25333
84314
90989
59282
47367
69168
1646
68065
2644
5028
98715
6516
4109
17603
30690
82067
90477
86148
20397
87777
40081
32950
87678
52600
60261
82804
57106
4141
26160
62125
3525
33942
69121
41341
56343
83857
97110
30788
21472
33943
4694
24910
78996
30448
82865
55120
47902
54775
8518
13329
12847
87924
90449
17132
75890
92382
96636
38389
99020
64563
12061
97505
41904
40518
1503
64772
37394
62768
61259
46832
84957
59689
64675
86453
83082
15170
53953
57229
69735
5140
34901
2331
95622
12831
49278
15600
43492
51989
65450
63960
87221
58720
31767
56909
21882
7189
83005
38478
28945
18092
17726
85134
93515
61685
28371
53158
23249
3995
34049
60719
38429
39406
68653
93879
29661
9729
1882
29073
91240
85902
21280
85405
97317
97299
59611
26236
27921
7766
64571
75893
32164
15475
28283
51643
87414
49767
8816
33937
84459
96119
92351
39496
17939
4730
25530
47814
90067
37887
27247
12152
5306
53932
47237
43042
96811
32320
87817
96215
2074
2135
25237
15482
39424
58156
28554
22954
11123
17009
6465
79894
913
67945
44614
95120
93551
81783
67465
92586
71768
11796
36169
90033
80518
52418
70586
78232
68237
85240
54831
55093
61950
12600
31863
82324
70882
76868
71
59782
76176
2576
36691
73057
31422
47353
11239
37361
9318
52116
49491
15028
64855
95230
24447
90277
65966
35203
34963
87006
87569
50322
54717
25882
62178
51371
17943
88312
36081
62290
24238
16683
81711
7682
16410
69192
75105
63111
58610
33165
41178
33224
68913
16120
35749
39802
90238
66719
88153
41586
16357
35678
41904
13065
72213
25853
47859
10808
10879
80051
29409
22927
1280
47028
27878
32808
33317
57172
78820
55255
15171
2854
76592
1798
45828
54344
81408
38596
90132
22375
61132
51223
159
94495
45932
88559
74778
68646
35469
90556
21332
64296
52232
78559
3755
18251
31944
21885
88242
2941
6485
33066
87899
32897
26414
13503
59086
40105
67236
17868
44444
9262
20676
88504
18918
78186
22767
6785
1096
39318
58029
64670
21702
88263
33922
50875
50622
98033
98043
27576
22400
59523
50354
87191
15889
28066
63324
67261
68080
32429
29473
34672
1409
17601
46112
12070
43620
63728
59641
25569
95483
25159
20789
48923
44911
41815
11363
99636
98975
75539
62880
61052
42062
39659
95467
84920
58908
33484
72614
90851
14861
55505
38704
68667
9844
23356
63261
4100
42151
21852
7254
86894
38392
72473
32093
97240
38734
1430
42279
74074
16702
63687
68286
92540
69548
68420
92610
61749
22133
61191
53161
10135
91113
68789
10707
39978
86454
52122
39079
21555
78553
7262
57485
77122
68284
75985
22660
69588
7566
98227
46186
57477
91205
98540
74148
51173
87219
46163
99118
41423
30746
1511
81966
80959
68690
97119
95781
69602
61766
92114
10786
86612
62351
20724
95520
9439
6202
91163
24256
93563
45760
23021
54182
23906
15004
95683
18930
92573
94640
59533
52759
40290
53003
97655
90808
77042
25295
76525
8431
71165
80204
53058
7822
15451
87441
59574
95126
70481
3019
64709
44971
96055
21907
5555
95663
7725
47328
58060
65954
73007
78188
3207
74962
2232
39355
70495
33608
64695
29915
18478
84143
29676
82732
53090
13358
92702
15198
38730
36465
55430
556
48449
89554
29931
14562
56703
18383
47448
1992
83083
29713
67235
10571
35424
92976
76996
78095
5589
76096
16945
25965
30431
40565
84540
80565
15294
13322
68817
92196
2961
92526
8597
21594
10523
72450
29739
13653
45031
87670
82651
52112
86160
62702
46831
88765
16908
19105
47307
60114
36362
14606
9608
62634
19519
29465
70125
7883
5013
49365
99267
43380
49566
55251
99031
90557
21115
45641
47
62974
63236
63342
33064
17919
93444
64833
39805
67728
93734
95775
63657
96188
66015
8702
55834
88354
82917
45963
2074
81058
2324
21856
8640
95665
88402
39270
2546
30908
63671
56273
67650
71266
19058
84333
96877
73019
81542
91689
69190
54686
89659
2396
14148
9238
85708
3078
77365
40863
99417
10676
7639
75152
43566
18988
60649
41380
54702
37398
29516
54173
62287
8897
4057
37460
28125
92390
77130
81681
11825
82815
6811
91228
76772
47388
91398
99928
7707
99402
9956
85323
61905
61682
31490
52994
48634
92497
27700
69
23683
55497
18317
44143
62172
15016
92398
80762
98338
76687
81113
93318
25948
95684
29037
16602
3864
16411
98379
96177
27589
60721
33672
55299
27442
44192
92268
604
77406
51063
88826
35627
64690
77060
57997
56328
64497
62668
29055
61755
54990
10636
1589
31019
18289
16638
59375
66220
32645
14888
49129
32222
94117
31522
72480
62962
21825
63017
16701
17980
22748
91793
3355
47275
87861
45485
28628
48888
37686
72709
52104
41196
87355
36623
41187
16953
59131
2652
37010
10804
84817
26047
67959
62517
1934
56604
41509
33167
4579
95035
34503
1480
45966
11075
39007
63196
7280
54314
43158
72803
88009
10486
28534
59935
62784
7932
44866
57493
90334
55527
3831
19172
26006
5897
33162
96700
23834
40838
45340
31257
3975
95460
44308
42651
38206
50624
95229
76279
97616
77991
9672
4816
59493
64206
22794
74331
97513
8024
99733
94001
11737
84015
42833
49052
91203
15330
75473
40069
77913
42306
39362
66442
8974
11901
68827
92549
66177
85883
21728
12159
12702
68586
59877
12342
45854
99014
59679
61800
83103
58831
99187
15809
41104
51338
19519
19960
52627
95256
51447
22876
75151
55160
98366
55310
38629
43230
95842
47592
95379
30245
8153
11630
86295
87573
81298
43150
24138
30490
3198
92188
55651
13673
56966
19081
43118
23552
25337
57635
92381
48867
39921
70921
34435
98852
37008
57542
70220
4567
73713
2624
3172
12086
66420
52857
50677
87557
29513
53530
70039
76369
95821
22136
92057
59258
67225
61478
98194
79284
12191
15076
17892
38207
55210
46511
90323
37232
77194
87443
50565
23756
72930
19571
56777
573
89016
43564
47252
4108
68404
55561
94038
71807
87595
16011
53045
17785
78863
75176
31627
75530
59348
90935
92375
58636
84732
64965
56875
19909
62534
13445
10362
42070
2965
46283
3439
76250
65359
91484
70242
23660
14225
94085
10880
56629
21037
46084
50612
39198
93465
72538
58368
2017
55816
75034
64408
81994
27195
98140
15841
24051
86688
27342
41574
54958
45198
51968
68841
41311
12572
76795
52425
87379
4934
7966
61304
65262
80055
35746
37598
38647
14352
17676
26443
89996
55076
8344
86253
27930
81874
21444
49054
67219
75642
46190
36971
86883
52511
55921
11430
69069
77243
9300
26626
16670
20112
70988
97083
47849
13730
99146
1939
91449
60541
77193
9698
69011
899
51577
99882
36854
65714
40910
59437
91128
27740
85206
11736
58743
70995
74421
12750
24133
24315
68529
61404
5052
91050
9773
69883
84088
11261
38404
14200
82728
19504
57605
6677
98449
36492
67959
85984
933
56039
74576
3354
36332
49862
35498
88929
34905
59251
38339
76854
39308
86395
77806
67133
92011
15789
4645
77961
91125
81693
15794
25592
27310
26710
76709
71623
70135
78529
13287
22251
3035
88436
11816
68094
49739
65175
25071
55190
55552
20844
34978
24836
72922
61549
74891
96332
41698
90471
14665
82659
31846
89998
94858
19239
40245
48983
76044
9622
73153
63874
18793
56376
45964
16087
73819
50872
74579
9712
17394
26836
90717
49455
22409
70281
46715
90957
52670
65760
51818
80377
29925
79664
63863
30628
90405
13036
93578
92576
27848
755
89130
15449
82037
91677
2050
78602
78871
56834
87730
24019
21752
31986
73076
87829
91941
82391
67589
24576
72524
49287
96313
10284
57804
92775
33949
39129
92512
15335
25682
60782
57293
82002
81863
16639
37706
75268
67418
30731
68231
68112
12086
95835
78029
27798
58624
97938
6587
76033
38686
8014
45447
69001
20052
78561
4441
78846
57644
89261
57727
62921
86089
63536
31152
26947
66726
39750
50122
56437
50123
16672
14972
36857
56345
4411
37201
477
32254
30005
34151
36010
32542
16479
76649
17668
15335
88292
61950
3301
12197
58859
17624
78156
73003
5310
82023
48550
64682
51081
61072
18874
47816
50149
25910
22013
93041
8589
12655
15640
41360
3964
46591
27639
55110
21717
30378
69610
86886
13484
11612
78433
77799
46821
44240
91263
99048
36816
63853
51035
22388
88651
35794
81172
68932
15276
88194
82392
90568
54635
24626
6745
75636
46310
61941
8233
12268
89984
23046
51286
74931
12412
61663
51198
39469
82638
41074
995
5909
34647
22964
56225
44736
61620
93251
52708
68169
65418
58706
39833
33523
47986
79042
32251
88857
4867
2797
31489
84879
36007
78995
9063
13769
12567
76104
9975
26987
84596
41703
86294
74201
87199
76483
55921
31670
68401
62009
14016
53058
9232
40063
46849
31278
83213
17763
26944
33370
29412
62340
34601
79841
9585
16115
69901
55651
13901
42455
32168
85515
83276
25721
83572
23715
72412
65631
46323
71503
23120
580
20456
42857
88781
78431
75646
95943
32145
77785
30555
94804
49159
76605
97575
22256
7101
6452
64616
71083
6581
269
17769
25945
29840
28500
69781
83511
56491
23134
58866
17582
71439
55441
10249
28831
41884
91743
91060
31153
40469
73958
23505
36115
11900
37364
36356
6671
28145
61316
16613
65959
1014
75239
64921
22851
82810
94510
13017
60280
8649
92135
39452
9011
18919
12972
23364
93718
66355
68743
80371
15358
15392
33462
30614
32623
76763
81653
14045
92475
92144
63110
55365
95174
6521
92906
16567
96199
90519
87398
46021
47374
78726
30779
22504
48333
34505
14494
17196
98927
14000
42637
40316
59402
80944
1255
50566
67551
44625
32298
46087
1157
80465
20541
68136
45538
36769
44277
2490
26012
96404
27164
3198
78956
22722
32997
36631
84613
10958
82280
98117
62269
64457
15117
78475
49506
22794
95963
14230
5266
42340
49016
51574
58221
41311
44864
66908
58185
62643
76965
11564
90228
12003
91184
2522
86835
39439
61359
36679
47946
64623
65953
56593
62344
34181
83817
36699
65347
42065
18629
22744
40805
30046
97224
83671
47388
75590
44977
37644
77858
66088
78446
21970
33993
70716
7888
50266
73273
12594
91639
10067
61434
59283
66283
40642
76387
92422
89229
24040
57494
8164
1561
16119
44014
54220
70759
60181
14779
7512
55133
11245
94462
23715
58821
81857
86177
43982
22600
91628
26292
33550
63426
52752
50426
8561
61309
81521
63763
56581
7284
54965
86360
20936
80149
69693
64527
62327
77956
79772
99956
47706
35486
65761
57460
80393
15605
37719
462
84426
54465
32404
69822
97601
97747
23943
44738
48808
65692
35452
92911
89237
96418
58197
227
167
24885
73525
43565
89127
17329
23850
66026
42828
91671
78585
98063
97665
95291
70032
92956
23590
81059
79337
2116
74880
85143
88758
23189
56205
24955
15719
96634
42503
86860
10719
51288
77289
65533
57292
55508
42080
94153
11334
67096
30615
66377
26994
5929
19162
25880
47072
53516
95660
42495
69320
8177
17081
56080
25347
15024
36127
50336
87360
64172
1610
27215
23523
55967
80951
27297
20774
32131
37998
14524
50876
29436
69725
12240
71501
8502
58148
82828
4026
30325
77882
62202
973
7
17539
2542
34206
21208
40186
42268
19380
91744
6793
47162
65485
3399
42854
71027
24977
91864
5105
14941
15517
81136
91619
39883
38452
4840
84579
16844
56876
53298
46309
57034
86289
39407
26242
23515
38427
78409
93090
99565
91945
95730
95143
59131
22643
22563
46755
68102
65648
87121
57850
12162
25219
62941
46685
19836
8388
77655
64090
29365
36629
23342
85392
66082
45435
49758
60873
26078
77156
19339
32599
46568
98774
5539
22996
19786
85993
32487
17240
15888
58085
16477
51195
69754
95447
34146
31814
23347
92722
6405
15127
60771
14319
63724
62936
68602
10338
29060
13696
72884
61689
20676
90945
46309
54521
11282
13387
19679
39945
26898
33843
75900
60415
48201
71280
20151
72146
15637
70634
11288
17944
37525
33355
70751
4211
71828
32249
35049
42603
54393
9448
56932
18791
44355
54199
37408
25531
4886
15233
84165
20759
12134
83402
65824
72562
39227
355
66117
92444
42784
96456
94701
58425
2408
54940
24164
87321
20194
42097
82692
79033
78338
77076
85551
17449
76910
57108
16059
94002
33871
94620
67260
403
86469
90529
5809
54122
67530
98189
64984
71472
66131
42604
99818
57936
14746
98506
16382
89415
30034
50087
5337
62788
32540
5132
42420
35057
97850
48374
95651
82118
84296
72115
58573
48164
29196
94297
71956
11879
49131
70042
19790
22004
77112
11220
12901
35733
77258
27615
2703
78403
40725
26644
63968
83783
89282
4471
67862
81337
48108
70751
56271
19156
2537
82866
87176
94015
84031
51653
28740
20448
26550
4503
40283
59991
30296
83332
85675
21320
92230
6687
57799
70235
45671
17247
41392
57651
8147
74789
58882
24725
26435
90619
63770
78379
13770
634
19467
94246
24043
18886
51702
25604
98875
82254
51853
36222
86361
3976
53487
5949
18795
46542
89106
41421
12951
86036
73484
85289
41473
29525
85868
9241
92771
4015
94013
35931
40732
61904
46221
29662
63865
91429
97277
73344
54984
32195
71360
63417
65394
5170
71290
4171
21302
52932
5929
79893
1512
22349
65427
27734
27149
34177
52772
94518
33018
42460
32833
94859
88240
15921
95489
24456
57754
23825
42084
27366
49264
15762
86436
80756
14675
10067
19894
36303
58235
81696
87939
39838
98085
14120
34418
18383
96476
18486
2512
29687
38656
2759
40326
12523
99362
76500
75176
49472
9681
46833
46416
97477
10848
78563
30628
85750
35913
84671
13058
17082
14282
16469
36282
51321
54521
92994
96774
74120
81503
77106
27980
39267
21312
12396
88709
46505
75435
73912
81394
38175
34890
70421
26621
11401
35279
90462
28990
19522
83492
48667
82469
11804
5428
85429
15404
22186
66476
89004
58002
6367
79726
1056
67969
32574
18852
7148
76164
98451
89853
84122
10315
62000
3276
74883
82191
43861
89847
24880
16041
64059
64003
77251
90627
32836
94636
16175
33839
35883
96991
66522
80029
86430
15910
75026
58448
33834
2452
94047
92549
28131
14297
30538
29668
99369
38352
20469
8527
30544
3237
71543
32339
41595
72963
93942
42363
2474
10428
35132
37938
2676
73308
40281
1459
23330
4093
23884
46090
28250
16434
48357
41408
95800
32331
87910
49761
33465
47582
91258
94484
74167
7647
3295
32645
25448
34183
38433
13467
21968
32662
55974
23405
67320
56108
89872
54822
74016
29079
6338
95276
14467
74378
80277
14109
54880
30135
36538
9264
85052
44180
8898
54891
19170
40648
63770
95029
70013
7635
76011
89146
65659
10416
24121
95587
60460
24951
74088
39691
42459
33088
75745
4385
41244
95981
80016
99788
27369
89185
77765
95313
97645
29169
28414
77787
23763
1082
4235
26671
92338
94843
84808
66380
53067
17191
29617
4051
50257
84690
53649
29928
56046
96846
66804
51964
68435
4512
13647
23188
60631
63982
67659
80828
29870
80697
91501
36489
82002
46334
71823
59378
20716
47416
47353
47616
48279
9364
51318
24053
66363
75965
49531
42679
35535
47836
39266
798
62365
76449
9352
19251
87434
81046
66040
28356
27183
3980
36510
72369
25689
93128
22048
3922
12867
94271
9212
8630
49493
19188
3684
59071
53194
89594
56825
84666
14450
24979
45292
82033
41431
90703
74124
5552
36982
52572
71943
39669
81376
18997
20432
44299
72853
78948
98363
73235
53916
45608
29811
41264
38624
30636
51304
43176
72764
50280
66056
97840
24221
81373
13905
2203
58687
54476
30938
34986
19003
16495
66940
60295
22327
69542
27254
30496
98756
59385
86217
74246
91230
83589
30749
68841
95168
4027
43408
10795
39398
30947
32788
86701
86515
74102
15447
2
5091
18228
85611
18376
48010
63376
54231
37420
78668
69516
18937
69082
3381
20808
44420
13379
64063
91810
6609
40631
50623
45063
7035
54660
11068
20143
95588
88055
83707
80239
73779
48224
54094
27251
25404
80528
73773
67840
26236
27853
29357
93328
90173
25651
85090
74326
7413
18589
86527
19408
22637
94705
67493
74815
49378
60027
11192
30951
7308
27866
67788
66175
53713
98428
95737
70712
14987
76130
95403
63891
39605
96222
65574
78755
11274
57294
54890
81384
69569
36741
12729
76999
1527
64298
57602
79073
80731
79279
77873
65377
69335
42822
60532
98369
60065
63182
39615
91745
29914
14377
59339
31283
23185
22635
79803
26415
29131
88737
63541
92083
5137
29808
61381
70567
15137
90789
64647
89414
40826
16663
89980
35708
98257
30026
94556
96783
35690
67205
18690
48091
17679
63144
51469
55192
77401
81446
53813
78891
84495
31187
49942
91993
15737
85789
60240
39526
81441
89964
83232
69276
98534
50201
50919
13251
24397
23631
33026
93159
28079
83020
90724
61926
70047
15449
74404
41992
78339
6189
93165
33690
36976
85756
4918
9639
66721
97986
19970
12467
69786
55029
15341
45725
83973
49413
49557
67478
12225
38218
30794
53770
48420
60653
50812
1475
40462
88015
21946
287
11384
18247
61187
75251
96799
49541
32300
12778
45282
41279
46529
26410
3660
20558
23373
73049
67678
44998
77953
20633
65892
6926
29766
40120
75394
39395
85269
76322
34943
3443
69176
78705
76040
19683
1083
51538
93841
40090
48926
34431
17113
36779
22195
70945
91688
4384
50109
27862
37280
77762
33797
95463
10062
1313
34395
4458
88481
21066
99857
57403
64271
55977
77834
41839
72103
67824
50369
83977
19475
71835
79207
27587
96071
43521
3519
29112
84730
58820
48432
71009
89285
57407
39042
57180
69645
73712
68643
74726
85288
96625
63056
72775
40232
91523
70159
61136
58945
80356
98842
23863
54014
66132
8387
65444
98554
6209
99392
66540
97793
5282
19727
29661
72634
28848
68118
6864
16935
20653
72194
98390
99180
75642
98689
22850
8778
6432
87355
4548
73362
42383
70167
4374
59977
24568
16994
23153
49020
73597
58625
63435
74320
2102
76933
80005
76897
33395
141
11384
23404
63295
44200
38291
8161
451
24682
78371
67442
85536
56665
92122
18854
94843
93178
55410
35114
15352
69683
48065
11853
44964
57843
43337
62027
8758
24070
97077
98709
18683
45952
75383
6291
75971
81143
10066
98182
31876
96213
59526
99885
38622
55710
63483
16931
66503
44581
79477
8924
21522
44890
61545
63712
52075
99530
78440
5452
862
76263
99403
76381
27605
79662
48759
39584
81282
85830
42883
13699
83111
57227
3238
19139
10157
48179
73231
89253
94359
26406
95524
64177
44593
88153
77187
73793
84406
11671
54216
76440
2703
4614
97319
55612
96809
83144
72280
58960
6951
23898
35649
80673
1698
65777
25813
64295
41651
42406
53554
3895
26299
89186
11092
74456
80739
35226
31788
39451
2474
74966
55178
69610
31614
66442
10996
78497
59907
47625
22329
27012
75898
14270
82302
70460
90756
14850
62478
78815
62339
12892
32141
42000
58116
50320
50140
13516
93521
22863
74873
61583
51356
32828
56485
31985
68720
66039
49058
35255
54781
47315
4387
94026
20076
26542
27996
12028
6884
40631
83700
65888
72747
52972
77111
89582
42825
13177
11493
81294
16302
97479
84975
37044
72752
60746
75655
43070
57785
50317
1739
24717
65792
27223
24034
15023
8504
38114
21923
31574
22323
38111
6632
52889
39162
8984
88835
98384
55716
66902
89159
55543
54545
67764
18953
57301
62340
67342
21273
59330
50886
84926
54243
56567
38891
58982
96
45524
28937
62088
81077
4710
91253
79919
58971
78190
90847
32085
97881
63768
71910
77271
87353
90882
61157
46196
70171
98027
8270
66732
52683
41162
16841
62592
80687
37396
83868
50065
13997
80179
8887
43311
69446
93628
85824
84449
64289
74626
8793
40763
66454
30254
69460
57505
87420
73615
97573
63360
95409
92695
88810
2068
37253
62205
9404
39915
87868
28660
99231
21574
94321
40782
18088
17701
54880
28598
7824
93724
5057
76707
81907
95545
89234
67507
278
22429
71701
59336
75172
7072
39822
20507
54655
21302
91369
6818
6057
7240
84224
45909
96581
35628
75394
87218
46441
25671
12166
51758
2624
58822
65790
3849
58303
18702
10788
93265
12834
69746
61927
86974
68213
28531
53488
92159
81752
73814
86126
96785
26332
48061
22540
584
9499
59148
80126
46278
20151
2016
21065
74606
10263
19942
56712
16350
41281
35973
62204
35953
10514
98103
93984
36311
45313
97249
77695
68049
82139
83234
5465
72627
39545
15380
25426
54563
36281
65206
94349
99154
38575
64509
73113
10817
48681
87321
76711
48271
71819
37137
50877
45778
11609
50173
86271
28228
54076
86229
55270
12250
81453
12077
64138
36916
96550
48438
35061
94882
94516
2149
80068
76075
41624
63049
97377
46005
24990
83167
87629
57992
20538
29424
96229
45002
32357
59686
61017
89371
29109
97197
486
50052
9936
82099
17701
26497
370
36196
14266
243
52259
81829
53754
69670
57069
74802
4154
48559
52795
40266
3238
70908
98599
97277
91712
52028
15848
19136
4559
36864
87420
45689
65772
97319
1662
30016
66139
59524
45348
70879
45634
88793
68901
87386
5732
38708
75670
26558
87933
57554
55531
12457
36575
88843
93958
29577
51452
12658
90387
65673
10649
81233
31636
77402
12822
6570
16056
56434
68008
27052
8662
44630
3211
81915
94631
14444
2007
11213
91544
53003
76358
89289
31203
47004
81332
74962
9114
76929
3360
72085
78563
53480
69137
79675
60230
64401
57156
91498
74563
99162
22651
19235
58550
60880
48892
10901
9246
54659
94211
79514
27569
40239
21113
37383
89314
21360
50029
84632
96069
37860
97456
39127
53073
95923
48488
55181
75492
23536
21685
30230
57287
10508
36649
92382
30351
57122
30739
70323
98112
70430
65715
54454
82717
23846
44515
38324
32367
31753
90360
38869
14371
72524
95429
36703
1706
83524
66161
62627
12392
93710
35409
85710
32974
63981
22226
17060
3589
28731
7032
32191
90621
79706
86519
25639
72144
43001
56409
29227
51407
10163
22814
43738
33175
82815
15858
84763
15079
99946
90675
46826
90961
68111
57931
4402
35021
80005
21479
18736
1620
27454
34734
3636
24721
58168
48248
34665
86004
69789
64558
58704
27115
36934
11219
2228
70895
91670
52534
50158
48122
37463
1980
3643
38055
60205
41230
22509
21775
82117
90617
92138
21522
37673
27607
23952
75429
19178
19017
75007
34567
81192
98758
45289
35387
31970
19711
54026
56891
55702
33506
43351
27470
71321
70613
64156
25473
31090
65580
64515
16937
25738
12890
3887
79172
72419
37182
89442
9327
87267
26799
51717
72652
77527
15591
66930
38705
56691
68256
6084
40494
87204
65617
66072
48610
47266
64668
50200
67059
63450
98479
44338
53598
54502
58069
8828
68302
94871
66117
62967
94788
30268
44699
69624
28903
81789
70698
49943
55730
3683
25451
68782
62834
59495
24020
29733
60120
46818
55276
31905
7751
86981
22382
45877
88787
82460
98119
18150
19458
6762
98627
43833
90573
5288
11296
10226
42504
95993
37168
66821
76567
14724
94470
63376
37998
29696
81503
94102
30481
28335
48707
21483
39594
34211
55215
7806
7885
98822
80836
46442
83670
52547
30485
48967
5055
81617
78209
57545
48198
13794
87228
64127
9649
88454
55338
93026
92510
59006
7878
59091
956
4016
87669
91122
58055
77143
4239
56361
50073
3490
2340
43682
15156
90725
83151
24019
84239
45503
58320
56380
51487
23958
45903
16686
41107
84579
11834
51139
78873
62188
15295
48879
90943
21745
45485
79653
64878
39363
90911
27911
77378
21847
7472
44708
11454
43546
48971
18923
5303
31318
8787
47007
685
51498
7604
76998
58112
70983
50014
73475
65309
53099
77487
87884
88194
53461
52738
93411
45239
3497
59141
44876
54592
30409
79002
29639
16485
1195
5231
97560
35608
92910
45836
47555
53401
68288
48193
39445
14141
68487
21541
93895
89348
17435
62601
24279
44360
19588
56514
57993
90807
55560
73683
1805
72176
63910
92414
70276
72496
77965
60513
56917
65751
52454
37867
72399
7262
29931
34482
19905
5267
13293
79269
76752
81956
65245
55528
37156
67807
54722
85278
96897
44680
47238
6752
80048
19226
44030
75378
89490
75873
77916
66949
36176
7974
64624
28144
36894
79567
90202
17016
14428
85105
36608
52725
77514
76290
96931
19849
6931
8382
55258
2469
17773
92686
63615
12236
18512
45701
57819
53172
63232
54553
44991
44032
27351
46343
43093
68778
17331
37101
18634
57588
77604
37706
70850
11792
8072
94513
29238
3757
22295
24180
68447
81108
20615
75446
49176
43489
44358
52387
9631
91192
21748
37030
53783
59875
40113
92576
25373
31171
33196
28153
2517
69829
89747
97669
24865
80066
21835
51823
4164
23999
16463
54061
30877
39051
86105
63883
23417
51904
97167
99603
24419
64944
27469
27441
35840
40574
83922
10974
71678
15495
69139
98066
70561
94141
21662
98618
91361
22945
50581
69109
21654
92535
48222
85632
74729
67686
6152
14732
73770
76230
69159
73469
34004
33592
3733
37573
42359
62306
61829
84290
96143
10860
80144
88668
54860
18396
83500
36735
17388
87487
72521
471
1323
28057
77949
31884
16722
41837
52711
68153
34421
69190
37204
95448
46336
95670
64062
36968
90408
84089
56258
29055
61116
66290
72966
10793
12390
59553
30771
56333
84185
69416
97343
86282
3708
68687
72145
5946
55642
71849
20850
521
9594
93675
49869
26953
73655
84696
42332
59190
54333
46532
46327
33299
31228
43466
39355
35032
55091
67156
19493
57168
11066
96378
83968
65004
71846
50922
91739
77648
23524
58115
81325
18559
63238
55736
19461
67440
16421
46012
37137
27693
17221
71581
1999
37653
23089
64044
55054
60241
29332
37113
50855
88486
52355
63681
89455
13215
9707
84864
55106
22733
92957
64683
35665
96217
65206
27767
70060
75492
24005
71914
18611
9078
30019
91800
39947
39484
94378
46314
41915
7802
95868
31497
48315
86411
7260
92839
66204
99556
66280
6245
57733
31557
90905
14403
34736
52537
35915
5781
72447
95321
93983
79561
36236
57418
18501
41777
58467
60554
23734
49971
18836
63393
42949
47304
26865
61459
16367
49254
88957
72366
61563
70503
9211
17760
14181
87054
18172
15615
57064
87410
3568
88597
73866
46593
13818
16306
95261
90897
67909
65483
34372
5649
75822
16309
87409
94339
88608
43601
87538
73276
36169
86661
16824
81
33758
23480
70350
18475
43237
31447
23604
42851
3490
36323
46402
30239
89526
96355
33485
10559
66198
25470
81344
23474
37993
55914
94680
92901
30351
19841
98446
74570
28077
83787
51241
16907
71772
73785
12835
90338
45955
76785
47660
36462
41878
91521
2158
39499
69907
57169
4813
92252
10116
76979
7078
10699
5316
93349
62088
77843
28799
77449
88124
23395
33000
49033
14774
19703
85082
29494
58466
15741
83520
43147
64603
89412
77809
44882
81596
46472
53755
55181
22993
73181
15027
6193
64454
51098
76709
40541
11590
78423
11697
34991
61538
68506
88660
24264
3461
92844
76746
82455
54417
40412
98702
89072
8731
66968
12375
17665
32889
60434
11753
15615
24088
73618
54455
14943
8368
26806
84578
63676
42993
44540
17903
80042
4044
48529
81608
96096
751
53544
41420
88751
69725
71300
764
82581
74478
25955
97462
97486
38722
59043
7651
51156
66670
96081
10903
87920
14051
73717
15896
76654
8266
13070
39461
9876
22509
18659
85027
60202
85360
16278
16914
79345
19014
23001
45890
52787
72853
71874
40464
82412
29344
87092
24953
83950
36888
66747
13372
7963
37626
93687
82045
27034
37647
64765
80484
56655
31839
90887
60072
55819
40927
37259
12126
22444
42129
28306
32141
43668
50190
58115
15067
42177
33253
33484
47310
21173
88116
55510
72987
55761
5287
77064
22576
91672
34232
89879
41697
54249
42516
89234
20948
81966
11801
84645
41484
92085
74966
2509
41821
8582
34605
69703
57772
79510
78620
39868
93781
4163
17455
59311
68539
76328
17899
4310
50531
63863
14683
20453
88211
52249
86609
77892
1152
60956
37166
33101
30375
48607
91999
55224
46207
85606
13689
64405
21155
35584
19292
43065
13051
94364
96098
37533
36793
83205
20695
44620
64066
7491
34113
77621
77402
54512
14298
89572
21973
56713
68551
96815
42343
45519
9493
45173
12163
62230
13103
82932
62639
53493
83155
14947
44570
71617
7401
93846
56150
49075
41098
17946
40260
92546
69034
22883
14494
14378
77822
91694
71307
24116
42432
64442
67033
22476
721
67532
84871
50925
25370
74563
70101
37762
81980
10572
24336
19166
33050
5784
47111
20452
33421
72897
15614
50604
56555
49796
76484
86609
30678
97785
84407
21409
11625
38522
11061
18712
47914
22093
70895
39869
8975
5225
23705
66535
47845
2497
10566
58462
98547
95328
81327
72037
44582
50855
90695
69534
48827
16428
65921
50924
91047
98262
20246
27585
90155
48691
26137
43458
99511
5623
71251
10957
34889
7242
11476
28196
49192
49079
2759
54058
39230
18022
88061
35350
16457
12370
76826
60769
47826
41526
69884
31485
56172
19970
48821
10713
84978
96120
76379
99153
76359
67107
58951
92924
24076
70370
37148
37340
39378
62498
20342
99748
13669
11863
11694
73025
10200
84896
11127
77785
71865
65367
95631
57985
35738
39766
54785
14918
58420
763
43218
53072
72699
3606
77698
72122
59071
95136
11274
46086
75221
39485
21391
85328
21183
70135
17816
44308
8276
75796
512
81
84992
98594
27287
10991
71476
965
57186
84310
15585
22230
78920
38614
19280
67269
27049
10063
34164
39571
13954
15064
73622
65041
2563
32379
43976
10303
36801
65602
21949
10476
6641
82624
251
43136
68080
74105
76318
66706
646
58105
37950
26963
30501
52991
60565
82776
66047
53914
43086
7753
10144
68705
61841
85448
26459
19951
96030
94908
67015
61173
64164
91583
62360
5109
15588
96295
38363
76144
99189
52944
33744
67458
38925
55848
77113
46658
34539
49572
71813
61200
44256
82886
22515
14196
332
37936
20782
14803
16676
48129
78075
81409
99691
39472
93940
46366
64603
25392
37402
64270
44412
89902
54725
90142
74008
42685
29779
5993
8334
79800
85411
46457
23094
5815
16917
81278
69067
48164
4777
77652
75512
23560
59468
51059
74869
52334
67767
99452
61908
30747
82055
9147
12170
7543
16787
54353
28161
32373
40187
57646
8156
14789
6469
36875
62717
31617
58315
93875
22555
12662
77298
16438
20615
59750
88757
20852
30434
3665
15273
21673
74918
30327
44084
77586
97745
76264
34287
15550
89027
62563
53116
36694
7976
47130
69495
60723
17091
22592
88341
43251
94019
73891
76896
49245
53449
65616
88531
52420
18786
95935
23918
24496
17100
18514
82728
77828
70704
28882
39130
86453
97330
42764
4848
59992
59546
40604
8462
73484
90254
28034
3760
7842
15323
72022
27654
1026
53430
94839
24137
32128
87732
81866
96763
93092
38644
28620
19593
89462
64402
91666
90018
88208
83462
1888
45920
51254
69043
16904
89699
12845
57153
15046
62165
90752
92174
16076
9172
45078
90859
81701
24398
75865
4745
7001
98720
15463
46001
11755
21347
30926
21010
19000
9082
98587
38015
15552
24379
13435
26101
76399
31983
36526
5139
11292
74975
72685
19701
6011
918
22567
19447
74514
98602
82701
67268
14153
83463
76461
3167
30456
5253
57288
95557
58773
91834
38153
5964
63578
52736
76621
91696
95737
18976
14459
49718
87871
70725
93453
32025
26035
95762
39989
10836
98779
11478
46495
20398
26381
31318
23862
32088
47918
10267
95645
71146
74695
40969
46366
19457
36821
66720
56122
53274
24296
30871
23710
55538
84142
32982
79397
43427
90009
44435
77132
34693
65263
46451
96777
47294
45338
17755
79583
32259
28874
44533
43778
85469
23331
43313
75023
46902
24359
73995
95204
59314
39639
86714
86540
67908
87768
90957
36255
93398
51921
80435
42079
3483
33135
60951
5882
28243
44191
99071
74118
19066
87137
23862
24400
79763
87092
38240
32206
40829
57959
32495
19067
16013
49231
17818
95053
78548
59911
28869
59526
54381
81499
86185
80338
48438
2453
40295
52333
62380
37430
46779
2710
25288
99877
76137
72176
15777
62314
6776
80815
49527
58751
95426
35438
19425
61367
26065
54252
15317
65897
27334
68332
15322
39544
19737
37567
952
43524
75962
77309
46797
85907
69825
3398
11180
29785
93779
16136
73093
45641
79276
16234
53134
48053
9999
95630
86072
50746
60913
87071
76388
86043
37016
96483
10096
78446
87387
85743
80139
38569
71224
72253
86352
29467
34018
63620
88925
92027
24258
89640
67587
9928
81158
69675
86620
11099
15198
67269
29545
24107
51495
50205
82610
88890
921
60754
48890
73342
93302
32733
42397
8036
35997
34523
74416
7023
29882
23666
14034
46378
6704
94044
26487
71272
19483
66459
4884
67340
9862
98996
63248
20118
56197
56032
87074
21019
89642
97461
28546
73264
14729
15582
98724
91525
47242
59551
73931
46634
95259
79596
81216
91531
53234
83167
17402
57450
23717
11338
69407
34461
55869
81549
63479
94305
69485
22279
51838
79964
47449
53397
17381
32421
95120
40770
31648
91121
95319
34962
24029
59931
92528
58250
72081
30266
17780
71716
66883
73030
38629
29624
97301
78303
28053
94085
17394
33179
52102
4418
22040
24962
7713
93966
99185
41861
62214
48795
96410
12463
51518
26280
62130
88755
87308
9476
41932
97619
9468
33213
76525
97768
55396
78808
41335
17825
56096
39077
4368
1035
23376
98468
39019
90901
12921
99066
52218
98561
59065
30219
68051
68984
75305
54419
21511
12348
67493
8545
90995
18576
52152
19774
23711
18889
27893
24272
69566
28904
52630
81359
85765
23136
44427
95375
89087
53049
87261
71229
75833
88241
57258
43371
38554
79249
65161
7541
22462
976
57296
28987
50331
47550
48082
85791
48883
3601
74757
20129
63008
88649
29499
23313
45930
77705
44453
44914
24557
79930
65332
68462
25086
96264
32712
2754
61318
8781
81219
44462
53727
20351
1809
68590
71608
23643
31028
38215
75054
58635
46491
85485
78292
67132
8221
87183
58741
33944
97440
60849
34795
20246
82983
42531
35643
88834
3901
54066
14837
45328
24472
40102
22381
30295
66401
42656
86840
60909
51704
22287
46676
6238
69860
65921
33438
79846
90169
57953
88043
45528
44012
27373
11340
20370
9666
33481
37368
59277
32947
82774
19742
76961
23377
29725
34163
6389
63103
47996
731
65564
343
97832
82240
75153
14172
28556
50385
17061
9093
55796
98664
45947
66023
69309
1315
97098
28761
2011
20628
32920
5287
27562
27961
68930
2545
69715
82861
40134
31758
27048
16743
42172
57222
22478
45185
46180
45133
36187
6198
81110
83095
20306
50184
77150
84109
73795
10938
54068
28410
37064
77628
61092
27368
67810
60277
72780
69870
13309
72608
44456
45695
10250
85303
82044
39053
56491
88724
43544
24123
55135
51965
92574
95813
39518
49824
84980
77378
50811
84820
28749
58777
28793
11724
94694
49420
55650
14804
89411
62201
72404
76309
31824
63579
61741
35415
72844
35003
68139
38097
27618
85070
67393
29944
73274
85099
85053
65279
87849
17986
75296
95402
19059
28488
43858
85679
16901
98526
90608
32623
83402
41686
99312
81343
51719
78825
20140
28995
34072
4103
76980
49977
9238
12713
57202
43679
91383
98849
38450
9595
64367
90371
26955
71425
86905
77002
57250
3335
19721
76061
18513
74318
44394
35515
54694
85931
85758
86050
78224
94449
64958
56058
31207
83746
41006
25318
86163
6345
71285
178
94296
18052
60075
81013
68256
93031
14731
27886
94437
74716
21574
16805
9273
58010
85590
2661
5582
73722
58019
71271
57921
5332
20624
44000
44637
8308
59164
43209
30419
61586
90838
50905
32049
19542
81764
460
14242
63381
67259
61663
71199
57871
91612
3507
72874
48152
46784
73196
98155
38344
19736
12440
48325
14
42257
88963
97427
16075
36376
59948
33866
71522
97467
32851
83877
70669
84755
89731
76245
85129
88418
42201
6463
96356
71
49
13719
17116
71125
96484
61523
85967
45053
92075
41849
78398
2579
32035
77284
92801
3032
98167
27004
7310
27796
99677
60404
58761
19629
2205
63397
57053
96950
13026
49925
77534
5976
51969
99943
42207
75243
80311
44949
39892
98424
47899
26469
5391
91001
5479
68089
52720
12446
83444
82096
90251
15196
99152
68559
393
39645
54958
97486
68920
33086
4470
89016
32026
42149
64314
72421
50609
32092
35077
17557
22721
53218
87112
8886
79897
73208
55012
67759
14150
34115
10677
44606
13506
30929
59673
62337
6823
83410
99549
2561
20285
82824
76028
6805
93953
58882
94442
63241
26686
33057
17479
20627
77369
65887
59375
37033
28084
90266
88661
27184
84633
87199
83336
34804
22409
59864
75510
1097
82476
1976
65597
67199
32542
32515
97272
39896
77189
80306
14932
21015
78766
91770
41072
81092
16636
90049
67236
47619
71554
22640
34253
16557
94748
72364
17928
33086
99488
41224
84396
34089
83371
93344
80765
24710
67460
50279
88085
44854
68614
19478
59844
47778
75334
67646
48418
92862
46126
2243
18168
32359
92627
27891
29542
59835
67723
49040
72451
60178
14586
64186
40407
35965
95910
80842
37643
85421
11005
16362
13632
66356
1964
22382
79004
52075
62796
86474
41222
27101
23946
25066
86959
97245
23055
52036
41461
55480
63802
20929
56986
18419
77828
27906
30267
4428
79071
23878
51868
94491
30002
62996
81856
29764
88611
51812
30395
70245
48886
77467
97039
81249
7817
45350
36232
89519
77226
43162
12909
43873
39381
82163
21619
90075
59376
95212
88528
74057
92114
74575
73003
38917
34606
46731
97098
60949
43210
57195
8633
71243
21640
71215
6593
86334
23890
75737
10601
32477
91674
40747
27202
35908
10969
7994
55110
47839
41377
91780
70387
93398
63284
56337
78130
74310
4463
58122
46642
61086
48251
75283
46309
20030
34528
41666
22232
68165
75569
35285
66185
83638
84611
56050
82383
51366
47373
37095
27948
26611
91621
49259
19571
51429
86807
15235
7959
65302
93084
32283
81870
65768
29094
49515
84226
16391
94438
7171
1380
69303
85761
86944
72269
6092
25595
86749
8787
7233
73954
26763
26937
67368
30173
20030
69465
98991
55711
94879
33223
19292
33707
56929
75080
43286
53414
417
54543
35096
71823
65991
56928
40201
35714
58645
40850
4676
76990
13479
25834
58
6448
725
91347
66321
5345
14501
35594
9064
80049
85235
60679
99558
73948
82087
35595
28831
11863
28982
52677
25177
32205
73690
35410
7963
69835
86735
31653
71528
79180
64788
22000
42231
69044
33164
12844
32981
65582
8759
37941
38912
64823
45479
55046
86587
5311
57369
66253
53627
23049
12018
92812
48007
60802
657
67853
32757
65314
83384
96485
18609
82848
64065
29883
15260
63234
18448
30513
40783
69243
2614
63249
3104
91041
13765
60354
86725
18644
48822
2651
12466
20482
78026
48479
67161
71975
73993
81429
68387
65311
80086
67667
82197
12274
19331
56064
758
15596
39786
23353
86863
26855
25469
84384
20435
48768
89708
56965
47036
40303
81127
14113
16492
80732
84019
98126
4821
15585
62722
43284
89241
37018
62126
75472
89156
34946
81052
90830
71710
57700
59595
71129
78857
25469
15788
85610
95013
93642
28044
18392
82267
17028
34392
28084
84183
65972
51174
1464
28254
21204
51242
85172
52873
96501
34112
49844
64729
49996
95227
85488
67716
98878
85254
89336
80707
9998
35255
91023
64944
98409
3113
11179
87540
44329
61017
72212
2625
34041
91288
23183
83772
79587
62575
50505
6457
74423
18255
82356
91356
65943
20881
45016
98414
42556
50676
83388
31773
45056
47377
74185
30716
60151
36519
29845
18091
40063
97631
8544
35483
61899
47219
30687
58707
72043
1715
88128
36303
34748
82878
6283
91743
52899
99666
99001
77527
58096
12764
44984
93652
77629
40439
57569
86664
17103
92467
23620
43067
32729
32414
66394
76791
9710
46873
29457
18724
90193
86308
26371
40840
62547
47085
97024
62177
41093
82442
77817
60485
37518
52317
59994
27298
52647
14891
57854
21459
89649
44022
41604
79576
78095
45060
3573
2334
16483
29492
82032
6025
70208
80276
87333
71787
86393
4144
31105
30543
43415
95391
45571
34661
14649
63134
5549
80412
72419
39095
24144
94818
89018
7997
29074
46171
44704
46794
62744
17486
43511
94689
45694
11601
409
71792
90276
57241
64983
88207
40905
48503
83786
27310
78044
94258
98451
6942
64927
14961
39511
23161
29914
77388
5347
87213
17007
62211
51202
41162
27082
39599
41399
13619
87032
48725
49697
33970
34252
42857
72857
48307
15428
84212
98190
75641
11032
61708
29953
34816
47719
37762
81867
47783
77974
20350
64774
68305
6253
13195
54785
28065
6039
23821
61124
1306
7103
70167
40278
29318
44560
64480
72690
22070
42103
91203
7732
45702
79197
29705
76181
55298
32257
16385
93442
89320
57731
93615
35644
66681
83950
81391
27716
21056
88071
44791
42268
91607
23088
96884
68537
40865
21430
634
90255
83238
65072
59796
5679
86771
12617
19072
89108
76547
37014
99486
95807
89653
30378
71803
43574
13488
34522
73597
45367
63169
36764
51633
33998
97311
48935
16125
22614
82312
61168
35316
33868
31623
26129
10203
24247
97935
87935
48873
54063
64878
92283
51168
84042
88585
48983
52614
61228
51284
53310
55049
6342
47832
55266
27086
46474
13438
25798
8367
37836
96491
96457
6795
15379
1697
65617
64184
63523
20174
47555
45639
25552
85649
19533
80489
70885
85595
67591
45412
48327
96320
54897
71330
29002
6118
28974
86035
76356
99043
63729
10809
72136
79568
11036
57571
68420
85488
35788
82344
22967
84799
89091
41054
3728
7671
29497
20692
28299
74777
56200
60879
45847
80385
60039
41515
41594
25127
77792
9261
72723
79582
87827
64480
56445
36746
73502
45984
74612
61962
12068
85397
49806
85246
22445
63528
7228
13843
67602
21331
76620
8281
57736
1579
42842
2850
64961
91751
19528
69520
15976
43293
7695
26527
9621
43385
96971
24611
84609
66981
34168
83513
46079
66337
62708
70802
11072
60601
57940
96511
34286
27751
57525
56461
32640
64441
21846
86248
21637
53594
71785
81751
26456
5091
45985
68775
77702
23279
75625
79059
66556
82617
29234
620
87162
93107
62201
91398
38870
72040
91777
4360
33811
23016
35233
88225
85767
51234
93886
45179
21539
10723
2973
31014
95196
52417
57057
40987
20351
93933
93100
87793
84975
78880
29955
51669
98517
56904
69298
39533
2239
30447
47377
49597
61817
67424
47940
3439
69857
57760
83007
26468
29392
30445
57520
55832
79644
98219
5424
34745
36049
21213
71046
44937
78939
3984
19384
54930
93061
83564
89707
28863
81936
54353
42939
91092
63345
53376
69196
27771
4477
53617
71130
62591
10925
66632
58401
54530
21359
74122
72024
297
51479
34552
3483
81025
59400
2440
70657
57833
48039
93009
10378
86292
68052
54144
44531
75039
87505
66428
92487
26267
29023
77653
30267
82432
50083
8455
34011
12307
45583
64854
33570
18938
11539
89410
77383
47383
50869
61914
31692
60904
82719
11363
79731
11468
43239
84837
94539
56781
22100
83361
67024
54931
81635
45757
71274
73826
4285
21051
30942
50945
68429
58349
12250
83185
59438
91439
74753
78642
76760
97148
24169
25591
34736
31582
43547
17659
97921
18799
39192
65246
13915
77229
90207
62221
97830
78639
37303
65782
18135
3557
43097
29817
30971
80747
92474
24370
99113
96546
52029
51799
10084
15897
80020
24951
59191
41432
20195
50052
2209
53614
75904
85485
81858
65695
37029
91199
68142
50028
85355
80799
54136
8970
60506
73203
54050
94352
94619
53988
39107
19177
18545
1375
66770
87393
55162
98017
97208
65255
3029
56397
58443
87250
63572
64520
27652
57612
47959
65276
43717
1274
56227
49084
11190
71229
97663
1113
55390
6817
70901
64839
46813
66206
10944
83032
35068
74528
18715
94465
10533
39011
93991
2886
46999
28957
22356
66885
45398
95985
45550
96438
46392
29343
10271
37832
62949
69460
90184
95540
89730
54048
42627
90391
94354
38189
9584
92236
76306
80540
29452
53124
38897
53494
54743
4705
7283
53341
2085
82232
48873
30777
55715
59405
61266
74462
18446
17469
55935
73112
20082
65607
84343
23174
4734
56484
96384
3599
8532
8809
19373
30119
90579
64857
66533
92426
57541
92898
74600
5565
30548
9608
67375
7952
46667
58952
98333
83221
29124
19891
19742
92114
36301
3193
60458
63844
68780
15722
48759
98258
8321
3684
44809
93276
62859
18753
40198
90857
92871
68840
16921
25548
42869
50369
42563
10473
98232
76391
76506
45781
58151
13162
74474
88640
89066
27259
93818
87385
4399
2689
23646
41818
44138
76341
97244
26864
64799
74098
45093
27913
18754
7475
90349
60284
2970
94194
49244
85931
60630
49984
65611
92388
39215
2978
40107
95158
29209
56169
4209
35599
24935
52812
86458
90182
45193
75103
81409
66527
53125
15698
45674
24133
31298
48592
27026
50675
22813
14189
85670
94871
78014
7886
26754
54415
37077
31257
2602
41160
36234
2086
97654
8630
69888
9493
2978
65941
21017
167
15090
27866
12785
82717
32806
44931
4309
41477
61090
90623
75951
89431
72345
15019
70498
9338
57585
17048
26057
32043
53105
13936
72500
40248
30293
51039
18043
37044
54245
21805
45614
61084
29658
22645
99099
57803
82086
95297
75080
81823
50105
95599
70166
11979
65208
46802
29741
82635
38131
60550
51908
85929
39884
88973
47062
1153
55366
72536
52423
81767
26887
67265
87232
39285
45008
14866
59772
49699
15920
12695
27251
62287
41968
44234
81937
57505
43770
60521
75040
83490
21297
35408
98913
93694
69896
59684
21200
40685
75583
97945
2437
9550
42873
93312
54935
82840
8367
30881
66970
50342
87030
80041
66715
25435
33299
89620
43960
95649
7035
89557
57383
94844
97496
68933
60469
91479
68351
93538
69388
85323
93665
19087
74115
17974
10258
17700
19414
48655
89299
99097
49137
12888
93550
24697
96460
41256
68693
73478
60395
80276
15724
25551
33649
86026
40561
7592
12054
73940
32843
63455
14488
14829
61492
81647
56676
67942
5926
48740
15176
15598
70205
95304
6350
7938
40419
44494
1293
72798
72473
19213
22786
94873
33143
89111
69599
68114
85438
88088
77413
2666
5646
45474
15812
25843
84608
34308
51396
11903
68021
28517
35329
19953
58301
44796
10070
20419
19201
25710
45607
96066
6299
39256
1466
13630
40669
19615
81685
72380
12047
88561
82503
17837
71326
12510
9951
24731
79492
80506
23329
6110
93098
89389
4776
43955
83883
2833
36571
88346
79041
49180
48913
59727
42481
81346
96367
66390
44007
2182
85174
64993
52622
79015
99856
79459
46013
17491
48626
45791
34845
85338
40926
38694
2381
39496
2967
16909
34479
57511
29746
37836
83043
93339
93339
62867
39648
22776
75356
89979
16143
43561
80724
77310
95331
58336
53488
14083
89533
25316
97941
66391
54206
90780
53501
93702
8253
10218
57346
2984
78379
79457
31911
86495
72435
47338
81949
59283
85675
36988
39811
23237
42135
58646
29647
91283
4614
63616
43363
44045
86008
88883
27375
9162
59570
63354
83629
92263
39838
99636
54614
29429
65430
72371
11600
36685
11650
94228
4874
47993
76386
94205
28408
52544
85504
74703
24256
95560
61132
62217
89087
44636
66855
13300
16976
89495
52082
22748
26925
9081
63708
89686
19444
86038
82374
10382
57807
69763
47045
92962
79633
10386
58742
95369
67658
91802
60475
74830
23657
84866
39098
88069
31130
77620
10549
9977
62573
52129
55394
22105
84603
88901
67303
95792
84285
86700
74760
42369
70170
75122
16896
54492
48514
68170
82583
78701
85894
71486
45642
25173
29019
77251
99091
42058
69982
75638
58555
41824
75489
72397
47808
5678
14369
24940
8359
90732
43083
62949
11083
80958
17042
18106
4660
48534
67970
84605
39555
62960
