12544
81972
8924
12858
79892
44516
57332
93013
11265
50995
53564
74644
94301
47718
28622
21341
66793
11391
7548
69150
34365
7246
89750
68367
16548
65558
95101
75793
26212
21602
24116
70190
55962
65952
39728
36563
12188
79831
56029
81619
48688
47961
47345
87316
67525
5503
40861
69767
35286
89953
69553
40517
22937
55662
50284
5297
92222
40556
96309
14333
49415
81538
66800
89662
26878
83373
18681
28349
7990
92059
9153
86961
55361
25929
20462
86404
59901
2433
841
11045
24697
25334
40507
36259
52049
83598
47252
300
15667
34430
44340
71631
83522
41695
32204
67150
81161
57682
60437
84151
86821
12512
61777
43227
80800
82591
85155
97008
35199
63880
45396
89789
39715
85263
89636
24080
41031
30541
37613
43280
36121
18380
12681
73559
47719
37521
3439
13666
93724
53312
5242
2218
41995
16690
24224
12185
63557
97279
55458
69457
98442
50244
65100
51787
89034
54551
31916
98258
52058
8124
26118
50619
20069
17157
48030
68440
99830
88218
95508
43278
79152
71489
3284
81887
58637
43177
47793
23024
61038
77451
60523
43751
75082
68156
44837
85876
53280
60893
84524
93168
5605
5180
61607
85600
27193
54623
82149
24838
68660
55784
12354
75339
1771
12180
90305
26953
46959
83213
93150
45856
6757
8892
37219
74606
47600
82367
75537
51912
72320
62153
15160
38936
3693
2339
37673
73971
9881
17684
54694
4014
61028
22955
54364
5254
65097
85184
41979
62902
77851
17884
38917
70067
67743
38668
86410
96713
67961
87000
37999
44825
79086
30236
52517
6506
40623
73418
71645
99431
74506
16333
17071
29275
28518
89136
84827
83801
54527
31965
9509
62416
40388
12634
74061
54436
23236
45093
71193
65024
15929
40960
6010
22880
79685
9869
24928
30791
70437
47857
64630
91678
13538
42547
88395
61517
812
9641
41548
78606
53840
2609
42185
35996
77491
75582
4437
66451
56174
98081
83270
95530
2225
6621
83502
33546
10323
94191
49590
18648
64208
54036
13363
6670
67334
17830
48878
97840
24239
12544
53623
13594
3544
92586
11184
13319
98775
70014
45389
4102
5432
58476
74616
72355
64587
69100
89453
6917
59044
54849
51193
6621
60051
22899
14398
99804
89245
35514
68661
59660
26703
6596
42212
43630
44458
69675
91986
9638
95436
70183
34771
40309
48801
45487
13216
5731
79419
41007
42083
98234
28376
41961
38796
69389
61351
47002
53543
80644
78187
11379
24074
63260
1352
85729
77398
98836
16264
30986
27897
94911
77114
79814
11480
88861
20078
10883
57819
14564
9683
8667
20385
48237
93431
70427
31283
84742
67799
72822
82278
97455
16132
11341
31451
84056
46108
71510
38957
63072
68088
14380
89467
48432
13109
47171
21120
48562
30481
49934
49311
50468
89182
38978
70961
69520
90994
75836
69829
30924
54445
92656
31036
43442
48708
30442
78778
65772
48363
27423
42752
48567
71925
94747
46475
95303
19199
71952
35128
46259
49307
82721
54261
17865
23510
31810
8273
77153
40380
61931
93061
70272
1680
8032
8626
75431
83344
46025
99724
82667
68393
55347
198
3057
7181
744
78542
94435
92502
75658
50320
19042
40708
23570
81617
71724
38395
13170
19931
16898
22169
1624
25392
86432
34361
72479
46886
63892
86120
71044
11959
73174
72228
52460
77865
93959
82522
51203
10683
22766
53267
13837
84650
64722
11610
74019
29564
78110
26415
36902
37036
70173
26093
82825
60498
66768
29955
13766
68695
34701
53857
14649
8314
21458
63698
77145
46813
88247
45704
87657
89201
87191
2487
97165
63631
8331
16973
60669
74821
60341
42915
68776
37477
49218
34007
41785
47081
89402
91961
11097
64004
68756
82507
75981
68909
38617
5523
63192
1023
34464
27206
41317
32406
38757
47700
49844
67685
28928
19194
52167
49794
69285
38944
8354
91786
85081
77172
59095
87451
21913
30064
57410
96285
34606
23652
20444
4684
26505
28255
25013
2807
53781
59646
40357
33135
1598
36369
98719
1518
84163
74100
18153
70207
39794
61302
94718
29812
74153
84194
83828
61445
46428
75740
79110
4400
69795
45031
97800
15105
27255
45160
41179
672
94181
49359
96013
9639
98586
75218
90188
48711
78452
57576
3287
47812
11911
87203
56491
73304
28934
90632
30530
42310
44427
63568
56379
78040
80535
35957
63340
56566
38569
83614
74263
39002
32920
17480
76026
90435
65289
85079
31226
98935
94006
35116
82992
88851
72452
31297
92488
82591
88539
24496
86170
36623
14629
98869
56244
30612
92979
17972
29103
62629
11877
33621
10142
94838
83313
64284
14892
94430
11176
66055
8014
43854
59405
31595
48304
9311
80576
67528
5588
49238
43468
80748
68026
14073
97443
37639
24373
34051
61236
45414
97455
47317
55975
68596
87057
60384
24973
88154
5537
8167
16405
98058
71415
22484
16481
42316
77217
83033
50564
46933
50036
25451
12384
79865
19161
31129
65594
96069
97394
45674
39911
80841
33193
65762
68599
60697
87878
90809
44538
87920
84337
92422
61990
97420
32833
45409
9333
45542
97591
55127
60422
41339
83486
14303
95377
72004
34933
76110
49434
55928
94789
28904
90759
59863
68256
35563
64864
5652
53884
55784
54437
86407
38495
62644
62595
57614
63460
14964
47032
73752
21795
20051
98477
42267
85252
98571
97354
18890
70384
96594
25763
11768
41374
88610
93130
55432
1662
2127
29163
97269
80544
3680
91658
41807
689
74014
2844
20842
51707
37763
8544
19969
29078
75682
34132
74737
30427
48492
74611
69684
38209
45974
35267
57289
30020
42668
45033
49884
69513
7163
55952
61332
85800
49763
93207
18115
28393
56670
41577
11237
95726
76511
67183
32621
88050
5794
82690
65692
54478
18392
25005
53169
27516
59478
59060
34570
68412
34369
11786
58021
28980
52959
51329
44544
81811
47212
34168
79315
82474
16017
46344
73756
6915
63373
73957
61697
78791
2646
69239
24226
59978
79341
95406
51120
82157
2782
33816
26321
90703
58637
49702
94024
44883
83556
82256
42766
25182
22638
50809
40837
71625
3375
83217
38460
72048
51248
46254
64142
85520
97362
55779
65766
65130
87560
98042
49639
57553
208
62386
79028
13395
7847
88612
23837
66315
52320
28872
23359
81116
31191
36515
56152
51836
28401
52600
56603
96124
56945
79072
30908
56528
69673
40800
93340
2858
83935
28894
57323
85513
32617
85213
24973
60252
71780
27442
63778
14763
59379
72145
19728
22375
22895
83026
54329
60846
99626
13930
36728
34960
41439
53515
607
21136
31477
22500
43721
67046
95271
20979
82379
23426
71549
37845
48499
45977
11541
95899
80055
958
88821
41839
36744
84800
59344
8533
33632
86647
86470
32493
3231
70005
92165
22363
44074
79101
84606
3837
28774
49280
83720
96731
19491
38400
89766
96301
50826
85050
34526
8352
49305
3726
33874
35769
46138
99599
16770
15807
61792
22944
88868
57073
80575
62777
17747
12373
31260
49185
93771
69397
61371
7704
67125
30775
17238
92090
22347
98344
95034
63042
57706
48582
52121
78118
83188
99504
36131
56395
76225
44474
62330
68798
42044
5829
60412
26646
16155
56714
20652
77392
65040
1640
91278
65129
46980
41600
36601
3099
18531
54047
77252
18426
20772
98749
65238
40285
4952
2457
79589
18242
76242
74865
72960
49296
7067
92572
65660
61295
70363
90591
75934
65633
77691
17642
98001
56065
57303
86992
31137
41588
62903
33032
37863
22177
67221
43903
48025
43295
40591
20126
21693
13698
77125
2410
1149
90175
28679
41981
58062
54408
75939
75306
32735
27939
78112
11618
40735
3130
748
9172
82981
17960
71319
38000
55339
43210
37001
50783
82074
63163
44546
22365
20703
50236
68897
62236
88508
75281
16492
7826
27386
15322
28930
76729
65648
87597
296
9923
44064
55603
3168
44895
42546
31419
37145
3732
42378
39124
47070
57938
53173
77896
59906
94898
9861
53574
54602
82499
59041
15876
23110
65454
86637
92921
81786
67659
89030
94590
72351
67742
42914
27077
6718
26471
59994
99651
79818
89284
13090
65165
19858
49383
28210
58554
54653
49489
55415
34031
66867
12073
32994
17796
50882
28188
32492
37714
58257
49625
49633
69486
14702
47788
66772
79328
15023
26095
71177
33435
34904
10209
73756
65318
69408
93876
96017
73726
37243
28083
38268
32296
12243
54999
27722
60278
34747
25117
76195
78530
93979
22279
41394
30192
39650
43604
50462
72069
82610
48882
43530
28557
78311
21980
99126
56657
38316
67676
48388
57005
32170
58765
471
30173
11357
17336
57242
59702
20065
6494
44580
89906
49899
92647
39456
12624
68815
43564
25667
25804
43414
23947
91116
88360
84553
9710
53985
90263
55873
71064
21961
67070
76729
19190
46359
35213
21808
11220
18835
22314
86361
90760
52004
76116
4302
53624
78658
85663
82524
86502
87842
94752
42009
22583
13591
8222
67649
12111
45620
1646
63351
66979
3829
49001
84532
77509
13176
30708
46288
4242
90816
57594
24728
3353
39443
52653
71943
14999
84058
30929
31052
68321
7739
69371
83222
27208
25061
54145
5599
38137
67563
9697
65600
17189
58962
19382
86930
3002
91583
26792
40447
47949
39375
78281
95685
30247
70024
38656
83140
60937
36278
52649
28052
14691
70594
95029
59239
34458
65779
57324
52448
59030
25109
8151
36679
81118
91993
7539
44390
20061
65723
68941
23416
57265
90481
83102
28946
29458
73685
52974
57184
86405
71005
44662
1858
14913
81644
50909
46594
63933
60142
52472
37223
34259
74343
81416
22840
31224
41601
14567
38254
62485
94265
63079
95214
67337
29233
70787
24209
87492
66083
29780
60773
12805
140
66043
88025
80447
6292
21765
99474
41084
60944
80457
59918
13250
31718
89157
82922
9065
60261
97722
87856
59117
14720
94698
92139
7926
49447
34520
85680
10857
26700
59102
97849
30361
91698
24418
34118
8300
93390
42393
24931
19836
15092
97170
1540
13808
3160
81963
35619
40076
87864
15143
27230
68361
41924
1655
98085
5441
73903
80098
30999
71771
36085
88616
14383
1842
82607
29556
21552
7300
55038
74622
15674
17868
72790
68020
44024
17550
93157
78330
4766
67484
98901
45604
22992
11557
31871
29488
88437
90043
26332
28677
34396
13292
11393
53159
83751
26476
82786
99698
31201
73603
60411
28319
85037
13242
99468
9362
95570
73904
57630
80535
12283
95572
75332
63515
72870
90480
65624
2826
69970
53118
41119
31508
80967
26361
40225
2382
6474
19631
84268
17548
34763
93459
47129
31162
7072
70582
60566
9750
12088
22509
33917
14533
32412
45797
16393
38823
37959
47878
80289
93270
60851
79960
29728
78082
32484
28902
47351
58675
73017
97085
2887
75939
89635
40081
45771
18824
48443
44169
56442
2287
29914
55874
90737
47460
19201
26586
99096
35169
9968
1401
64422
58596
39341
90998
56697
54803
63730
69047
98678
78169
23230
1890
36732
15002
19622
57978
24898
92330
26
97568
90380
93789
91435
78001
63356
4977
89222
82267
58881
5898
29806
12182
48707
71615
32663
44290
36597
98637
83384
90968
55093
79396
45491
78273
79057
28023
19141
75734
27838
61223
1688
6765
35143
12400
11021
70632
67161
61340
27641
51719
65580
81463
10165
92780
48363
11048
53183
65117
82339
75332
21380
26260
8946
9057
42474
10984
48298
13162
98944
35333
85836
13488
54429
97658
4209
23041
77039
36307
60594
62030
77128
75257
70995
31665
25387
73630
69230
52710
29909
68009
74839
54023
93394
52505
39842
75427
97818
26085
69925
36
22334
53999
62395
92308
65882
52092
27033
12506
88570
25322
34008
16876
4523
20309
98203
46122
55265
77281
83669
68843
41753
95588
83252
30935
60493
31813
20093
1923
57815
28782
25222
50953
66381
60557
39696
23129
12862
78687
65782
73295
46597
56723
64140
4587
34000
57963
49500
73085
54302
93720
20162
20537
42415
1082
58283
26745
70746
31460
31814
34069
31998
25109
54691
59787
100
83054
50494
43965
80613
75074
33260
76577
11498
10374
22246
85029
31448
78665
96934
2530
82312
47007
47621
64094
8620
4684
8538
65299
2274
12950
52382
81401
46873
31713
41296
21487
2032
4352
4486
50945
7468
5534
92472
79228
60460
43584
9039
32041
78835
73253
95297
92081
34525
29283
51756
84991
77488
90596
51167
95415
74516
85195
41691
67662
22691
51858
29704
79785
69077
759
82997
27095
74178
45989
95062
76777
54535
68392
3634
65036
95645
76496
86464
29020
17652
60301
46876
17589
79956
56305
43998
11435
53185
9071
76429
22273
63843
24809
56536
8602
13880
29253
62964
78076
90255
68202
17902
88536
34221
74978
30456
9095
86962
86131
99769
98019
98731
12670
50010
62390
4982
12114
99828
12771
56760
71561
73910
65107
69559
72788
12934
29725
11856
95031
51155
66391
13532
8387
38765
49450
42398
58339
83368
4977
25849
34902
24473
67054
9301
78410
23542
51172
74799
94146
3620
1765
29425
50192
21315
18693
94291
52795
18976
61433
62044
730
97239
91930
34975
33378
84486
90343
73905
559
19991
46642
28746
94851
86922
21858
47088
6856
55805
91149
49246
61761
54925
17709
91411
49389
36966
63340
87072
20071
55158
89603
39363
21935
42932
25118
37662
32542
32078
75923
93923
33199
77267
74239
74155
56977
73019
34573
63269
99457
71605
87434
96989
27827
12187
283
45805
79530
518
85585
96412
21145
3270
53834
45401
30387
7279
6810
51918
61804
84195
14546
74777
79882
97225
16046
84493
80685
43554
34434
76370
2392
70
87614
48466
67723
92614
11535
9748
42649
79312
58132
32023
46493
79510
72777
29928
23433
28838
43767
49698
66208
82655
1465
15262
57058
12657
17106
30601
96140
15789
65119
35975
66084
9215
94019
21074
15656
5368
77677
37772
95743
97062
9268
82491
26062
82522
28284
371
24447
86118
61060
51847
99787
84735
10161
19736
98605
72352
91407
55066
75508
80934
13607
26860
14193
22156
65939
37277
85491
51702
14272
18064
51161
5994
53955
69145
73386
18973
89199
74536
84372
16734
6153
10021
54728
13272
36188
81348
99054
74282
22469
43303
13960
22610
62264
14808
83454
82408
68298
3905
16583
91006
14880
72744
71845
42995
685
93792
30780
41015
46350
79631
83152
16871
70694
58774
74780
3585
72131
920
85968
84590
38223
11208
29233
70968
4104
28550
43730
39146
85691
90978
50675
85293
57952
93365
1853
33408
38176
11732
12587
42396
50568
58038
27932
42837
60150
97089
51916
3490
40028
79868
10276
67377
17937
31992
52783
3672
43511
877
38891
72134
50062
91633
55324
55372
28956
97858
58918
77328
56920
41371
65409
60398
88333
43572
34021
80184
83275
86396
10817
7014
76634
40240
99118
5822
80701
83297
67356
25959
40582
98181
89897
37298
72841
40452
92333
58934
2714
72560
13880
62291
38170
74588
46569
98656
14459
49878
79044
74364
97971
72598
20396
57115
90059
31876
95499
9821
92515
49502
74670
45658
30502
32958
36745
58739
51474
28111
87557
47880
51238
75086
77470
10715
72515
48526
68843
2046
93670
461
91362
30822
4253
92991
27988
67984
77784
32782
47239
40964
44952
82511
66419
53212
97889
68221
31789
5211
37842
87829
47182
86348
62321
31163
23126
22884
95127
9680
84599
41533
63033
93453
16151
92054
58139
43848
41405
37510
4970
68761
80954
18692
80871
46592
2928
68726
8667
24258
12826
4293
16736
63632
64203
5841
53279
5014
68501
73090
69865
5103
72856
68104
48182
5706
77931
51499
66360
74364
95073
54041
26816
94279
241
69081
6875
28489
5476
15728
28235
54399
14216
70869
96854
80306
24797
99400
29249
10309
38774
53124
75346
68314
67644
99866
95904
12850
70510
75165
68661
51428
2365
34302
29184
58784
77477
22456
63391
95122
98965
24789
99538
52773
44855
15465
90886
1987
71249
67876
80909
78530
22249
56051
35589
41948
78694
58501
26634
374
73177
94024
57979
30311
47067
76806
52033
79914
41684
38069
2829
2340
36009
34127
11343
13985
53585
22573
23459
52179
8980
93917
41600
2634
94255
90130
29179
46314
98713
87235
80090
18975
95822
63016
21945
4941
66810
69226
5705
68048
63432
10972
60302
33179
65046
78569
42520
88122
44707
21604
88363
56121
35042
74455
91394
79260
52424
55345
36055
56936
47627
5718
81200
54448
57979
83853
6517
72993
12181
6402
47175
84359
16867
55410
88747
98007
33614
8420
37587
15686
47609
41056
1607
77108
98872
23969
83933
21367
71622
42685
52516
11465
33171
48769
20421
57713
29771
5853
75200
81192
72051
69527
75940
38304
74429
4004
39253
79631
85708
93386
45645
44003
17757
20369
9326
6570
4110
4092
55576
34010
99920
85150
1370
69496
53886
35710
51188
68098
34988
31033
68235
27760
33220
56394
43635
78082
65115
63303
2679
94868
84715
4301
35658
78235
97039
8513
93707
12801
39442
13851
53602
25679
50277
41190
81272
86900
68157
6444
84418
38719
52815
71155
44642
54674
25151
17884
10783
61363
76733
31244
41454
40807
1413
60707
49294
95619
49492
23135
72456
45372
42002
38386
28655
21137
77431
42556
77483
92029
75122
56735
9924
58671
78885
63959
42052
13560
59658
80984
53084
79155
97729
32343
36068
8197
72397
12794
24266
89570
91896
85653
37408
45022
33988
39045
96716
14429
42499
23505
77243
82595
40401
18753
86241
19998
21319
82783
61922
37453
18654
35733
35960
68508
70050
93301
47643
9659
2317
20457
48740
64636
18289
87913
133
89469
19326
64902
24683
39839
67243
27622
71060
36152
3740
70488
38753
78976
46102
16069
86878
89613
50872
86812
70915
56162
49692
68900
74971
40686
91402
87057
12112
22042
74765
12607
64305
52488
18620
96771
671
56417
58100
22082
70210
91031
64672
99807
64767
99562
54547
68667
63556
86247
33579
59126
13763
31476
16997
43970
39776
50426
89931
83996
48437
80185
15510
49018
61387
91132
6183
86265
60355
49330
15398
30460
31513
28790
16602
79883
91490
49884
4132
75409
86138
22735
23500
25864
88462
15639
98843
32828
35490
74649
56995
50244
66485
74103
73644
90024
75521
15653
38420
73634
93378
68282
8311
14225
70849
3118
27613
84973
14874
37113
52480
89891
46294
14522
97857
25702
56684
89646
60556
45747
92288
73355
50774
85706
92335
65153
63975
57409
55145
26578
4362
75836
11464
30497
82030
17856
14423
9275
55015
85344
88026
13870
17954
98377
22168
67103
3950
51963
76245
47941
33339
85875
55097
92672
81345
20023
17507
22605
21890
5695
39143
70203
29827
88295
32750
76644
78427
15796
32491
80001
11279
47409
34630
75212
57721
78418
55400
52397
63537
25231
61203
12012
81163
7203
93238
18487
20738
18792
49151
62007
348
91818
87384
49319
46200
17822
84042
29658
65626
45524
88676
88154
19471
96244
36662
85929
51244
79885
34950
2927
64622
65110
59067
96658
44492
27131
89039
22624
95056
14263
55905
59634
66644
70484
79653
19460
60025
85311
29011
39899
94375
25742
86770
18012
36554
73049
92540
84919
70540
7308
67243
40852
83841
46224
97385
35237
32750
90725
4826
19069
28782
61418
34602
51363
89618
29041
21509
48987
16590
17202
25904
65932
50874
95051
8552
38880
78339
41054
60103
71443
34590
4119
52083
87747
47019
15053
75793
20420
73098
44415
86709
69299
80484
9941
11116
32956
91139
35407
28394
7513
51539
43553
68329
53338
81404
1310
89978
88790
37672
58505
56897
91696
30621
33383
84479
24662
9335
46854
4343
74565
53248
1089
75888
72174
30492
56605
85447
40932
83934
75595
47740
42932
12660
52590
19903
91036
35790
98744
6343
45708
25074
87002
82748
14593
87517
95013
38677
47101
25462
86453
23621
44285
31063
53828
54264
50450
67665
96154
22845
24798
15863
49046
4856
62076
10764
13965
79036
78030
13479
93442
88871
10590
40511
58634
49491
66246
18340
61294
84657
35479
17928
38345
15469
97480
51974
3455
11868
58831
98326
69453
23371
39636
75899
81545
29845
76027
82145
20671
3828
73552
15977
60646
33622
32020
97581
13030
3774
72429
4337
88017
32109
6370
11497
87366
6870
77517
33576
7376
10102
7309
2097
20204
79704
44025
70070
49235
34691
58965
28788
73463
84100
97669
57465
11105
19502
57281
4723
83449
99898
38943
99680
39438
54493
10308
37343
17000
28139
88532
74674
52328
42451
74769
10569
96519
71454
95772
80942
89597
61949
48346
78338
44808
43640
30874
3917
34440
48905
391
67863
49589
72794
50127
7477
71158
7629
62658
65711
69395
6681
53070
21095
46158
84291
76460
31011
9330
87100
60946
39650
23730
76339
15125
21500
51551
60604
54872
95798
23618
6391
2903
68095
27747
20669
25085
79533
92323
67292
39411
88890
8796
30060
11546
82915
8878
27250
32180
60517
67179
99862
94586
47340
87958
60741
44133
73249
57668
28627
55925
10553
52756
66859
42092
63004
3778
84974
93348
25489
59205
96926
38687
42038
47688
72056
30854
93669
64792
32210
12621
24301
28424
94355
28618
23756
11805
55563
80136
67006
76535
51835
21865
63696
11366
28857
36133
41936
87968
48542
79136
23903
33902
6690
1311
70253
61174
52547
99651
15902
29887
50464
8457
25457
16006
31624
82128
58401
38241
18336
51199
48214
4838
26342
48953
7369
75060
74991
30672
18831
35923
88917
5700
16250
53074
88717
90398
21733
93043
58365
62581
59257
55912
64234
37118
26071
43378
96408
47690
79742
46729
77731
3695
69631
97343
30922
19065
7560
57737
93941
95192
86183
21875
80819
79978
40969
44763
92207
72383
27288
41225
60394
65357
79875
55755
91941
92302
40603
89223
22881
63991
78652
27300
50929
72102
58191
85222
36069
18907
22151
69651
82838
63996
99101
63172
76397
37381
75092
84255
96149
81308
51171
24024
20401
38516
86334
12373
23819
13876
5401
38619
78462
18337
34855
29949
16539
58883
70945
8717
21787
55746
8694
73299
50231
57637
58387
96398
66255
16703
79357
54560
17209
56347
93074
41573
12820
54628
6898
12413
85767
45817
61403
22192
13505
83531
91189
64501
29140
69152
46633
17514
66435
66374
62468
40402
72614
77871
73793
62764
80129
89936
46117
7116
34518
50841
21409
22114
25263
93282
17129
61911
51984
58532
22950
75969
94343
86501
59793
66699
66448
93885
67257
97103
70069
61843
88124
50835
93879
52671
68959
34948
80834
44133
32283
95831
99700
54287
87674
62664
62121
69074
39238
35857
52022
84721
65529
7902
43423
86498
46058
86112
18077
7093
96316
86243
22678
49013
37046
72675
62717
70574
28234
72591
24323
82180
81076
7850
26249
27119
76269
40056
98827
97129
4577
97373
54647
31400
45081
85348
96313
80221
7411
7380
6612
82846
16871
73741
47817
46039
73153
50686
17240
14998
99947
91547
40839
66646
11534
69842
3645
57678
81653
16304
10229
6002
87285
20948
2515
98942
31595
91278
3932
51698
76361
82495
63162
20854
65978
41477
65309
7335
60033
80209
53965
25583
22815
83828
97182
13030
56534
88001
19865
75239
81703
38634
98568
91106
97151
609
95560
95923
71225
48875
14443
81875
46753
65542
38636
17451
28384
19985
667
70056
4533
96309
97645
1443
62338
84645
83187
3456
23766
89485
42408
43594
71412
28693
69994
37727
83927
72056
23702
65369
45916
69385
36109
11157
65765
72090
78829
57272
45191
79730
84645
36548
87333
49808
70706
85393
40988
97124
28767
12505
17422
92104
72157
81739
6466
70848
10462
18060
95547
909
33524
56328
96282
35298
24140
35147
60200
86488
35678
90248
5816
25914
58264
44035
4840
5859
56261
21603
57987
84601
96738
86803
43288
11196
47946
53811
97228
54369
4691
94916
61627
60769
61724
44282
46205
28317
40265
52034
25668
35558
25192
54500
61445
38519
6689
91508
33839
28121
76899
606
14587
88859
60073
10946
4171
46721
13039
85085
87352
70328
37918
5830
81797
40761
28620
45046
64189
13982
97830
76522
65593
4226
95935
22428
59408
42238
25357
4769
4507
56437
19971
69107
77470
4084
80329
72768
696
50778
40111
99484
15277
55179
64682
55339
97640
19362
72703
20684
9899
61642
27319
19857
30291
376
35013
10360
92924
37644
51537
61933
21364
8270
80578
30914
50357
68811
28360
77712
60432
55851
44350
13410
73871
98345
61244
10413
39544
40596
24788
40046
69534
4672
94869
42864
29118
114
38816
77093
69071
69968
79844
63051
99241
78178
78120
7007
74601
33767
4982
28828
91001
94990
60251
54047
17292
13908
45986
31945
39132
24599
70816
52327
12856
11490
92398
16691
13400
37713
1796
50242
29995
51267
8641
90463
76007
81298
14169
95693
20225
54237
35812
5776
35613
95959
49045
74544
44421
40822
25572
15209
54127
6871
37961
44471
99152
27516
50195
87750
85779
61429
93607
36887
31971
54739
98833
39734
86348
69787
78040
35993
99739
50293
11719
84894
88786
65039
16713
16896
62445
17854
72270
72578
12141
86586
96115
23123
13306
64170
91311
48490
31103
26419
9913
58796
60629
98925
73804
80874
97126
9310
88195
74633
62781
89579
15470
3834
95151
53066
55685
34112
10802
33299
25304
67925
89158
21028
24746
45385
58623
75709
26427
22178
78476
29550
4889
73319
40379
52923
24264
89861
91235
35839
19770
53134
29658
97636
9797
22561
71116
92281
27972
60240
8484
57199
37687
97803
1115
41988
69637
39601
74178
28419
22251
21416
82883
66017
96157
33231
84689
42150
63454
42227
28801
65823
42877
74963
13529
72169
38266
91522
11231
2184
74269
66342
47737
66187
13693
21276
91862
7085
72204
98391
83285
84663
15682
62815
13588
98353
70251
63641
1479
76565
37871
28965
28826
85744
31438
42661
14322
62724
84274
28945
3721
78115
28369
71994
54150
55908
73679
16695
52323
74880
41368
77603
69945
65062
58941
44137
50140
80061
61375
15175
1917
74625
90042
34665
64312
45303
37515
61992
34749
71032
6954
29137
22811
43259
94669
5170
56294
43688
8665
57679
24674
53556
11317
26599
35197
60268
59020
63764
26802
87301
92520
34261
1348
69099
27028
29096
88073
93703
7681
8847
18393
11686
81946
81291
67925
12230
54792
26686
70392
53771
87843
6452
71395
3695
90500
48361
63307
63443
99468
4044
86282
73751
35189
47447
78511
72693
27789
53711
16231
65573
17097
62590
36006
99818
39286
12988
71610
30026
58673
22966
5475
32333
93371
73031
99457
86068
62865
97653
78598
78666
65789
24629
94235
3637
22564
44641
76496
34498
2779
95232
84441
1080
10455
4819
36673
25252
70445
71577
64409
77512
76750
33280
4769
76502
98569
53948
80379
62158
47989
92443
9827
30136
75112
37564
99784
92467
68355
32369
77253
94644
36491
37111
27247
63440
38524
4394
21878
88551
36357
74205
15622
91287
33243
1086
1916
32508
19860
17732
5068
68615
64261
14338
86508
10335
85404
54305
25967
72891
5035
44206
56897
38075
94323
69765
41021
39638
6032
41329
37977
94174
32070
91827
25800
73784
76820
18540
96892
74026
35647
67275
72607
50622
27301
8638
30382
22152
50603
16912
78035
84219
78426
48987
83516
92151
17308
77547
96964
63478
60064
62277
26476
78531
79755
10893
36545
72433
88537
12723
33514
66864
57413
51941
37243
37759
71598
6274
10773
85685
39382
18868
89035
89120
63293
53758
15747
83082
8311
33649
56476
99273
21575
33414
13961
73370
40799
94076
70867
16408
72093
57948
33614
37879
83397
11171
26806
26485
11743
45757
20552
11033
66773
11279
24095
41196
73241
37355
15238
25997
95146
53462
64122
54888
56247
34241
45288
23998
37979
63872
96959
77522
35407
94365
13591
81433
85254
51155
5722
52121
26952
89261
71338
62553
13096
45442
32499
10296
9318
72765
128
3443
78838
44870
21261
18631
93825
78725
81632
49156
65882
2807
88506
47871
48797
43030
75626
72408
97687
42661
55941
22085
31633
63116
99044
5884
82123
1569
41792
10804
1741
34991
14679
65213
63743
93516
98684
90536
73103
94960
87608
6528
69523
56565
86238
24144
755
23467
13755
70065
69816
60091
12609
66656
16823
78042
71809
15721
45825
15377
36508
92256
36933
70827
47415
30891
88127
23292
84127
55281
44346
85089
99304
2726
55053
49413
52562
75068
76877
74900
5128
58655
87813
71726
40988
41650
22382
48023
48390
85700
21706
82962
44711
57726
58452
95351
69595
98695
9150
55347
36017
77463
39340
58474
25719
84726
60786
9882
11603
67409
25480
96741
38843
70924
10248
77852
4443
65206
29839
5764
8509
40104
74901
98426
33575
61383
40377
41578
44274
59701
79818
53867
65917
21530
38882
27665
19315
29338
46007
56261
80863
12499
36419
80980
60220
24964
44118
73786
47477
80600
90908
4388
68855
3385
46838
95912
2561
40913
24899
64335
44348
19208
65608
51901
87591
71612
30823
17313
32041
82583
58536
75104
19198
73577
24900
96009
3684
93921
38206
8610
17264
66590
94100
63674
68793
75429
85011
62531
74692
42970
25103
78402
4439
81671
11913
61655
46891
84518
93389
88607
94140
26805
41744
64894
22063
15803
85190
95277
78485
50828
92228
8640
2706
16288
47071
77757
25107
1933
83107
12161
86601
68292
42620
89071
57479
80134
70665
37526
61664
63244
49118
19165
531
49598
14470
90458
24846
29206
41611
52989
90239
89733
84046
23863
50741
16462
75695
88150
34600
34155
36548
44957
1410
81228
2006
25848
84184
52673
7414
41928
45138
47663
33613
15240
1710
73062
8108
53107
1818
56612
52911
95900
60322
30117
21921
96867
84245
18757
38329
41016
4438
82514
2925
27508
26696
4160
17754
19303
47592
88621
6274
72172
21792
99682
7851
42576
56120
68805
22153
77679
8354
22587
86332
77988
81244
40647
84635
71293
59306
5139
41602
65427
14343
66397
37489
62624
44737
6104
88543
97549
55307
88805
5515
13196
50337
80738
74108
60639
22266
79345
40746
15440
96604
60650
32662
81851
96181
24937
46264
86049
19525
46461
59997
42453
47019
40846
57829
55394
62193
45226
97838
50016
80262
24603
22372
19549
17072
73136
27650
505
66538
23995
49026
79960
64392
26162
68823
53692
33734
55638
66442
19800
59839
2493
78024
8845
28807
63061
66177
9491
22909
18714
98446
77039
81506
90730
35177
72000
38278
13113
64778
23045
97286
45759
19511
95529
97435
80036
78060
20857
72023
4136
21659
6554
78783
78038
90176
77768
46578
13526
90741
54010
6959
18159
77596
47824
25549
71986
98453
73662
90984
96822
15414
20621
90859
43397
22513
14080
82982
82495
11410
48770
85001
45319
37467
18772
97054
91891
98255
3468
553
57409
25421
24751
22371
10768
16086
79126
68163
71687
69980
25448
81582
4398
29872
75200
88722
1038
15694
35386
55525
76096
94785
64083
2116
41970
69009
61639
80692
58823
50769
33657
73730
94985
73108
33575
71401
90662
98249
80091
27310
43386
45916
11295
12515
85961
67187
80602
15447
62267
30049
96016
76197
62869
47943
24457
62623
61338
22635
80400
41758
54447
98434
9339
20917
36322
51717
86597
31290
96297
3799
98060
2788
35603
8075
12138
30179
83490
51568
16154
74783
88406
46191
18424
28774
54753
57460
10861
47042
48651
70951
10062
68026
17848
38332
72863
44951
36577
90377
76192
34244
80590
49312
19150
58467
31989
93227
40593
54793
35804
94277
79133
9770
6481
5617
53352
8255
80009
80565
66164
78862
40855
39554
82639
25346
93736
30033
84940
97270
35212
67186
93602
93112
75375
81910
94192
39094
27041
59957
96784
61525
16866
56068
11237
54373
91817
292
61545
12230
84980
64607
64941
56011
24212
97330
93388
41035
66673
93804
64730
1955
8287
43323
19580
68617
674
86020
34395
24570
11424
14257
81214
20052
83780
4639
61996
84787
28316
28265
33528
93444
68487
72709
12290
70604
2245
37591
68899
78045
88521
53157
72421
33237
95226
94829
53238
73542
36487
42620
53699
5796
65897
36974
806
70722
83393
44889
72231
19573
35334
8600
12718
38407
60275
71285
33467
35578
31033
48976
66372
63083
17121
56349
36048
58267
41836
47977
24825
88951
51401
88453
48300
85696
74565
27731
27547
31513
71903
41567
87211
57355
65359
49326
42711
79921
40438
34013
72961
23941
61361
17660
42509
87511
76247
90616
88675
9547
925
42539
28886
35415
20063
83280
68172
46880
60300
27021
63841
32544
43738
1954
63674
89465
61764
9016
97723
67794
13638
56127
17828
7822
75016
884
27589
33740
45943
60788
9449
83949
39056
18000
30587
29363
12680
51795
37292
82079
81153
95830
19620
13417
70171
40417
80202
59406
53985
53044
25746
67230
92892
20880
95908
44797
24710
21064
60399
19179
55690
34431
937
99511
17572
79891
93487
25738
71367
34311
76784
9968
71724
15644
86641
17808
36507
4410
37650
34598
20681
68183
79755
92899
35042
42218
91057
18175
22091
85789
4653
91616
91396
18112
26388
46722
94893
20108
95844
90280
46929
54464
88039
19674
76259
15777
95506
77247
34239
78099
8290
20299
83413
25800
98497
87507
54675
8037
64469
75354
88834
75311
3646
85577
29657
85168
18572
53611
89255
39919
22915
16398
8566
47370
87669
66217
80144
60081
16640
19264
46711
13810
83936
43992
77498
84353
8203
65595
19615
38881
92046
86855
55639
20490
1446
71617
50818
2461
90016
91090
97205
41894
87992
94320
55184
91891
11733
36042
38131
32280
7363
94593
91397
45205
28642
75024
91375
59654
8078
45304
76965
52976
33996
50373
47872
36059
60759
88076
45924
16051
15398
77682
70065
25549
22058
4817
25817
89616
88807
85607
72619
72160
27464
87334
31518
97452
95458
10434
91847
26421
80242
91163
94383
44711
14125
44229
7897
37618
46447
19124
31132
23657
90118
22079
16881
29680
24528
65847
23146
23825
49206
1758
70846
22471
72685
4805
25511
46662
18855
50420
40601
50325
96228
19502
35809
24234
83299
25354
11424
77829
96919
88199
43169
69683
54474
48962
82041
5385
70452
1838
72924
29610
87287
68022
77215
78483
20317
71911
72026
9320
18717
61235
18763
96027
78522
80807
27428
70615
86270
92646
46381
99173
54423
45316
26906
61006
58589
1163
67996
23722
22763
20126
76209
17017
77495
10991
63037
28206
42286
57325
3917
11387
53328
2103
59111
35683
69436
47141
91160
73667
21534
11425
19115
77805
55456
73750
75186
41971
41116
16209
19894
19153
3914
48303
86556
98591
85025
1746
18531
67531
17769
99221
28329
28944
88729
34994
45845
52319
86205
91222
91569
11447
10003
94329
2188
11337
1011
98404
61560
3745
35804
21066
87090
26077
37431
84763
7472
5024
15546
60520
50658
67690
28610
23628
55898
22312
83096
90170
89076
20462
27904
22866
55766
49893
24639
8446
9150
9585
46114
75219
97580
86621
40185
14786
31727
96703
12131
2252
91512
3965
27521
40820
36773
25684
40564
23879
82837
86374
38431
79875
28241
10840
9327
41098
75840
12937
65300
37196
1437
28984
75613
97886
58910
40327
62939
64036
27504
13824
91901
59194
10181
80844
98657
85111
92940
87083
86093
30081
9329
759
25609
22776
71154
66239
46977
86739
77293
99086
38945
18789
31402
74934
814
62527
28351
29634
81910
96445
62744
76527
96375
69012
94472
79236
69694
47396
12182
24216
48158
88756
26843
35219
27867
677
3375
52837
26732
92670
93350
76200
86743
28417
74878
73112
27791
35247
80030
36129
56759
63305
5173
89648
67336
32802
4384
56596
28303
91918
96544
99580
74557
53077
50928
50188
91945
96183
47067
136
59152
75514
2902
89239
3094
86544
89784
67957
94133
21360
51444
34447
67366
76053
67456
84852
83583
37195
67882
95064
96293
46778
24533
34813
96126
93769
1643
33665
77488
24689
81166
31608
88179
79893
76977
81245
60403
15933
86553
80791
43017
36427
62462
6942
40474
62097
32213
98503
85620
66076
66605
54750
28301
52002
3843
12373
50980
68089
93113
9325
84901
56118
90468
69443
40194
19836
46267
87473
99075
86211
24449
67649
50641
87091
52046
59865
84315
17591
94339
34028
61555
3139
48045
11412
58084
26416
3306
36177
76050
64603
30264
92314
22819
77228
95889
86899
45959
93019
66748
20638
15830
44740
99427
99409
41626
98955
4108
41209
99955
43977
28058
33388
73750
59085
47770
81762
8072
79055
11359
13777
16529
10090
11422
34472
55946
32135
44829
73413
91201
65147
13906
91296
50843
73700
18197
16814
3711
48636
69785
59128
22308
62097
36221
32072
36545
96875
18564
63734
29457
14127
78826
66903
81659
52970
4109
5740
33318
64955
43462
9491
54125
30694
50008
34808
30071
36761
82545
49
40887
30955
78051
59436
9269
52231
91469
54432
73868
79349
97927
59070
13571
81095
43955
77074
86320
47002
9637
97872
69591
12457
83496
38755
5173
60293
5002
91613
12088
1413
2001
99783
14329
18514
22847
98502
36075
19389
57633
29428
61500
49677
31871
53968
67028
84391
95920
73030
86738
72933
48487
83068
27124
84673
30458
28429
47459
39295
54262
48975
47228
99856
42343
72455
77348
98143
44740
95056
58247
45453
40998
66930
89369
80208
36372
19913
80585
29527
71727
20781
64373
31971
4874
39154
52926
18933
72659
29656
88056
94417
51043
96780
65126
8657
82200
61644
7333
59416
76620
68884
39651
863
14782
41285
31935
81556
93699
46915
48301
10544
47844
17931
67567
33481
84602
15256
94981
3188
19528
58414
25483
15083
7000
63830
94410
44218
1803
80711
98008
74727
12580
21168
52907
2843
81130
63509
17189
63589
7219
71369
25233
25744
81355
77512
46573
33111
29212
31645
24055
66943
66662
4145
39887
18205
43400
24567
93863
50952
46875
87716
79752
12988
48906
73573
97964
26675
65024
64724
52350
21092
98067
31392
95968
48159
33181
99739
33728
29488
17257
61298
15006
70157
56655
31065
8065
8434
81280
34701
59442
56563
69646
66236
16713
19503
91617
12245
76837
7782
79548
19897
68087
64487
79295
2962
68876
35270
8176
91728
85024
43661
90838
64375
33694
85577
72709
9594
56332
17841
65508
89529
45394
30322
5282
95786
51446
31830
14678
76465
56541
20935
22901
25945
49939
97359
93211
50519
90862
53692
62189
72795
258
89551
49677
15781
65724
5270
32542
31136
46793
82022
55913
58996
42274
90018
74503
37764
59205
83509
51516
37045
20591
31711
35187
64088
20759
64893
14435
36335
92366
22190
18732
2639
55652
92713
89271
55842
80645
89500
30061
46175
99288
83542
29671
74519
65022
63905
83671
59921
22856
55446
91314
7352
2176
25143
52203
68546
54364
85588
95022
831
90835
96206
38770
24603
63290
53273
3344
49560
747
18660
57118
69704
53447
5341
37757
37048
2039
60668
99066
56853
81221
54514
13478
36919
30876
11379
463
30508
40509
20724
1477
95057
94478
29230
55339
3081
44771
5067
11228
11748
60561
34110
59173
4195
98327
21609
53905
96834
87386
15154
66506
93696
86521
38168
19609
36320
82727
1850
93727
51911
52810
72835
9051
80022
17183
62061
75226
24217
50001
34675
92277
96972
49439
87318
96292
47110
95340
9283
38592
9266
57474
3628
43122
25354
54217
7780
8535
56309
9620
19019
20353
42921
11340
59317
58937
87726
25059
79151
87012
36265
46383
29687
46833
52710
22877
69534
44257
99203
41876
72499
40980
73444
63258
84460
94436
49182
29712
83696
25804
9402
53526
18916
14596
30982
14322
49356
85631
90122
28381
8566
22051
16189
22271
2326
62883
27786
56795
90412
2477
84683
63523
9332
14433
37121
78038
46909
79662
26879
64880
9754
58013
41362
53346
77610
82739
27466
15091
15850
38387
73521
83902
54135
70821
33310
50447
24791
51173
60932
21576
66650
92387
39299
81219
41121
45878
44193
4483
77475
52943
67412
69693
58752
25241
18626
50552
80688
62842
44661
19586
35417
12695
40944
52024
28955
780
9388
38510
81123
86673
53247
95736
18729
5302
98229
17367
18714
60143
12224
31731
38546
22982
37615
62906
70975
3827
25150
28893
52195
82758
69759
61948
6512
41345
86159
53955
51442
87274
52264
40340
36490
5682
23360
90802
99696
71676
50964
53449
27011
1258
31837
20544
50617
12929
81040
12434
75079
78038
81049
25127
75630
80494
86314
98364
16913
91299
89223
77383
19143
44274
65925
31439
7879
71884
95241
32863
99622
46813
63210
99298
52863
71700
1882
50937
50920
49214
11330
93582
60305
73724
78875
73404
6224
27136
64710
55995
19367
24995
73888
8396
82452
73580
34305
82737
35333
397
12665
78733
17688
48177
12812
28266
14827
81751
72264
3929
78612
35377
47444
67699
79969
95641
17078
45419
65398
92520
25214
80742
7173
39245
13495
74626
72924
54813
16845
79283
37394
19144
15604
50522
36549
32596
75894
12128
60911
50609
58576
24473
54872
60780
77382
83990
77550
6189
28427
86811
56501
88886
17339
42812
75183
31922
71559
78442
34681
38186
55342
60014
64905
92980
66534
59467
19773
96922
31149
47372
19747
4950
84507
14789
33943
741
25870
46393
61862
29505
97075
66735
26386
30034
22781
48508
1805
72791
75339
4626
61036
97451
77446
22725
95267
98562
59567
61891
94246
17915
64216
80628
75039
81054
67064
51551
4379
2550
8868
74442
6052
25166
16579
5176
41110
88606
33628
34871
70199
18026
57662
46982
21583
26523
86336
22295
27503
61782
19521
35381
41173
63978
52146
43947
65288
16446
91696
45331
62969
71229
44128
99255
63922
897
98573
35869
80871
72270
81614
6660
64934
24696
91692
76220
60252
17234
59045
48515
94718
44768
24048
42597
83028
73487
33268
42074
73020
72632
39887
24663
96910
88296
71901
98969
73897
58407
83059
20686
27949
50466
41423
55233
80167
12861
70447
16477
72285
75926
83695
48054
57401
43180
50613
18201
47181
1531
16227
90435
67628
56499
62849
8239
32382
56950
9750
76637
52794
92723
2322
1845
34175
38359
20566
44251
3345
68814
62429
70166
3040
16791
69788
97093
88936
91833
67262
53729
37683
53700
51787
72366
42180
92623
53057
71449
87616
33183
22850
23216
3110
93809
63682
79562
73604
81849
13879
19042
22614
6361
14855
78367
39101
46060
87395
50837
86711
65755
19303
40549
89688
56020
38954
99094
40936
29956
59665
41551
85301
49116
56634
70161
45963
39213
67055
9230
53108
90226
23489
7086
77953
48220
31115
31321
38844
73419
33264
96119
5227
2220
84738
21860
13880
82301
33528
47090
54855
64588
38626
43648
22184
72327
33740
73498
49727
44693
32403
99888
79004
78164
97728
96485
42266
12216
62595
41467
24905
7632
60249
67516
96691
63545
36323
83081
64378
34773
56281
63661
5684
19965
54375
88520
51600
79841
84902
5626
14480
57617
81594
94150
41016
33376
17115
27062
4491
88252
79594
1664
19706
92060
22184
47222
4338
71109
46956
58639
36004
50658
9120
14953
88412
68741
94203
59038
23789
9208
44885
62425
27313
56969
26987
67288
26038
66098
26499
63315
46430
9260
78589
76125
55179
54616
43955
13624
97780
7153
84181
80490
32884
26263
69621
63821
48497
66640
5738
72274
39172
58076
3273
95283
43367
17169
74350
62737
65072
54896
21183
38240
44609
83641
12208
26743
72069
32994
59774
33795
24786
80579
61258
16636
25026
64395
29540
1050
87347
63165
18790
59398
60360
54225
24142
88353
5987
83305
32757
38009
80266
81217
48551
42883
85969
45941
35880
49243
14054
42878
91752
15502
6865
71943
47488
58592
96817
86636
70257
78972
87628
73300
75390
1906
36106
61785
77880
90384
59498
23855
20755
88763
237
21764
53529
43568
32028
18374
30667
79085
28515
80296
86996
44468
71413
3288
52532
88417
6737
65550
91536
19350
13048
53785
50381
6965
5827
46644
6777
24183
68060
45495
89745
90199
22122
2989
15265
85101
18413
3919
26564
78443
55969
91171
50457
7331
86303
30921
30493
32817
9253
89463
83647
93948
32319
1405
75715
46451
71383
46563
37740
85383
11597
6483
11024
83019
90551
96797
22345
68424
88023
67431
70003
2817
38985
13092
63380
21876
3328
43049
20662
74905
16150
73959
14930
78597
61848
95797
57880
20717
27273
68813
13717
71850
66178
41180
66845
49486
80146
67437
16779
89506
8575
62069
44794
41821
19460
80829
54962
19226
38024
53838
43123
28333
25901
62834
69233
37637
91552
32427
21171
94754
38917
1628
41150
19210
53713
98152
36639
97805
46247
13893
41729
35890
26269
31155
66330
54081
29165
73108
59137
81019
40834
38653
82692
73434
25689
85384
45949
3343
71947
29208
57934
47719
46266
22025
50589
6947
20918
25584
88108
21307
44189
57156
72979
24131
12109
7233
2064
94745
96504
15151
8471
18443
73290
40151
53919
263
18935
67716
93520
68329
52203
33295
25858
17038
55959
94010
89623
4244
80565
59382
33162
3581
85000
37830
36829
83677
65674
58561
61325
18455
83319
51203
6838
56795
20736
39490
74428
6114
68105
50326
88011
53202
32063
19779
69103
10894
31298
55940
68171
18099
17610
97819
14179
37122
81988
4890
33443
35460
3322
70241
34588
60374
6390
75065
85009
1000
26457
69062
96302
16469
19581
83508
36138
30239
71371
79960
71518
65221
68726
25935
52379
9734
90390
43226
845
85500
37023
69716
74806
15846
6047
38968
2792
97863
15737
27636
46811
56998
34769
68103
84437
62235
59638
51701
98517
34101
61680
83940
65751
2028
33372
68222
66733
77387
17862
24854
69984
63164
74219
99509
63976
56740
94256
80456
10422
80612
80716
38275
14501
43734
33148
14520
30451
623
41497
90143
50095
38688
44708
66743
23819
53083
3965
72778
82473
37825
72235
25404
80001
90883
57652
83647
82778
35260
4127
27696
67979
79182
41279
17905
53385
23405
69438
22016
68879
18852
37770
66110
35889
27719
74758
31296
18456
7476
75689
10892
52775
21478
97982
72597
8377
55312
58273
23618
86081
49501
31741
95191
96496
13801
22163
70913
97408
26802
13358
413
83645
81948
3898
63621
54
6125
89514
52281
16124
26356
65190
75301
59570
93234
74921
46501
81200
68682
9528
98073
65132
45819
35935
19378
87110
42578
69613
22088
5555
3845
33887
91653
94118
75276
27246
70826
17579
34360
72542
2252
65797
5991
7493
59725
84310
56440
35620
3261
38879
75661
89713
28726
17274
15284
35281
37826
46013
84520
76510
57475
36511
67426
46726
12279
92469
73537
81183
84294
65987
4095
28922
46839
96139
7276
32275
59140
38325
76209
35067
30670
6958
66352
83208
29893
14131
5160
74378
78833
39995
89420
24813
33058
57849
15066
65740
98371
59265
95214
67256
10773
75257
51326
37273
34784
46739
42874
32587
9998
83009
76141
99500
69803
49453
45840
50517
70158
84217
16832
98147
87308
99158
2349
44299
76567
79281
95863
88989
81072
41535
33904
99874
43111
8953
24293
55412
55631
29078
48423
83154
71257
72573
64379
95824
63853
89919
55009
83605
12009
64549
95582
14153
42433
97066
79947
11614
72907
7027
60706
55502
50876
53885
51514
68463
49104
76266
56389
60849
25159
90427
94885
41080
35794
33677
26889
14734
34779
6524
80445
86647
24272
12257
76980
16523
45953
19750
57441
46045
29005
12679
82505
48604
68372
92920
32278
17372
21059
95916
46720
87587
33530
94160
58446
21581
69663
54502
78359
8755
70176
65213
76835
66382
26582
74058
31230
38618
76904
34991
22510
29353
18825
10343
31843
12479
7922
46281
72707
42873
1399
9517
93675
38863
59804
92857
53116
30112
53811
55398
46859
91451
41391
48685
75868
63792
35844
16122
22022
94313
61689
93660
40467
86067
73405
17366
68762
23186
62316
45966
13658
23382
81794
35485
7356
60659
71537
37972
6578
33724
20941
1118
84806
21505
88131
31059
87962
70139
34475
68050
76635
91800
24258
78393
81183
7739
69049
7607
65457
42438
24095
29930
67795
7845
41740
23476
9656
5905
41328
15209
92255
97872
9543
88298
73372
60571
8853
18961
97935
42345
29404
98622
88711
94265
69330
21857
99123
3400
54302
99617
91609
63929
72514
64140
9628
91011
33323
76961
79765
64654
21402
82056
28811
19265
75795
78763
82256
35960
5021
20612
98885
50087
9672
23111
13033
25473
41218
73529
38514
19882
24353
6255
51603
41711
23599
28326
25357
45403
78669
82360
27247
31891
39196
33280
20942
47348
69811
69446
18470
90566
39601
63163
98379
33689
731
41521
54257
49402
51106
84155
49793
59793
38447
59882
40301
15147
30452
87099
95665
47469
53405
36853
57290
22661
93364
66994
10891
76391
2169
65685
55661
71772
55059
47947
80281
61189
7876
17913
40979
82078
74068
75955
94297
94514
32567
67454
93444
79313
92979
5795
16895
82711
73780
71001
37160
2747
5872
75718
40325
33737
30630
77866
47233
85420
28493
78020
4733
90499
79600
79111
7270
12539
46120
13587
73400
77450
42556
62776
90093
25909
73549
31577
83412
96373
48790
72950
97992
84058
10787
77533
55317
32158
77588
7241
51447
96202
28722
8876
66020
54546
62720
2944
99713
13867
98525
4356
36590
60192
97600
59710
60191
43095
85624
14415
60187
99052
94453
50860
36630
55542
80028
20675
79712
2066
23794
75111
34950
38878
62140
77197
48728
33679
96755
35547
63189
70605
31864
69545
97847
44434
36359
37799
86457
51076
17342
12221
46534
63173
47053
52394
1749
77862
72245
10478
74517
42045
23232
97646
90072
23413
69405
97711
98052
20402
10981
26511
46339
50077
51226
89582
67188
24908
53012
92196
19182
42229
34217
28635
84724
11572
28577
71777
91825
9745
75448
70866
61434
86277
61029
21143
47372
34217
79472
74434
75028
38647
39747
66055
40094
90830
65882
96457
11946
57471
85205
76840
24849
80049
91295
32287
7828
94596
12922
78500
94836
97628
5886
88307
44953
40115
65077
60062
89047
30082
42209
32971
45436
78577
17167
80535
2482
68162
88541
93894
45690
32120
59830
34353
24539
98608
46016
81384
94982
28741
13315
52776
21295
971
79597
77399
32761
51440
21101
99978
25752
5819
7409
81864
15261
52234
31404
46271
62881
10760
29805
39666
6055
19027
32810
62715
37798
71533
63767
46345
94099
83693
65080
60305
16767
89433
11676
44464
98980
39767
47774
51042
47060
88562
68142
39870
24710
77965
19091
72304
67204
99744
18502
84222
98936
73649
46720
2267
68161
16882
39601
61227
87672
74755
5879
42058
40739
47104
65097
25828
40558
86939
47291
23113
62986
78763
92605
17493
50885
92939
38005
59832
52441
91463
79141
94355
65191
80857
61369
43117
42712
9408
76302
82097
166
86546
63369
72304
82682
26083
99131
77606
12868
93262
31746
80264
52452
95388
21236
20172
81043
29227
51382
75222
78876
79769
8786
96209
95614
11524
76867
59881
85735
21979
83116
31149
10637
65194
22947
76439
15393
20300
34810
24801
93808
60399
46963
59178
59716
98877
41902
69802
59621
41196
62073
13484
58026
1079
3221
20397
77759
67160
76690
71158
49215
39249
91870
90888
10146
597
69626
87258
72441
44796
4779
60743
94416
26580
81414
18477
32805
49607
36492
96737
69621
7065
260
44538
59905
69632
73122
9557
61973
2550
98680
48232
43610
63652
75585
54558
68528
56075
49032
59119
29250
54644
97361
14825
36417
1330
19067
31446
19665
84743
87591
28151
30667
79952
1536
42150
38988
47331
30982
40513
27474
60068
25285
69890
46115
56546
17132
30763
50994
26855
49949
76730
575
77373
67487
14977
9703
85434
8121
58575
50564
41676
89892
77229
14958
70528
17564
63658
62116
33435
15569
21196
25092
8518
31644
69181
29359
27470
68709
79870
84197
88304
80451
92809
34794
10861
27576
53294
12465
86559
32446
53554
39210
72407
89949
85797
70175
48055
54931
75587
38981
53474
68647
17559
11285
28752
51638
92056
45728
98305
85618
82232
16725
28251
74377
62260
61224
97083
42435
4097
42951
64270
51192
75557
988
62015
81986
52684
18569
45847
99005
81303
72538
93122
40889
30722
19656
62892
81523
6041
59223
35520
7566
14159
940
50213
36828
10959
98029
27689
24573
73092
5620
50834
32635
74711
2281
93090
16571
49269
46765
98953
73486
99881
99300
4314
9694
23603
87361
43655
42603
98332
15559
36393
44873
7431
56704
37033
74616
50774
25187
71027
54655
90880
21273
25912
75682
21703
60486
66177
28441
26566
46320
32253
59275
60270
62033
7684
14859
96626
40519
13225
23597
54374
85085
26240
57533
69227
5961
25204
18007
65248
18473
65797
24082
75738
44297
82606
78607
73387
28631
87990
63116
21184
15213
16036
52012
83305
77117
84603
45397
49019
22174
77990
10254
11961
47430
281
5794
95033
68379
6455
15742
35282
48170
63192
8093
80523
8170
83537
15972
79426
29077
41471
67994
52529
50108
2412
39160
69049
74228
74227
92109
21357
79806
68987
43074
40483
55543
12121
28308
44016
76812
83574
5007
22176
72247
27834
73014
52020
7943
71488
75134
93580
68631
65971
19942
80702
9996
57724
61852
45017
61120
36745
20805
94152
14346
94384
55475
79182
20118
67609
24980
96049
55229
71955
2614
45503
36464
45817
80282
22274
29398
87139
61105
2739
99092
98529
52726
13835
49045
62371
30487
97818
50268
83290
82895
40067
62768
10854
7830
77862
72358
93831
31902
40333
46508
79085
38350
96675
63356
74439
44237
64178
77442
39578
15619
73981
75639
18065
95060
15816
41658
41640
30137
57746
37122
27161
45781
71938
89059
62547
82734
25610
37987
2419
49915
35566
55237
20772
56230
20007
60178
56050
50478
74605
18134
66308
20375
10689
67671
8914
64427
44703
15794
92013
36204
30718
63694
74155
3211
19347
33303
66412
7615
809
91705
18627
26190
75023
89663
80052
18744
54866
61835
75053
55638
85608
91162
55531
39612
70813
6785
35091
4267
80145
98119
38030
9815
45974
66215
19197
71872
81081
17561
36883
86703
93766
48434
49668
82900
99506
40118
45352
21026
87618
90170
9561
82868
40740
36375
50596
39555
8162
34542
32397
12561
98211
62144
27470
2690
53674
8811
80215
8808
70466
8179
37662
37305
24951
88349
61871
37173
41494
72631
40105
30695
61433
14065
16648
89975
88558
55162
69075
9599
15619
79641
63709
46539
85163
24321
88491
31621
20964
46978
29226
90695
59902
36544
50559
79438
52507
72255
57916
52391
74503
13422
98061
35531
94436
1702
51128
84146
45496
37494
14132
98511
39736
70616
93188
90824
44470
91122
52141
630
99858
30249
16208
94516
43405
49410
70792
24888
63506
37209
37467
16302
97246
16684
35095
2196
81580
28178
52102
83461
73193
4345
86125
83470
32845
30714
50958
89285
43355
59735
34968
61385
20113
57285
52532
44253
97214
3545
92126
45026
30909
26240
20639
8286
26
97829
1264
23052
35521
90992
9243
16292
39019
68680
27437
95512
44124
32738
61670
12690
98451
81506
81532
3770
2240
76082
96189
39960
64151
90841
4981
78035
36051
7076
52551
46952
83705
77838
83443
35016
29449
27906
53764
52362
50491
18676
22365
51432
29848
57019
129
64476
41875
79435
46574
49403
44707
16869
6046
23944
1639
61304
58900
44680
86011
31208
80240
31943
16129
80484
11807
66286
49294
26653
83241
70545
27742
29169
53279
83564
53717
44756
10112
7131
90712
40505
36160
56615
60502
3148
2245
66836
71792
59498
33377
68145
69005
9084
66351
19282
38436
90422
35303
49364
45212
33843
15181
15221
96194
76029
21660
15537
63589
22481
70227
56882
51191
51769
53967
45505
95048
23624
71440
12981
78238
44971
94494
89795
93276
15095
1539
18658
62817
33996
45128
63294
9453
60747
61919
56869
25323
20938
60421
84473
81488
86708
3246
49310
89271
76494
16953
17236
55116
20846
24234
14811
18981
22322
71125
240
39348
25385
21945
81099
74489
3001
52719
29592
77353
6932
47428
90443
89849
97098
20182
74109
63203
86967
31493
91530
41724
45183
524
16782
98141
84302
63542
41971
9761
30316
44313
87131
89622
61678
17520
99937
98993
79321
9983
78486
33988
73653
71957
82338
29065
26509
27386
58017
663
50125
51608
32014
90829
79594
58516
94165
24861
5163
82957
90186
39458
10747
19831
47036
62619
60297
821
28170
79578
20244
75116
83881
76983
53006
57542
68070
73226
18185
87716
71631
56916
5525
41308
59636
78708
12298
96302
10027
3162
23354
75076
93830
96364
19797
39027
23240
53822
24920
19719
68767
25688
99215
78438
80418
75009
67727
55030
37822
22052
90446
20939
6675
17446
11326
33270
33933
69439
60194
68328
50320
63995
90793
25008
56224
45168
81286
87517
57186
13979
34301
14247
48305
98466
18948
45943
57700
27086
60889
84627
10981
57268
58479
87975
12715
2415
68400
76383
85038
86526
5093
53801
93628
56592
69399
4772
34894
74207
22214
35249
93723
80209
97844
23843
87750
76198
72633
8209
98497
65382
75570
6846
8549
75567
57346
93052
5515
2818
12292
53808
76768
4902
2478
70659
8885
80500
20619
91713
29066
14175
11048
83493
4872
25639
90904
30771
59423
34636
225
36517
29782
60190
77885
19655
10956
98247
45251
18060
99245
76346
99257
32076
61914
68405
58481
88820
77731
27185
14958
7249
55579
80919
79142
84321
54334
92077
1974
82909
84663
26575
33628
70878
2593
75775
24026
16577
27016
82823
59703
10637
35249
2558
92467
52720
14918
78972
21578
36466
67158
2083
53040
32238
19677
92975
80937
48862
81048
93564
65320
18879
96273
62341
33396
72670
42717
28378
29482
86138
44379
41903
61803
94907
67481
4320
71999
53020
88452
26422
69403
75362
70498
65507
15751
82579
73534
1390
51201
9617
94837
75164
35529
33452
17503
40824
14364
72908
69162
19797
10002
86539
49489
35440
92086
25254
40280
58133
64756
15357
20975
27917
60409
54625
24160
89958
48380
30765
46590
50816
99135
41327
77177
19864
91301
69215
6374
28350
77404
26657
89956
99091
83858
68654
16420
82863
25872
35058
73420
90496
42299
15401
36634
35844
88642
66920
14754
80903
9292
27544
92443
83599
26317
18345
20661
68674
9362
29624
44138
22871
18880
11929
80729
38098
25400
21883
44059
91754
38205
41296
64085
13322
57344
56094
8517
83733
4693
41333
31222
24381
54460
25471
19058
49859
34214
6356
72774
65513
47993
47745
73501
96248
90919
50548
71616
30370
34672
98535
10443
66758
22860
22999
42697
67995
63458
79121
26255
70223
9828
36927
63981
68028
98401
19757
68411
93408
92871
30869
3884
19044
49109
78545
43761
90459
67795
67837
22402
6795
84478
78146
49061
6158
30890
64464
1520
31460
82773
51063
86401
55092
80101
2550
55685
11065
83764
5473
97846
71161
82137
78207
37498
3803
94650
91398
17648
44315
79237
52237
199
95620
56718
19459
85745
31681
87866
57823
37138
33937
18237
36950
10634
41808
44467
48791
38942
46559
22860
32696
6695
62322
69991
51240
24657
6270
40648
45257
11507
39491
46815
57205
52223
30536
50863
90780
98374
60641
16804
24004
23198
25940
68335
63909
52924
45187
67572
95690
59335
45858
52456
71089
21454
46540
45541
37877
25629
5477
94801
79474
91032
42608
46315
97646
87122
61032
84727
80098
90945
53687
50417
78300
29754
98856
9498
80754
93987
6082
98316
79470
38698
44957
85922
65649
87035
75725
35750
5682
84994
12985
65151
92896
65839
37329
32971
80589
79625
70688
76787
91891
60459
87473
4745
5648
95440
74155
41334
22597
37042
64787
43890
19547
7161
15331
40776
46075
56686
80665
10611
11396
25281
79044
95104
77959
88536
57520
12461
92424
65885
28908
1128
23298
29295
6424
19010
51225
40212
80274
70209
12879
34390
13153
68640
20206
69094
45603
85735
50508
96553
86895
23903
98960
60077
65390
66610
81415
92368
26785
17111
37919
61694
48910
56712
8133
63658
20592
90252
736
96320
89551
5862
76411
10456
97731
77005
12128
10404
74897
8865
42932
71784
61952
95871
78989
5004
2168
63221
63904
39814
37595
58856
13426
63162
32289
51185
85480
56441
60506
56548
48502
55351
84999
54188
7001
81033
47492
88503
62345
88385
54481
71011
17471
17920
74179
66134
99741
53038
77722
3129
61489
57370
26348
60922
58724
30695
92435
13249
78167
46545
91524
55687
49897
18349
60362
87581
86785
7764
88869
97956
57512
13664
875
75518
85332
66584
41384
95506
88983
66154
51443
32441
78718
57377
95058
91131
29002
24077
95463
76306
88597
34243
10336
15800
96860
98794
21113
99122
57557
86597
79349
91977
64169
79765
45616
47824
56495
50829
75589
92140
89310
96929
24265
12012
95101
59082
76968
92520
23290
69230
58578
62708
12300
12562
9359
23269
3328
85075
78658
86538
45471
42262
37949
2385
86805
59466
68272
98952
11760
47234
34636
78173
48487
3322
86996
91667
9977
98324
20698
37777
21825
28592
75831
88326
28019
16641
79676
51606
70406
22347
44496
71419
72171
89051
46669
47047
58979
21880
25207
35635
90810
78015
80759
76055
34594
80404
14220
8978
25566
17691
13292
5003
64377
40880
64712
16878
66431
49623
74366
70164
79789
16665
28546
89413
2737
63217
6002
59436
56653
39949
32688
88096
73116
85062
46967
43809
47833
99775
53732
47614
2420
70698
26040
52714
9054
39492
7042
31291
24338
29791
80616
9356
47513
55043
55846
74144
49468
91346
73318
71376
74402
54784
52324
85616
85003
25195
31887
79314
93912
20902
69045
66655
95890
26752
67743
9090
90625
75832
80358
63244
56174
74711
35097
26862
59333
23331
40582
18073
29215
72823
94340
56486
26457
82355
73211
47636
18373
40423
67710
83859
7605
27727
37378
3435
60745
13961
13465
20761
87299
46755
83519
73636
10987
10073
15202
99690
19687
25462
26283
61671
84612
13814
50098
21089
26562
12558
40197
13535
53540
20107
90716
50201
8121
96499
55639
28446
37332
31661
66116
45372
9866
19821
30773
82460
89303
20704
45498
16384
67152
73520
27949
92911
14140
6039
99246
93790
77629
16289
76873
48187
73763
99929
67221
67192
56038
33317
65514
14488
54433
86755
62358
88025
59345
80911
51805
64791
83041
67638
31785
5858
67060
23813
46382
80019
92158
97805
36061
2082
97252
61848
50817
21043
54787
17929
71608
9936
52599
63580
26421
55985
55189
31009
61950
80396
11162
39923
33566
33228
54233
34454
10749
9990
84503
71015
81127
49950
53547
87202
75034
58233
97256
63431
17236
92585
35938
41314
33238
41416
9303
41869
12191
19460
41216
75799
50668
36050
61862
65985
68856
52234
64238
2832
47849
62797
51099
40826
36539
83772
36802
21658
56389
65397
88545
68188
58729
91758
13773
69365
44458
69848
6685
92150
23925
12364
22263
91288
68774
8704
20347
45077
88087
87561
18345
22800
93994
94423
15582
54438
41485
95111
4775
49466
4614
87644
85479
46794
30915
73028
17070
58910
22276
92497
21527
99008
45549
72088
78907
35484
40534
59810
72052
27835
63424
91725
33571
68828
47051
65745
74193
64305
76175
59335
27879
49347
65073
57219
87536
36280
26884
75468
60373
95745
91633
61437
22800
95589
66034
19337
77250
21906
15515
80097
13903
81675
23058
76939
86041
12889
54073
16651
99742
65169
98835
52764
82734
62940
64617
72179
33935
88330
84552
42626
8600
65066
99436
76307
36201
1987
68924
37981
2794
27714
88495
52286
48789
96078
45431
46204
26288
88133
71177
74647
82207
10233
75725
95204
96910
38869
78702
59860
30971
93854
85402
88920
37353
72889
71497
48837
82238
46751
40738
84053
43964
16092
13857
72028
76674
46548
3974
86656
17508
18413
45891
45801
17152
9905
60419
98367
89340
4232
79397
97331
23285
9063
7009
8940
42311
99574
14933
75900
24580
96594
63965
79537
47395
87124
30682
66115
96375
3697
18529
50361
34894
92046
42351
12557
47962
39600
71768
27448
12469
73130
59497
78006
67353
43406
60768
34900
9082
4917
29716
77099
31615
28073
62075
20914
54448
66353
98406
30028
79223
94304
1991
85643
85702
29035
62436
31239
66712
94451
60977
2711
27806
87484
63431
51450
37097
85959
12183
3988
26355
95781
57032
91458
73980
41429
18746
6821
29970
21437
58109
81609
41193
41740
48224
18165
71138
73854
92303
38318
80969
29529
68188
14631
43940
27005
49293
44130
64642
10624
83817
68489
54170
94418
3672
83442
37271
10532
11662
44272
10288
55615
1268
45275
36342
79367
61517
86066
39259
45266
80311
63243
93655
73865
23019
96826
27592
42401
47518
46974
92136
74616
42178
19345
37619
89620
27439
46775
38067
64782
80893
60606
62191
48030
28029
25353
28260
22913
78289
64572
65488
63227
4870
19376
30313
20574
74833
80304
71398
6846
55849
94870
63014
64688
52136
35672
13437
81922
7655
46721
51928
14741
47998
74476
64372
19705
1052
45625
45835
97665
68565
4679
64112
82945
81486
28908
69746
22802
89032
17045
14786
47134
75377
31221
8933
86022
97591
97502
95894
92357
11916
46337
15257
31567
12643
50747
15228
30393
55003
10607
19521
29208
34469
73733
38280
51169
30758
80068
83202
23227
65926
90634
92890
90609
31935
4794
39364
16777
65543
78349
22113
3549
49731
53478
85748
22228
89422
32545
70302
30739
13680
39352
67798
78425
97523
85578
12664
1643
92940
57763
55264
17523
14300
72666
26430
21281
53447
24647
99631
7849
11382
98451
64850
76653
88493
15972
79476
80991
87984
16052
61747
98212
9766
52463
9547
26573
22836
14465
93085
46356
92129
37720
23837
7779
23084
4590
89249
77064
27047
64467
68780
64774
32913
62452
19356
15228
74502
91144
89931
81551
6101
31673
13659
76888
96016
57052
7756
61837
63118
99857
98445
38982
31561
53275
15720
73662
74613
57070
53569
83903
26723
2412
53944
23517
47271
96973
65299
47314
33106
94318
52071
31691
24533
11534
40254
60455
24061
46948
11762
66032
96833
27411
13946
27190
66021
29798
33212
79637
46731
45694
40615
17431
37575
6028
54827
3689
77729
90141
29616
99042
91752
60442
28730
68799
47785
66753
14448
20027
13020
55265
49600
27665
45307
87536
87069
99311
88465
26754
57495
17472
63761
85661
583
87412
53703
34639
94115
18505
56706
36564
82726
33919
17331
12720
74280
36391
98681
45146
79404
99268
15350
13184
66616
91466
96093
12949
72123
50039
18958
55516
15223
50974
32646
12144
35281
6090
59859
41317
15096
13146
72637
95942
63320
76456
72538
15680
10333
32587
13256
50678
630
43319
47350
58227
2122
50576
19044
9116
91318
40753
62515
44076
99546
1190
21340
31751
1273
5187
77438
68189
76531
57363
30050
66258
26630
19407
49864
90160
18927
80413
2616
39536
36783
68280
54886
71904
3624
74419
10022
84705
87046
50742
49999
74342
50630
28561
96396
62129
55115
40787
14407
5145
55149
45067
74146
43266
13269
81092
31597
82714
711
28884
90189
10905
38137
22979
7293
31265
46304
49436
28126
26853
95165
92732
81142
25789
7364
55707
15627
98068
23011
87734
35045
78139
66005
97470
84386
91716
94134
11619
58634
22532
42822
27307
83993
58162
60552
39094
36204
27650
21268
65130
15825
5678
12660
87553
9980
62416
63924
48357
35902
57561
65464
33528
59702
12977
93838
12049
44899
40666
38593
15577
37131
34685
90802
5593
84031
67857
8739
22980
65236
68269
19503
87977
76800
57881
71908
29366
65479
78451
87490
21970
27791
45777
75716
1072
57068
9293
67604
71016
64323
48502
94194
95537
89057
5691
27998
81140
14876
7066
3522
42122
53677
40943
83120
67632
38058
77487
56728
1821
41068
64471
46570
66447
53176
16623
87785
91354
58968
89729
48525
74737
252
37722
58657
16733
74075
23965
98919
71109
29882
90768
14490
58412
74929
45367
68292
86848
62656
8083
63014
79581
52565
65783
29948
99851
1932
27746
42361
72434
17906
36644
22172
25146
58541
28785
41870
15954
82286
66387
93557
14093
78567
85619
71938
50300
49980
88157
91518
7809
48330
936
28697
50884
26715
68944
22171
34469
7774
58805
14801
46329
81604
26485
53202
93238
68596
89344
99871
46143
3497
52338
4562
96269
14526
48920
1014
66946
93845
79648
49870
13774
36227
34551
24103
16969
7946
71287
98431
89596
6613
7400
8180
23480
51586
47228
32489
52081
32416
78700
81703
60636
88286
45374
4311
95992
96373
32428
36357
77794
67930
55225
40624
28126
8934
1026
10101
47052
2382
36233
85291
97308
90912
10274
39530
96096
44157
81082
44683
67298
16431
48932
34530
15144
97944
89234
25487
90852
30240
28111
20595
75517
34930
20636
21666
51388
66776
80053
14545
50559
37126
85437
49698
96182
93408
84395
69723
78012
5844
8215
51834
15291
87745
69059
61363
18997
20694
25479
30182
19700
75538
19248
16812
74271
15637
9773
62378
70276
88607
88142
29319
64104
66536
94123
30172
30994
99234
38347
21736
13548
19510
47475
85008
22024
76276
5303
87772
65871
59273
2669
30693
41297
49871
94845
75020
17877
68625
75427
80545
83634
22017
99447
89404
17701
78895
87730
48755
93622
38886
30368
19762
82347
3742
16633
190
28062
34240
94787
97994
10333
22001
96507
11003
85938
57449
88021
14233
71691
19102
12294
62369
23806
57802
38101
91531
20063
58071
67306
43129
88546
56548
94150
26984
28904
82906
48345
37554
33237
94654
46958
83636
73837
77432
70211
61633
25509
88444
3466
60252
90873
73497
77064
74519
26592
67999
95955
24544
65640
25102
80127
69991
66934
51658
9448
53785
27851
69523
82098
3031
9103
50466
80995
77036
72144
28657
88531
46374
87591
76468
66021
31618
54605
7054
52255
15049
79484
19630
392
60904
86950
23800
71914
8135
14527
76966
16702
22179
67984
16426
33781
55986
6345
435
51148
40406
92501
27
2375
97934
79468
49581
36953
89171
59080
48508
15386
59880
99402
94398
74300
8220
69130
21193
16080
85303
78552
72859
62508
95177
11955
66351
78390
71164
42686
10034
25273
54169
55905
11848
22547
79456
17255
2457
81436
37369
86847
82742
49054
66019
61580
56822
22776
73585
42125
25561
86855
85152
84354
65845
61854
19641
37518
7197
85979
13116
71191
65788
46484
49046
23235
61216
3974
87554
71850
94844
90965
66673
39756
78711
98456
95810
23805
96489
33597
55132
43574
4804
29039
17125
23178
40120
69815
90060
49994
2906
41937
10057
16478
68319
66178
21058
36257
8
42783
363
52848
35221
1734
47281
34596
20182
45395
5643
67389
66043
95836
41029
73600
30846
69542
66386
36749
29359
25867
83114
91401
13914
37560
68944
52906
80907
50194
71437
12533
77397
59553
23797
53705
33233
2284
8352
3070
81758
82528
2995
94725
64171
22670
83950
7069
908
36456
85631
98777
99791
84309
6897
74140
59669
8962
38933
97661
32789
94374
53688
69988
73958
93110
89991
6489
72039
87323
40367
28562
61189
63316
54990
46830
22872
88388
27229
91243
53609
61874
51997
44451
64562
72659
12741
93088
52655
49656
94036
24270
63350
10691
70280
87383
28840
33007
20767
71060
32679
77461
35030
13585
96089
57069
37588
36475
29318
60066
51268
71280
81732
47690
44051
70914
42376
9237
5425
1298
80369
96902
53833
22382
93286
16096
65211
50497
93035
67606
17990
89864
67620
56168
58563
76148
26844
38412
48361
7492
35070
76265
63770
92588
98388
22755
42537
15659
66640
99365
45006
19602
27582
19469
90691
35776
23627
12648
20298
79993
91858
87090
43439
61711
42076
61403
3660
25563
89126
67902
44070
3963
60875
97932
66227
4103
33132
61245
23993
70530
73558
49551
83857
93669
22599
98387
62282
48151
65477
22787
52521
14196
18114
68368
15634
47980
32825
2058
50512
36985
19095
16973
26532
98737
55295
41043
58727
29649
53241
86588
2643
62381
88654
49767
6434
42306
3232
49770
39111
43688
99121
55508
60086
66339
15380
29874
85849
92507
82297
18247
71277
31074
10732
87008
51435
56584
23018
85120
38374
81556
39660
32632
94910
78888
20143
90139
25541
68347
61933
73328
44747
83055
62946
6823
37864
63587
56887
60193
83356
25420
55193
66219
47352
34993
15311
71569
51649
1646
98332
49850
19287
18112
11395
57554
4028
66488
60598
81197
46195
25240
4332
17501
30573
8969
73499
88221
68127
3909
49143
87847
99697
62825
1763
12953
26362
73440
85280
59916
63577
48573
38490
23894
70015
12083
54040
26635
71660
5392
2795
71375
2989
75689
13997
58116
21087
37692
35646
38382
61494
27089
3442
47739
52502
10484
50152
56462
16349
98441
31191
30587
81208
681
17620
97621
86750
80438
47486
18489
54929
46864
16561
62734
1114
77767
84858
24007
48827
43647
91865
88670
37793
46897
98422
36488
45131
90750
71391
59530
61930
97577
10286
73218
74200
72207
90167
2307
58069
16376
71365
40649
90205
17157
83453
14629
10527
40707
46625
74735
25625
26145
7635
72701
6576
42521
92793
34310
2258
81131
52490
95999
9046
87956
56558
57351
36578
43343
88534
28906
87600
82550
65938
32451
72281
51215
98465
20636
63443
83792
25960
4423
44125
96656
33904
35785
89942
37584
66641
31679
79413
55856
48
76937
63885
75366
31603
2249
60598
26102
78051
67184
52173
17718
87134
43074
60206
75183
420
55360
44056
72157
70867
18465
55171
48066
51873
12389
54051
20772
67408
98993
76701
56855
49493
31744
82502
89000
68565
96915
19612
96215
60037
37341
5741
58776
52250
26406
9522
90829
75578
14758
37163
11281
87622
7256
84989
81582
21766
15819
23492
19213
48198
39826
58693
79058
90482
95317
68225
55390
60572
71206
6618
3505
35747
47840
12120
33525
12724
96395
95815
25466
2867
63221
45194
52649
61829
65420
69232
42236
46755
919
67234
52746
73422
398
48017
20211
78647
26683
68293
56933
58181
54132
30256
4372
8140
33658
75533
39782
95136
51463
68858
25371
20003
98025
16346
84976
94631
6044
17228
25062
26084
25988
8634
59653
3971
53872
30083
35349
99822
91908
54878
86041
28101
38882
67285
48734
32964
40821
44509
28171
89886
29449
47100
95291
32061
41862
32742
75396
84052
63041
25579
72603
9454
43230
30848
32192
45497
70603
400
54268
3575
40184
39960
3227
96585
82816
97269
81120
30739
67611
52012
53810
61534
89057
35176
96634
78888
13342
27592
62109
21129
54686
51297
36781
66329
82275
76586
84871
8034
35093
3237
62361
40420
90241
24595
49702
89489
43873
98706
49244
44593
51622
44656
16440
11029
71768
11068
20397
8054
34213
53304
32154
43010
38291
33139
48889
88887
3178
36898
14309
6230
12398
73086
95646
64374
89650
13390
71293
64461
85473
7145
35015
14636
78348
17516
69506
10029
34856
25752
94560
71206
56188
76816
73820
81789
71082
19350
2128
57102
75706
60815
86311
6974
84396
43014
32194
78535
49010
52066
21378
58378
39775
55936
22580
27068
18289
17518
64662
20775
63632
38859
54030
77426
42338
43103
50041
35581
99265
13857
93291
70300
11261
14190
88754
24658
20833
28040
30239
35333
85321
90971
61019
82790
4374
36181
31430
252
54236
46752
63499
53564
54687
81353
93470
36847
6784
8885
64636
41293
92972
96613
79269
35153
58774
51077
47117
25584
67181
97922
6234
90248
87279
29328
35454
72660
77840
71239
