47686
94298
89211
63654
70975
97320
5460
94260
88797
62683
356
77210
18420
20856
63759
48988
38660
21458
49926
55556
38974
29025
51825
40564
81474
34802
277
88707
60122
70340
76969
96088
12280
34459
39578
42556
42150
3455
53331
40452
4174
36379
23808
45720
43346
1136
58867
17257
57135
38798
28927
61818
29342
49365
84464
18661
42473
48646
82179
36173
97043
16753
34138
18457
85714
4267
64930
83961
81277
21202
6838
35205
68126
9474
51381
2595
5217
6104
97218
80338
75934
83019
31572
21323
41413
15151
66746
62914
49994
20916
82
93503
21275
17158
43408
87421
2240
5351
60006
39079
36206
74906
35979
35932
31959
93722
93692
19868
97984
81869
13444
36368
51428
1841
60238
14024
85181
12814
77043
70562
37521
2015
33966
60360
21120
13335
13929
50967
66065
63960
354
99866
46097
58139
44132
1028
47039
95639
89364
47691
21459
46877
64930
68125
7472
63713
42074
19434
56919
29384
2240
89426
28307
89444
1558
34190
40939
75619
14812
18624
79792
42724
53803
34024
81514
13578
90270
93289
57708
59210
66984
89541
23450
29352
49102
90643
37085
65840
52888
57406
71260
94494
94048
36680
61719
10928
71559
56653
56581
9941
60088
71420
80827
70739
67898
78735
93074
30906
86611
93894
73442
48784
61725
97709
62400
12699
65975
98954
40341
10914
97104
75099
22730
57405
47363
85297
48675
17123
72304
70586
42019
33617
36708
47767
99121
95563
8713
52710
61454
70367
97569
6179
79229
58993
83963
22476
32769
96338
74279
49020
44952
72604
16312
45666
12836
84989
48689
23422
23376
82600
30059
75950
58601
16024
51875
39825
12075
13958
98588
66836
3985
13264
37500
69973
13345
90925
95870
63737
73442
24887
52528
52337
42843
23284
25633
69414
17304
91042
34930
14132
46874
85291
29334
78853
40308
21618
47577
63204
7118
44137
10400
18811
97750
7442
45034
31687
35104
46338
32320
21911
89119
84952
49980
98488
30072
77722
33107
35317
90391
82460
22521
21033
79027
84455
19962
18694
83929
58646
29665
91727
43347
32665
56618
29304
14486
33717
54586
35400
78249
93945
34310
70965
58721
13019
25013
61921
35311
30846
48781
62586
88511
12260
72813
24657
21616
89367
39783
13294
87480
26339
47758
76457
16673
40593
78563
56453
28333
20675
84001
96354
23135
97706
57067
96445
48150
51555
62311
66007
59442
58040
83383
53083
9865
67079
3216
31087
59852
31961
7687
25119
93933
41291
47920
51910
46187
57852
54292
18128
34455
68559
33588
14635
46844
52426
39450
90804
55192
76368
76507
70061
27055
73775
53852
29440
42956
94674
66592
49594
37376
47476
96601
96372
12988
58882
2421
81844
49786
5157
50257
90297
97263
44182
31552
90882
24452
68748
6239
57439
27628
12411
75894
83484
55453
37625
98064
20157
87439
18479
8954
51513
91260
4697
80752
86978
71958
37215
1646
87961
50004
57606
41018
50035
26110
86209
72798
82872
42223
62970
4988
74208
88434
9153
21965
24964
71582
13116
40918
75363
60818
82263
94404
31306
96203
98744
99036
92565
63430
44573
18923
87236
67101
18277
7434
70022
71393
25858
57373
69243
64827
15191
77934
24469
13491
34746
63078
82107
82732
55787
15396
58841
96297
26283
27143
67740
63201
9711
53832
27366
87173
80232
19442
97649
44046
17752
7106
70157
1718
51942
53571
45723
55743
71674
10535
45627
4329
69935
17815
61457
35665
16928
9833
7643
29177
60081
90939
40818
91134
39693
6821
61681
72026
30007
82070
84594
95748
80284
80422
95739
27639
92921
80388
30789
2215
69672
3098
24622
15747
81516
63411
93265
91896
92375
91700
70244
70398
11798
68472
83964
26812
66287
79023
62025
45121
91889
73697
25735
89604
25940
49878
24045
89513
22075
33817
42744
36539
79044
5427
59504
56982
66317
25070
9617
76281
13555
69784
79651
38307
11826
14195
83949
11812
96458
68926
61351
13898
18363
85667
10325
95975
77363
35017
89806
31638
39365
3752
69821
58557
48955
33704
91354
6370
8967
26981
60495
41217
69405
85743
31566
22104
94046
87427
77778
11744
65928
12233
93054
53149
72465
28846
18176
93376
95102
63529
79619
31299
35264
77979
36916
9803
99963
21093
89352
78121
22841
77578
2844
69476
8430
20134
44492
32619
54101
88220
1929
89936
57239
78061
65709
27132
10697
16672
86091
20108
15527
97977
11268
45437
47362
29196
5952
91426
48827
21762
22140
72952
98074
99656
88903
88349
9388
23578
44718
52331
84353
85557
39275
6881
61600
89682
74059
57202
12269
9783
99105
83291
35002
69243
62594
24863
66310
57406
22113
79234
14181
53066
83791
32338
66080
28976
91861
57583
89158
77360
17743
87118
71953
33760
35755
29970
58702
4387
83837
57679
55136
48749
79156
39044
22657
38849
37950
28831
37061
64040
22039
51982
1464
65483
38149
31287
1765
6936
40801
32623
97821
16476
68044
34909
92039
11986
11338
1241
33488
32624
66160
61922
73569
64434
24098
65431
73909
44747
9681
27230
91026
63029
20521
25117
55321
65761
85654
6469
95610
4467
28204
51766
63586
51213
59857
38659
80705
44247
47004
10670
27511
36708
95343
4437
97879
60116
78413
37030
41385
72717
57378
57018
97255
13570
41597
34791
95954
42927
79588
26278
26332
4868
5631
29020
4419
14394
98335
22355
4576
85438
84726
29661
97742
99011
99719
54318
67686
16083
27237
95204
87348
48624
65084
22893
47089
71186
54511
50016
9616
25066
42705
37778
64659
20726
84337
22643
31076
66322
18
83485
61780
56057
32453
55947
87990
27716
59275
98243
13850
87278
67104
79871
15689
84383
38929
77708
39783
82738
81930
33233
59883
48319
12739
79510
42733
46948
65001
77016
14673
77076
23241
1364
16065
43752
33423
31290
16170
9137
34902
19373
11910
56267
36166
22337
57961
62833
22089
80275
81796
6628
82859
48338
84391
66784
23602
13461
43318
52943
13213
41042
62715
82259
83569
36773
64037
65740
63805
71936
50960
7639
61538
30646
47835
62557
21322
3615
12153
90401
21548
79899
24859
84725
95219
8045
94217
74902
16972
49280
20150
19961
87971
63226
95923
93859
56658
29650
72698
99392
58299
92221
99028
50152
29315
74157
45090
52212
502
21833
45462
19986
1308
52916
31395
33314
16182
77989
87040
75524
42556
89135
48767
14524
51786
30998
19667
98311
34723
53976
5899
91672
30917
12760
32101
29327
80870
74707
55410
21062
62954
42004
74399
95139
3818
163
18653
35055
31831
62608
77677
78668
42610
97173
56836
69164
43454
84503
98365
98316
54489
46778
17489
46526
15933
53789
89069
88547
20814
2068
52443
41475
22579
65978
12569
551
14735
53628
10706
51623
12345
84612
66480
72114
76299
27231
49062
33744
55924
62937
85872
96367
76342
57093
66572
16175
24515
27873
79205
50028
11094
30106
14240
29762
10165
36201
56089
76631
84603
56284
54429
89826
73797
46741
85971
69877
80298
45375
70227
88702
4727
55324
32622
57877
16195
56076
65133
65485
99406
96394
76036
86862
74422
60677
40529
82238
70372
36717
61949
40097
71141
72430
49140
99639
8508
96046
22570
29600
71122
96694
35877
79139
57645
90502
45301
55769
97483
56362
13567
54088
71068
90604
77225
88209
80248
67567
15403
13119
6212
3732
99505
43580
83425
30129
17561
32296
6184
32983
49369
20148
33506
35533
94362
2711
60516
96896
29216
83920
15376
84759
84754
14009
23149
7860
69029
80536
95205
60931
19390
40940
80643
9450
23387
67390
97189
92297
95714
27515
72941
13004
49585
64500
6993
93419
20582
35534
96242
74513
27692
83352
38350
31483
97743
21453
18977
85495
20430
75565
61100
37024
37091
45253
13592
8428
39505
24055
12145
26972
5522
68219
1182
1700
10978
2371
35174
20254
7016
29730
87277
33494
84294
20691
33238
36038
2590
49159
11707
1933
48412
11693
71866
20149
66415
35916
75912
4332
50908
98564
53914
96527
23388
69269
68991
59473
82169
36649
20504
95371
86279
98723
78479
90699
88287
27605
52729
16400
12014
77553
5838
90345
12347
10211
78559
93829
96352
81033
35285
75061
26458
30842
69345
8451
75816
90750
10106
15025
51700
73764
53869
65940
28655
16336
15654
49689
33213
81167
31861
38809
83187
59512
92317
73355
92725
63568
84180
13176
90709
75162
63121
1136
1363
45443
68912
55436
29377
70027
14883
97537
17499
37704
64700
38250
23684
39897
61690
96010
94557
28870
60615
15185
49171
96476
91874
66945
38524
95990
15725
12247
6569
96929
24315
76537
10643
52732
64576
83212
47424
60217
20311
63185
66284
34324
21310
45483
94812
54067
49671
52827
1878
88169
18619
61838
14546
47936
51965
4887
53568
1966
16912
33387
54302
2635
90967
20570
13388
88162
27607
70951
75321
78478
48586
34339
8559
97429
48901
14846
75166
46390
72133
84457
46318
62897
10368
18399
78309
62476
61990
62706
767
59689
29643
45457
43305
86923
8883
63648
43357
739
32094
6650
26459
78719
77506
23400
39583
84280
53279
17117
99035
37118
29721
7178
29833
32454
87068
91404
92266
72567
42260
50912
26171
64900
70183
15632
48835
3128
91033
21635
88545
85252
71489
74426
14296
65483
57997
67599
85391
86968
78816
94028
9197
44873
63671
63649
29967
22464
15624
10851
99855
17479
71381
70790
58479
81182
80478
61559
8535
61874
74565
36454
93247
31643
28571
13782
65628
55295
92882
64350
74456
19469
6012
5298
93750
48231
41715
81298
1229
6534
85664
26370
87504
80182
21780
71066
13870
699
15947
33113
85004
96438
59063
23516
12402
42362
781
77553
16302
49888
98020
74672
29582
51274
36394
80385
11466
66083
77039
10247
39467
99180
60329
2001
76210
48195
48949
13065
9862
57504
99912
64929
39347
59768
79345
78018
60405
82496
92896
51388
47450
64161
64996
51340
8514
10991
96787
36230
43787
41395
59599
47787
23659
5699
93646
85824
36108
57062
47306
64206
93412
87716
67691
58797
49976
33090
35324
69814
71929
58376
19979
28970
73186
25651
62796
75305
34184
8989
93487
65218
51407
12719
69277
68467
97905
52124
41270
33648
66122
93520
41909
3343
35190
28689
57976
59733
96469
6198
1364
75423
75666
26973
64301
85411
21415
30629
74600
98008
42902
18340
51640
27119
63575
82087
12798
80693
18439
99224
60891
97851
91820
1676
3692
78408
16466
16636
93780
44497
67674
3063
78836
27985
7624
18063
89551
24434
48417
83865
47051
67275
77524
43261
90745
47781
41879
14789
39768
53102
15890
77282
41294
97245
45306
3512
83603
73990
23281
85892
68944
4779
36849
30103
30333
39839
39504
23655
19495
45511
92535
88364
32275
34573
52172
93616
20327
48558
10931
55910
36529
1677
76867
40677
28606
90392
61768
81590
82678
4111
34460
15561
1153
62525
14920
42272
30426
47420
12928
50905
8277
18224
95294
94256
60567
27526
45007
6720
45073
51690
83185
35044
63058
67371
49363
67267
27911
96171
1496
39941
78071
57914
40977
15383
11051
76973
87211
69749
19652
9900
63189
72906
35630
60026
47632
18304
6382
82610
80110
1079
45384
55047
36517
30987
20926
99415
52503
33781
13161
47653
14360
34254
45924
72986
72834
50363
77246
79910
83204
83593
40315
75257
87068
35173
88501
10278
99414
3031
19738
31058
60884
45300
16061
416
94556
23023
21397
9989
94457
11636
24469
53429
56588
71999
95539
28935
26982
62643
87192
97269
41057
26471
99406
96516
60764
70127
67979
1343
42486
10647
0
49471
14043
82103
86768
69059
18192
45507
78429
49810
28966
67257
85453
71568
59123
86885
18669
15069
39633
59565
83296
36770
15839
22468
90000
34412
45894
19545
39652
24429
55044
20053
67503
83809
11635
74997
39385
74484
85230
26479
10742
81475
84213
37382
68303
73800
41018
27837
37392
73878
51457
52909
61710
82920
27350
63230
33632
91574
92103
52356
23165
98647
5855
54000
94766
8913
99754
1643
59933
84125
47499
44184
29839
13154
48823
1821
52556
78457
54165
16199
93394
18057
82152
65773
72971
2134
58342
84582
56459
48405
41365
47811
82381
32873
3314
12095
75619
30213
42615
59389
74046
39374
67904
53267
26378
7272
23070
48556
34097
25529
10673
55175
37408
75903
58961
5107
16495
40082
81028
92632
50570
15171
45184
11527
42760
99688
61803
96965
9839
36728
26201
22343
35841
94776
42153
54020
50152
28885
39394
65698
79063
9786
50485
30930
37732
86189
10402
6478
73912
98206
95599
35537
49184
49983
8819
58875
94189
56376
10506
26690
45469
26105
38716
97369
99327
88329
19334
42632
33749
4941
54955
87610
687
15329
13568
40783
64686
14254
73795
56570
89286
55324
23053
11633
41128
90663
73158
85857
85956
83278
59830
93776
18378
12703
20229
52957
71070
53116
31602
49402
66855
67769
72728
68970
43251
7989
34850
33855
36415
68036
94188
79935
82580
53935
37404
90144
3052
27082
56240
8663
15170
33476
56676
50471
45111
61178
69231
87983
95100
60610
69712
11569
82652
24393
89715
21516
82596
54082
68382
33138
55813
39303
49442
17920
89089
79895
11195
64442
75299
30084
49905
43988
96875
22938
34231
33378
11093
22256
23859
82072
38757
46866
38755
75804
98323
82619
97283
58187
64220
15888
7548
48969
58700
23102
52850
75867
84034
38755
61382
65216
49983
4789
12684
65015
10705
25724
14694
59713
90161
56337
10422
60339
30223
86309
94380
8947
548
73637
19596
6470
82612
53007
222
59411
22536
935
85287
73772
70088
58364
49344
72337
60874
58642
32089
33968
34181
73739
65099
72599
67924
37569
68025
7883
5465
47208
18746
72391
28721
43902
75319
10396
19159
54912
82604
96975
4567
53272
42479
9769
40436
40921
89624
31797
6992
38084
99465
71580
54220
60412
74765
26808
8538
46997
38545
45042
84981
92339
53945
75328
82189
12896
45051
26186
83044
38948
53178
5961
76038
35113
29401
80909
31260
55330
32162
27003
47944
36228
890
67381
47742
47165
18170
68309
69136
48510
1857
72162
16367
37561
11993
12227
99326
67150
27579
27540
95870
63438
48752
68044
84906
93503
95542
19106
31010
93856
95548
53208
14834
11541
97097
48753
91448
86564
27585
35024
94725
76741
57049
34534
37090
81015
89594
38476
23119
17173
81582
64109
27750
4621
31132
84506
87475
32845
82475
54238
51622
99063
37298
75279
52962
48649
57327
4825
40464
63240
20779
12762
39564
92554
32814
19129
6389
14218
30954
3890
3909
57066
95987
13837
12274
31438
25457
10212
80409
12591
61278
58602
4089
73347
83401
95661
39442
81769
81572
88440
23688
84769
98012
59879
96394
68820
24544
35195
71806
12003
78117
73256
1891
78584
50329
94556
3076
23461
63005
21523
23192
47114
24415
27872
1961
62176
8672
66217
9153
37153
79686
24619
32646
42513
80201
19139
59053
36107
17443
43454
6893
90261
38406
68405
34474
88021
56711
25504
23017
88845
92584
15981
18764
60048
65248
76573
60353
70139
57918
34218
60147
58327
26042
34653
32317
53497
40610
59378
98383
31189
35502
66969
6018
19551
14629
32931
8708
56010
93397
13940
5465
83167
43199
20307
44568
63704
5854
72597
77265
3628
58786
88914
78189
83224
83306
48566
64218
3752
36087
80976
47410
97332
27121
91828
53342
25615
9963
99212
45419
32316
67864
4342
76741
43978
28753
76979
15127
5734
90085
68612
47642
68013
82113
94754
72403
46588
88780
22793
36245
66063
68713
4956
19922
12421
66529
8132
56046
51371
66965
18952
53741
6642
27178
44948
35763
54443
12172
34211
54471
6326
33438
58483
13666
67474
33334
79397
15219
32366
19424
6753
36834
87170
62967
79355
63603
62908
84420
64320
77448
20620
20933
63756
38769
71132
14871
41000
40835
37164
58991
17960
34416
54569
68321
29918
32625
10229
91290
52447
79087
87131
92913
23679
31947
60211
82118
66570
43674
47822
81344
72854
70022
47851
56762
33851
85393
69681
19714
42533
52602
92333
38561
78054
73375
1464
72337
82265
18848
33049
46730
53373
71618
31972
85233
90316
27706
97253
31809
78557
89014
48301
97326
93013
55819
86136
47937
86564
97807
34470
44525
62943
90515
48756
99844
86753
48570
14859
50303
30482
87874
99853
47721
10625
1091
27970
1236
38050
62618
66445
6144
88139
37872
41156
53518
4301
95007
45548
22234
87239
53526
85773
84457
84378
88523
83787
62858
22862
32127
98479
41746
12847
46949
1326
90682
89161
579
86700
91921
27849
84899
9886
23945
31361
28326
56385
25070
49358
95237
95543
91746
3021
92625
63064
76956
2101
15395
63343
22101
17304
65112
78374
5923
64138
24699
93296
41189
36545
50473
64357
3722
8306
53627
94385
2339
43639
61827
53096
56051
32137
58716
13499
27624
36584
6733
38725
20222
83885
24370
88581
73766
37235
64599
74616
62736
6525
3963
59807
6662
35029
15196
88524
98884
30880
91821
83439
49393
98239
60725
33316
40273
62298
7291
89963
58588
51612
50749
69338
57404
85973
73073
57304
12175
61892
90590
66486
43707
79010
31648
95814
39675
2020
46434
21021
16941
70191
14615
96744
44763
23294
89331
21982
23159
91053
48308
11468
29943
74635
16028
11124
55775
34624
2402
20688
61956
57892
76349
36992
40289
25334
39731
70383
66591
64911
93640
38253
15864
86270
73022
88396
36997
54005
24575
34110
96642
51091
34144
21122
13583
79122
36543
69072
62981
20524
40038
5051
99618
25745
59065
59049
93842
77622
56455
19428
83562
18948
55391
58248
97412
10054
95603
43673
1612
27631
74126
1770
10048
68291
24046
10864
23747
55226
23408
61166
88791
70659
7401
46066
24872
88589
38635
90118
27204
13973
94554
59375
97550
5147
50548
77693
95699
75896
23710
3529
83518
92869
67459
35350
46398
38268
95002
31326
1699
48200
35302
38615
54213
95288
30637
12903
11546
9324
33375
8822
71418
5485
16469
87639
33076
14751
4219
4901
17743
46352
15165
47850
31516
19879
77647
95921
3199
72051
99668
86604
93587
7308
88419
79003
78671
55939
5161
2261
74509
37644
66146
86374
42520
14887
32110
78033
76400
79820
2273
31646
34048
90100
13583
55346
33035
87451
7099
34334
17640
34715
9704
39495
9656
46771
15234
64110
17065
37465
8968
77137
9590
1958
30392
80098
80205
28790
5329
16628
87768
99613
19521
23378
69777
68022
52555
3487
93725
33073
45968
91219
48839
70826
84620
39793
27940
26650
76718
95749
99652
68000
60968
38934
70851
25135
22056
32090
59708
33484
75140
4244
82121
90470
46565
18026
15194
86325
69718
41634
94216
11747
70384
83992
91497
17748
28297
38763
17337
90598
52158
53554
52072
9580
16976
19768
38645
80586
52527
44642
45965
20464
43779
60241
57932
41723
9097
58369
24261
66593
24599
41614
56932
35083
1533
87905
97616
76976
47436
53102
96837
83292
14753
69109
81325
21585
52171
72541
73494
26797
79381
34607
33798
25075
95668
73751
67968
10143
26059
49774
8650
69928
14501
50743
65999
10543
96622
16988
8046
29071
22152
61668
33149
99424
47804
62672
5711
74669
78915
36347
89551
36556
84875
97463
87212
89991
7816
31856
39415
27781
19936
87472
50916
97662
44451
26908
68790
64009
3110
70782
24963
35182
64494
44422
4645
17712
1457
34373
77271
32995
68040
93298
31228
89712
60222
72094
85053
17038
63531
76008
2727
64765
77573
80265
9134
34679
10752
35487
54972
20895
93882
41701
71559
8133
11383
54368
72061
40452
92818
69499
88533
73442
54585
6420
59741
26638
56244
61204
37440
72357
41855
51752
478
27101
68054
60198
57609
84229
35288
69965
6960
65970
79401
56375
39113
26338
21738
23095
78328
5853
32
44600
24219
94031
87474
29285
10179
71153
20524
82496
78435
49547
98047
82615
79039
42129
41222
44457
40078
51185
96759
87832
5164
22852
62538
22563
94040
98210
67306
33402
4899
33149
82875
31586
72324
97255
27532
6446
39627
38769
50019
86456
63705
52792
91530
57412
67923
96786
77335
96984
85115
77281
83016
27143
9094
12199
39436
1367
31493
64911
35244
11968
3846
87121
77597
45286
66672
66460
10290
81784
14596
34776
4830
1309
1166
10303
24127
52372
31322
5125
54639
97254
20875
70322
48286
27617
50132
55731
22492
60124
57819
26165
74953
74715
3525
38050
82609
76583
75194
46244
90740
1462
86495
95551
82387
50339
72450
81707
25977
98790
88072
87063
70045
26367
10272
37989
91093
33524
38834
49979
95154
10940
43967
50166
23964
88430
59822
30115
97783
63115
27693
47543
77177
85078
14384
53176
10758
25324
87934
97946
55167
68424
29754
23701
72052
70755
56120
48585
64443
65535
46957
49085
37748
25215
51090
79799
57494
36329
71586
93957
90517
42335
83923
62861
71096
40528
9886
84967
11982
57095
27230
65769
45589
40888
94811
26729
81186
20266
78114
53209
32309
11236
65672
32248
16158
78608
9795
51961
33987
34585
95681
74429
53737
93977
7429
12832
84500
66892
52605
31523
60868
71153
36603
7348
38304
81187
3496
96860
30403
24360
98613
37228
58215
18376
61647
79280
76663
51675
46703
92488
30733
57924
50979
77397
61413
52801
12031
51611
33458
81979
42229
14294
67661
46590
92340
61156
74633
58323
93943
34970
75112
12934
21557
9627
35971
58453
16214
35361
32330
28148
36169
32824
20188
60116
790
2944
20174
59205
45935
85503
69156
51884
63401
48424
82131
84318
69567
11625
26036
490
4646
18339
57732
11732
17375
17798
36366
41351
41425
2959
36587
76670
19281
5310
45809
9404
94106
7544
45800
89396
40981
15428
12388
8439
65814
23227
49533
73133
27496
51653
88885
4588
9324
31839
23501
17830
75092
8455
42741
82991
66577
78822
17779
42975
48916
92486
32603
58091
2614
72726
90212
62023
65825
36639
59509
89218
5950
49292
45918
94147
68265
63233
13855
89772
14074
31998
67345
87441
81808
27979
34311
85650
64803
62808
22818
62158
97648
69413
59523
73328
90624
91441
70518
54769
61441
26861
38763
72685
72330
34283
11879
25799
62537
48593
14726
3344
64967
28007
28900
16918
25140
45161
76283
74634
38415
4562
97220
3016
13820
97350
91570
36536
89769
72590
3523
76823
92714
59086
28331
87212
93234
94660
15111
47524
16100
8511
23112
16209
48081
19474
97191
69640
40513
42605
48187
45462
15158
95884
16354
56878
29641
35746
58864
74980
42712
75343
36030
89947
45069
37902
10629
5881
99676
41687
23683
30480
30050
28758
58534
29903
81449
81010
54934
94345
158
21930
96023
47163
24402
58060
61664
96830
42732
71452
57571
57487
35796
40130
4812
40756
72480
33165
71140
10179
8845
91310
69963
98825
18921
17706
15412
86400
37349
86450
75429
48630
80812
64518
74821
20782
79320
88867
65544
87009
76237
13798
63149
28224
84115
66195
94684
89919
23945
17777
57422
48284
9870
44755
85500
8848
51966
97197
28241
6695
42648
75264
59481
56281
96023
8941
76675
71278
65309
84029
61436
83613
67620
84131
33941
95046
28161
41739
14710
52726
23022
25492
62454
19571
29028
27144
38760
36056
79017
65972
68816
82122
60625
58848
44361
973
54317
6867
32201
75174
89520
23406
24610
39915
56340
73808
80663
25739
10813
90453
80687
10226
82486
75515
83673
17155
12809
39909
27252
68878
70181
40618
92260
99336
15213
79314
22987
8771
39770
32968
40729
21293
9538
39535
63205
99616
882
22538
63231
55220
46480
13021
25242
88563
85285
58589
99636
85110
75175
27205
88163
14408
79615
63322
4993
48901
31145
25273
24702
77026
50820
71892
85969
77845
49724
59394
688
42950
12310
84056
16272
90271
76678
72032
22397
57160
15376
3696
14051
56623
79678
37877
33595
12564
44804
26321
41677
46215
34542
14303
68470
75609
97836
86204
4399
74588
27051
47397
38839
25890
57901
56685
72800
91119
10933
97892
37729
7583
40925
47833
33525
27449
11221
68078
97348
12942
38296
73404
33040
23403
17716
54472
8408
98006
15585
40663
92434
90474
67632
47808
30108
67978
64857
88160
98721
22992
65077
42476
1631
46912
88591
34094
5290
86709
80777
41021
64387
29757
88855
91456
36292
53646
14356
15435
8174
3429
48276
74793
75533
70269
5457
47255
39950
93116
17725
65546
62591
23061
69356
74355
47865
95819
71773
86127
34812
83621
49182
21699
17228
74564
76275
62676
1618
76176
11516
76461
53622
49421
79985
95292
74715
90284
66942
31361
41454
41336
94144
12173
68984
15230
78429
41325
60401
14500
43591
40472
81873
28228
80623
24552
54247
26577
57565
969
93994
42780
45637
63774
81600
41264
11924
13170
43075
74064
99639
57581
28877
40412
44673
93475
89477
37008
52714
1997
96134
34950
2275
87117
32584
71044
94587
25393
68798
55433
41045
48138
32718
65973
37367
98674
95698
30369
30573
27720
3306
65259
98250
86337
14860
86010
11595
41460
83555
87147
35074
17238
73862
55567
4834
59043
40504
58519
31189
10555
46676
86531
44371
87642
33018
51501
24862
62903
3045
45998
97776
59108
6435
24994
98691
30875
36699
15938
72257
46574
59449
53127
41838
81650
20358
23806
74275
77151
61139
78323
58169
37179
99179
20017
81043
16775
20887
10607
53318
63359
61148
48692
38415
37556
89370
75966
10803
48867
56876
73959
22343
24566
86261
84615
51106
93548
44693
62721
67283
9211
77226
47711
1763
24722
87829
60597
59928
86417
43950
81916
9987
26092
62620
8898
85426
10757
14712
4281
92279
44391
13003
25407
20274
87180
55979
33602
50917
14564
68910
87495
72082
58166
43324
44106
86132
13437
46928
13692
49726
28773
16038
24385
4917
74960
63971
96251
61946
77363
99189
40349
78836
40411
70441
22892
96208
51818
27436
14583
68743
54226
9679
45364
17506
56455
9834
51820
82768
18513
22765
71988
63828
1019
54554
63506
28353
88617
20490
45314
23208
59727
71656
73554
15374
28561
8658
31670
87725
20431
47898
34314
86000
32344
44949
95500
19093
70674
6879
48461
65126
12151
13483
43432
54598
27200
76520
77817
85857
6934
94538
7590
31328
82121
91375
9016
82569
36125
29989
88945
47797
78163
64094
62336
70614
88451
85988
31484
56070
59054
44412
57678
81738
72029
80188
11056
46243
28223
18955
88174
52040
30841
45813
80790
25893
40308
2985
3879
40969
35933
12930
82968
40685
17934
664
86962
48056
51147
72818
66146
41212
45036
21747
26803
62521
36859
25852
59299
1933
80318
62772
54346
17169
41814
36904
16955
32350
83303
36443
30305
85465
82109
90515
20136
46123
61444
16993
63804
71364
93225
63000
95095
55405
52808
46962
7003
9094
19010
18268
89033
14456
43686
1945
60650
73160
58584
65798
98870
81029
83708
54611
64752
14704
42512
80681
59103
54521
1610
80679
1077
19866
62047
87934
8707
17317
67676
98940
64361
94852
29900
7861
13340
65034
47410
15849
41779
80163
29864
46975
87539
95646
18123
82774
87656
38614
98247
80391
12892
72127
87858
52482
7483
38330
17191
69167
52408
55751
93237
43333
5484
59643
1437
4017
51128
75847
41271
99717
67294
26663
38901
78939
24657
54634
93139
5430
1742
79272
277
70093
19069
87285
86048
92233
6994
77418
377
75009
47843
78243
63440
86027
86925
86531
41491
27896
94209
14106
31646
11809
97342
98530
13097
86229
33225
8919
27825
52849
45191
11760
67424
73135
55473
23144
24263
18198
73594
9203
97023
73710
75469
66261
51874
89051
63222
52874
92013
38126
13143
65242
11221
87635
47626
88468
72750
20539
74188
99819
59007
98074
49593
47528
29818
36082
10818
90304
30553
63781
62267
23293
54301
85005
17083
57936
36339
31081
46656
24045
23006
80351
16905
89698
39705
79948
539
79788
25509
67005
50393
3723
44010
73775
50195
98948
24117
27941
36443
15791
78232
72917
22320
28232
75858
89849
10941
26215
70552
89690
52129
41669
73883
50142
76813
78656
81169
59894
7822
49869
35542
31029
64795
63548
13387
58544
79282
80526
34809
18135
33818
8398
94637
30864
45812
50088
58030
88672
13840
49855
69007
74323
9236
35818
14875
8724
29840
93867
96962
71539
17779
64223
20118
86573
80248
47203
8122
58772
14845
17313
10567
30414
91405
52416
55871
43731
47031
43019
4329
26724
20625
92496
46053
57966
80861
61219
21792
28976
48672
4662
28704
85415
83564
63270
356
69595
88279
8063
50615
98609
41965
99258
73827
96526
39288
38592
82917
56819
79947
71144
61693
86820
89537
70237
50914
25283
18169
62152
5712
19029
25410
79145
10099
10182
88609
25151
46850
28135
52060
86275
55451
38967
92403
5720
84758
21366
18668
49526
18677
42269
78301
64973
49029
77527
42968
41883
95877
13326
12356
75072
51426
26127
2351
31585
73199
62820
89159
63644
7917
14136
91741
54782
4758
93671
15693
22726
94417
83817
85478
29547
6614
68643
43474
63443
40728
60437
30116
32572
67214
46725
29274
33524
15779
76988
34849
29324
36615
60818
32521
21938
32207
55023
41609
4540
50527
23518
60214
55357
61834
20242
47466
12059
27848
82808
68458
82782
82652
38908
90857
12761
32703
56586
96430
61191
84862
58217
39003
27770
58822
86368
86110
33599
51296
63539
97340
51590
27033
38934
12915
17209
223
74759
70737
46971
99259
17215
5676
32971
8529
52066
46672
97706
69960
19759
89234
75620
58593
80417
19678
92309
84515
32443
96534
75466
34132
13867
60762
64308
85468
16867
55749
43718
25992
73647
12538
57944
85849
49459
61931
67647
52541
6032
19241
6755
39695
88403
63638
31537
74304
21719
92997
46615
19255
20606
32694
67779
78224
95271
12838
85392
56452
41367
47502
91662
96317
2954
71714
96313
7221
31290
89771
9133
18486
52030
39767
78483
13202
89779
35770
45728
50228
29225
90003
63748
23870
9133
24462
5386
40953
44758
79719
90578
36620
76539
11195
11173
58529
27578
10437
36741
16689
67325
24315
43014
31948
83863
28129
67224
80838
54210
54576
88445
59500
67110
35163
27226
51364
83754
67791
87184
78491
66327
55359
62462
51570
99193
72513
41947
40835
28593
19954
85623
79341
99028
29039
82903
4910
46988
31800
40006
81003
57237
24547
86743
90181
91274
31077
69510
41375
83969
59809
74774
59787
23253
58250
50361
11965
61853
91443
32755
11350
86182
26389
52244
34255
68953
9103
60472
38070
52260
22315
4375
51954
27785
6181
21253
41780
68616
72280
60296
68115
3002
571
56866
68784
45179
25836
56088
40778
78677
70937
43056
55545
99045
28656
94820
30848
72302
52487
21228
82170
70605
31439
89115
61653
55434
22820
32001
17072
36996
8581
43349
89573
31147
64639
8347
85611
69523
83460
89075
43116
53015
19693
59392
81322
79259
48830
52909
99129
11360
90405
69477
16129
51051
78125
97510
71563
11456
95212
13350
22359
93834
39016
3782
70096
27588
53482
24398
34406
20308
9209
61324
88841
63411
78111
29155
50911
72046
7792
82393
6603
69911
32872
5712
46590
39103
27220
38522
53021
67128
36784
74154
74310
70110
66716
49282
13999
15911
89296
53734
25776
24431
18502
78821
2150
29081
80635
52717
72939
48970
46599
99516
3663
12818
6746
52447
60962
33304
57191
30993
367
14960
71377
67277
83523
35055
87013
18731
96694
28829
15155
35000
82750
54057
56616
82172
51408
54051
3561
17508
58467
74502
65582
4050
20528
37268
70491
61492
63364
14268
88319
80695
58719
58302
53366
10816
53054
51225
95297
67094
42068
61904
56023
44110
33815
11599
16765
49606
56202
24573
1039
6911
29742
39683
72526
25865
49378
67326
46748
46255
64564
25521
55366
82426
40510
34460
76280
24447
690
45800
29117
183
58753
36466
75440
96562
18479
21472
70235
8929
20502
20885
5290
38790
13229
81408
50952
19036
85776
27501
61438
85728
4476
49041
2530
16546
6538
73597
3599
99354
35318
92318
48915
10401
95456
856
48157
93275
64242
75963
7386
27906
97091
37819
25753
43679
20231
16575
69196
59102
83507
57244
38670
73189
84362
43389
95707
9712
33936
58894
90023
44882
17872
70880
73611
28183
71969
94888
43333
12373
33250
57677
54793
9813
20114
33532
88636
66657
23288
58851
96315
89962
4400
44497
15846
78073
53647
75725
26039
52067
5149
38445
59339
5348
85939
62504
10033
26210
64207
97569
71709
25342
73241
56823
25851
25830
2450
28857
53074
50830
54752
29049
86423
75084
62578
60
40481
73374
55034
95537
74535
96244
68849
91266
7224
94805
98338
49445
23873
57610
23498
62425
2449
25719
87142
70973
16721
47576
18646
90016
75623
24790
22650
75209
97315
76099
52021
84255
42769
85878
22022
36658
71176
68669
23033
75464
56493
81975
49599
31045
27492
53004
4983
95464
27331
92327
26600
60704
87941
91605
83339
92905
54728
65017
19914
49745
73594
93639
93951
31124
42783
14083
6676
37994
35588
86839
91248
33779
2685
11678
14479
34745
97976
87600
62523
22618
19806
27186
47877
4987
49498
91317
96313
51164
2539
29116
81930
6158
48754
73288
1870
62853
88024
18474
88262
13409
46328
66989
59876
40492
1078
92820
58018
76263
77125
48594
94929
67128
2494
97296
29938
46407
45762
88963
81626
51466
17769
55511
35455
6471
4908
85089
85024
29397
9807
51625
46721
79501
99337
49114
76289
52817
67309
7385
3909
56678
33298
20049
74038
53945
34187
14802
3664
51458
43349
55462
17091
99060
36848
36796
95639
90816
31534
53405
35583
15988
7795
28621
66456
25499
1872
15427
67790
53379
21007
77121
79097
38376
85053
24947
18167
97720
81472
81510
72283
90106
81425
33566
86047
54344
34534
47660
42652
62541
53474
85472
21283
13904
71802
87920
48882
4676
53593
48538
52072
18759
47011
50285
30451
66227
76364
78714
14007
11900
18628
97919
9343
50023
81121
45476
34563
74229
42573
12111
90965
54212
72775
5248
99904
35534
55838
65193
66574
97132
76065
13490
44126
32934
29437
53524
43094
31140
3115
19820
77979
55819
33653
30751
43913
55555
76128
71259
32783
26325
53357
74653
62103
41481
57573
97859
45984
41763
50380
94916
10389
11171
12140
16874
35835
5137
53792
76409
20585
27597
2381
3423
71113
22753
34131
35146
20559
42023
61334
44349
59406
84579
32409
40249
43775
1412
51387
2644
75360
31578
7539
1331
80759
8199
9430
66808
43678
16778
94916
38776
1762
99718
50673
5186
23943
49934
3539
39350
7350
22426
77300
3960
80428
6030
35510
25809
78762
71891
73099
34423
53749
51148
1049
89007
20057
1050
22663
62914
13322
67323
91467
3780
47107
22558
42586
59687
33905
27223
16305
93840
97872
12037
95294
52933
54277
3579
20902
74729
72688
83620
88045
71787
43679
60492
85026
50614
98669
61665
85129
22892
27271
40624
26027
40027
30959
73519
56852
57870
63443
75822
91903
51539
55585
79258
36550
41712
55853
48115
34729
16477
80148
47933
90226
29701
79277
19679
60100
86614
37531
91972
61018
72240
42093
93413
66569
57247
86009
55267
21974
80758
46726
63031
11285
96865
91716
36506
16202
64421
23942
43314
94760
50553
26936
68651
42744
79337
50398
96326
60749
11280
13419
70237
20339
71471
14804
19663
9445
62171
12689
79302
55703
586
26141
53971
69750
17117
36648
93360
37984
42770
3476
95679
62672
94217
97211
10464
45304
73442
50669
87231
6848
89683
94517
10694
67339
76488
42692
39813
82060
72053
27061
54030
51732
44639
87611
94173
24412
72964
98900
25627
42688
57038
58341
17979
7803
17739
7565
26121
74259
4340
74359
36003
11502
25457
72454
66019
6069
15446
86632
93261
74424
96834
11299
65931
15709
49445
43947
18033
6606
3038
86051
72339
74541
25042
44542
49810
31341
76538
2891
49599
68923
16570
65554
77720
97693
91058
42528
26274
72185
21591
88104
8965
86331
5638
51202
45853
45739
92410
2269
58357
73792
89532
19515
71221
18289
2020
61461
86460
80914
22644
34678
29531
12555
37033
24338
57854
31280
33579
68237
24651
6917
17672
45847
85015
14934
77085
86007
68902
73839
98689
4070
38930
74268
44533
75807
79391
97054
94332
59430
95673
29596
56067
45359
49541
86912
58572
96410
49298
81300
93347
14572
12159
24172
77618
51439
56119
43684
34500
56287
41204
16012
92558
12620
82225
18573
95747
55263
68022
61225
44947
60799
36948
74148
72564
95054
50850
72313
96306
98102
56361
80675
36708
87602
80492
84116
91911
14757
96649
93094
19687
35706
62554
38045
18226
79661
37037
43446
63134
30968
91165
3309
28387
88072
36352
32548
77624
38011
51608
82564
589
83806
47377
36398
99925
60529
79303
4956
32128
98109
26662
80989
58613
74928
41538
9240
98244
98902
55922
92903
58016
7403
9178
65338
6936
53052
52287
48635
51249
47943
6491
53899
63149
14085
92504
35881
88328
26156
38119
57697
357
32081
11318
65025
4305
10175
44695
53459
46534
27112
34303
78721
82089
58705
24547
93185
74627
82039
29461
46873
8241
30667
53706
84185
91617
72762
17840
44528
82423
5656
20912
72088
60783
98224
92545
25934
96085
44153
61032
96761
8357
98827
2101
24137
13640
27769
71810
4443
89537
99319
61254
6289
96694
91246
49455
69689
78374
27132
73407
31543
92334
166
71036
40878
6200
62214
17938
83864
66160
98612
97099
30474
21006
32700
38516
9414
28566
29569
70545
63847
952
13396
54990
83103
44402
14622
75394
69536
48768
22855
47560
68952
70745
29489
4426
8190
27791
61222
17937
51425
9831
87945
38283
90924
2219
30779
85283
63994
52730
40041
41123
48805
56587
9560
30591
78938
45176
87932
96476
91577
86820
48401
35095
43304
51052
28146
59728
91517
28273
30326
81623
67344
11631
19119
54016
13006
75113
64066
80884
13622
29339
11399
16806
8727
81732
98754
12365
61185
98897
25488
63013
39858
64746
26359
64605
61430
52849
94979
39871
74072
71051
93766
35720
22403
58418
73778
37173
37467
55544
17584
3824
81109
7048
82853
62238
75420
31594
26368
61571
52298
15781
98543
92619
2785
67312
41764
2597
85271
54514
92585
60156
80134
24194
6811
42571
35573
75679
94403
50309
7953
61580
74897
5641
81313
21663
81904
32809
81892
64121
89184
29835
26481
33407
87573
58290
72507
1146
32935
55091
16653
71181
51901
82953
62958
57428
23690
56915
237
40281
26665
99741
37191
76058
53618
90717
40884
92902
11306
81121
85408
8954
20704
21150
65330
62750
33674
46726
36620
48520
70063
34426
42743
39311
33655
36772
9678
91944
42683
23884
97973
24988
32572
41611
37456
89443
92644
50422
79789
96855
17406
79605
89840
51813
69683
7698
50476
30751
17622
207
23753
76963
20295
51716
70218
92238
56997
97879
42403
16845
81039
48940
50218
87421
83147
60419
76382
79093
83694
75886
70106
83251
66937
39764
31114
90457
44586
90929
69628
25957
86295
78927
74321
42475
131
21009
4693
80856
71392
45217
32445
94764
8019
62943
15816
68465
29386
2418
68666
9263
31316
71383
47056
41736
30101
40501
10026
80530
20601
79760
47652
66067
28251
16446
30550
2111
74619
7743
87290
62138
55726
95525
7700
38477
43440
75341
75232
3994
23947
62649
61071
42167
22263
60365
94640
14912
31870
32585
12373
59629
10983
24162
60254
91632
97564
66378
66513
91573
32393
13704
93845
21643
15128
6527
53536
35790
63682
8579
98295
54760
65269
6032
56582
57952
18689
5485
43803
67886
21805
15637
70241
42034
95370
27660
51154
31564
35270
16068
40912
77062
8827
83659
71600
10242
68803
39428
27038
15735
6828
58849
51230
23290
34289
57613
94360
4951
67579
2302
72943
92078
22574
98627
69767
16755
43463
51811
26272
87467
55373
21972
519
47613
67667
21232
45932
81609
34431
46339
89148
79261
78446
28068
61057
62955
64407
46950
7744
37757
33300
46202
63984
32967
43125
48833
54488
10200
13891
54845
66779
16991
13155
39571
60362
84855
58330
3616
55623
13057
11680
12750
70520
21239
13154
93682
13632
94506
37569
6811
52347
96512
44067
88515
54166
9170
57988
67552
4488
18833
66744
35732
67717
79585
79560
72156
66105
38875
67705
76202
4625
60790
91327
94687
26076
20549
75681
42744
19813
49443
35201
59981
72631
7080
2497
70267
72924
24640
85404
51191
26867
90777
99127
36789
46312
75948
45033
90935
41679
40997
27576
74756
26800
61367
2186
91556
5184
49379
62438
33617
33489
15243
47738
55045
83632
6762
63100
60637
77087
9293
99231
41465
53471
16514
49334
13847
61663
54537
48374
50128
75516
84746
1065
78816
21866
60445
33181
11263
4893
10941
65082
23545
62201
51787
17702
11624
43039
44082
53157
39550
12847
84395
13847
32386
41765
86111
21285
10286
12033
88338
29893
50647
1005
12309
58100
48742
14177
68922
33179
23186
73581
51837
55743
66146
44210
75686
79263
1683
98812
37709
70807
17580
1380
8824
37281
91120
70898
68679
37050
35755
39160
22894
99230
16555
81047
14435
22539
49891
93686
68959
97446
74117
10903
29970
65968
61010
28652
47701
88175
66078
6847
19601
11474
74323
17530
12313
49267
92181
75028
66980
77844
45498
31871
97423
84026
50686
52606
39188
85099
29775
53147
29371
7997
29852
40262
96690
6677
71409
42855
76271
62468
23196
80504
70971
28908
19558
11420
24907
99024
68733
65168
30358
74863
26706
91115
51948
42245
13479
45944
15281
8403
89464
62602
58399
12931
77475
11603
81621
34060
20840
5635
77857
49325
98757
4511
54647
64993
60900
68515
64467
39266
27699
40163
16365
64607
22788
54508
81290
38737
88313
54444
93197
25465
27574
67867
73004
60594
22105
58039
51432
7955
29798
90846
78184
63098
87310
81032
76105
22194
36467
86955
81345
44963
81476
76014
80704
49300
46237
93791
90142
22966
30313
42883
45746
66395
12437
52392
21751
30889
31507
94053
42888
2860
17083
56512
9467
36852
61978
53267
77297
41755
78402
59095
2270
1358
73099
48234
43988
51559
87163
23703
14357
28313
67896
28465
77642
86915
45100
11789
50660
34917
59281
45215
90687
42414
44066
78485
27880
24963
66547
43851
87322
92969
16493
48387
44563
71217
40613
44387
93296
64203
8404
70191
43726
7804
79695
14574
34963
88617
78870
22552
91752
50189
2606
42380
82473
33187
68408
59855
57292
94614
20353
19025
85012
43312
36380
21387
11819
19509
83902
6424
46301
712
18493
86456
26513
89090
1489
82883
62718
29491
43521
39263
46092
43994
52099
37133
90362
74113
65913
11376
2808
80757
87095
98682
43850
89378
85179
413
71423
58308
2754
15453
4715
72445
76250
91039
31695
16150
15866
93383
31697
85525
97137
27800
51092
81089
72932
41017
91213
99247
31024
37706
53596
72525
3616
65544
13617
19811
42605
37134
3910
1076
11459
4410
26737
28067
34548
73647
67744
61059
5437
74212
58246
72529
79679
17283
83620
59294
47589
62760
16446
44162
9200
72175
27283
65048
61857
32189
68829
10706
77422
11884
73544
78732
89473
30621
74065
92726
1063
23024
46541
99285
73273
30154
93810
56812
79459
81067
92845
86332
81923
54322
72221
79845
20688
59748
91875
39284
77127
61688
66210
2358
4817
57037
83636
93552
667
79514
83055
49058
43218
90894
58231
24565
16219
17161
70889
79046
78364
70471
85589
80790
39343
82496
28782
23100
39662
93699
58044
29725
38745
34781
15599
39374
56813
44182
94467
16235
46517
257
56144
99944
98011
43787
43114
91029
96090
47656
63625
3526
88858
12828
60919
6655
76099
85420
63015
22321
28254
60536
53890
6967
21470
53330
10312
8436
75294
18856
67751
72036
22694
54653
32528
78107
14326
85644
82778
95556
39381
37753
27009
92005
30073
54517
40866
25916
73861
8943
63274
71393
81167
72146
87980
85981
46367
49177
78474
44680
33474
34677
15734
77233
79905
91588
80832
34205
80300
82812
92329
90455
2641
67458
82939
90501
33526
61884
76893
66953
12464
84395
34575
66351
55582
96357
90869
50548
66672
46547
31739
65149
7169
38098
62081
4704
22018
49775
12100
38485
73684
6661
45616
91049
16614
72819
68751
13708
89206
97479
52454
84483
72283
11521
32216
49078
102
49383
21651
83547
719
30284
67532
33753
51072
27179
83285
64543
5376
78235
68482
83751
49784
38408
93268
5803
38779
43525
49736
82762
27606
77161
61341
69193
94092
47256
92866
95648
5882
13003
4601
72635
28123
28552
37765
43400
39128
11863
39977
89434
89533
4208
8331
10971
28997
68703
34699
33874
18253
26412
10299
56577
99646
38889
55941
23557
68943
98339
39660
3815
34313
87637
58661
92373
73633
95847
55627
21231
642
49867
66674
26915
3547
60302
93229
23398
68829
50369
40195
25388
12557
58991
77394
79469
2704
48023
72988
89234
72610
14208
74457
40788
72202
36161
55121
1895
45546
15957
37338
33149
13076
13467
33231
68385
59738
83383
53029
39344
45659
32543
54727
18573
58143
14272
91258
75321
10242
79192
89669
25609
22858
66392
48621
86434
75410
25886
54713
67386
5181
91333
77851
52871
13031
7045
12312
99090
25760
9009
19731
19320
94994
33644
43575
40066
59480
55883
82644
57930
44903
79799
91652
66354
26288
11728
10291
46683
64845
46796
92975
33851
28669
85643
34162
54326
54692
1856
5542
51097
1959
92168
49560
1233
59460
70348
30615
89213
22817
8554
26954
19526
43241
96782
22482
25381
99681
11496
26583
1302
96754
65628
34244
78963
16033
85879
90650
9350
99482
89249
85373
57624
50341
31547
55970
52735
30238
90418
6893
55939
81112
21078
23866
56291
19842
73449
90610
31887
63161
8781
54644
43196
75272
4239
54343
36331
57923
70597
85200
73581
79697
21265
89731
33568
23180
69330
69185
11694
40811
69747
95143
9262
4602
70643
20190
75675
41762
77953
59121
42583
95268
58763
46189
90700
34604
42177
82351
46101
77203
19639
94811
59641
5218
33312
76241
59846
31347
90297
33110
50512
4264
78916
91075
93413
13637
45382
38593
4628
84049
78667
94568
79970
11475
42616
78313
20934
75076
99030
98964
81003
86978
23083
34490
21171
74935
35501
4044
71290
94401
60343
44328
51465
44843
8609
38319
16351
67687
52775
77063
89221
3583
77722
62052
98535
25071
14840
48165
62601
54998
55307
84770
32316
91333
52106
63533
81181
44426
69903
18478
78136
41338
67303
10226
23705
34339
43103
35127
2866
4297
61961
53246
22300
21967
9743
77419
9255
61030
35954
96100
60094
87335
41443
16291
39094
75573
12011
60132
92736
45075
57138
71925
97784
34296
98926
47882
36279
67495
38347
64196
81968
79713
45299
58303
93037
2061
62469
10349
81589
74687
54277
20150
8471
73803
58383
90800
99895
51012
71132
48132
22327
82970
42391
57790
47159
90036
55462
88004
23040
61860
41139
41759
22683
71758
14131
80381
42036
83139
23254
37032
13103
1661
78542
18049
90798
36987
63453
23980
75913
8126
47987
85267
96363
90214
41868
98997
37322
87509
11144
3000
46599
74465
87309
19729
33547
12517
97466
36712
59671
78001
48764
16756
27758
34100
35029
20665
4428
24341
66991
10171
26582
31481
12090
14914
13872
55872
45396
32468
29889
15134
43059
54527
71994
20253
90433
38637
14352
58812
84501
78280
39521
26740
64309
97912
59362
31231
57509
62263
55185
21202
94568
12980
20517
973
76418
15117
62375
72395
5857
77675
67120
64998
6823
44537
34941
94236
44761
7504
43666
96391
6313
45616
39839
88711
70650
99841
67172
14178
55552
82640
98362
83133
77282
8687
20565
30079
34009
71021
43835
75315
76262
41957
52954
6826
11159
74522
19917
19771
62970
65125
86470
50004
18596
58794
14889
48952
73140
31805
30322
76576
47945
48197
16843
23216
79312
83987
87715
98135
23971
4862
60227
73739
63669
68351
20129
64355
92661
33013
77551
96127
79923
47400
51207
90426
96170
48357
64537
18488
93797
71613
56938
2203
40699
67259
27369
28065
25114
29738
27514
27172
86807
21782
95800
58107
4898
12731
86335
50244
38665
50533
56290
40127
54254
34195
96652
545
96989
26416
27046
30954
19449
69226
4338
52357
47923
58023
33039
96410
40981
92063
39240
62923
5499
50378
9319
58141
51599
93100
85528
83438
62022
14293
79823
43263
15323
16811
47949
6503
70606
26824
31075
98698
2691
96559
7722
17580
17443
43443
10183
46875
79691
89925
9262
46601
11292
93366
34628
3875
24875
38510
48945
3888
40887
43607
68932
5156
89403
61074
37033
31112
10073
26536
25803
14157
60988
40542
60231
8939
42655
91738
40698
8156
82916
38653
3747
72097
5030
33221
31970
21956
82182
44073
81628
32096
77879
27186
57810
59084
27627
2566
28176
56369
6409
79071
36801
53155
64121
95105
85613
70750
33135
25688
61219
33136
97812
40789
20972
2234
39860
96834
125
56182
29103
15077
48929
65999
44908
93707
36278
33801
82731
1147
81312
40089
63561
84328
1746
3845
1851
50591
7976
9925
47608
61220
88821
56494
82854
48491
34283
37089
6214
55576
19224
30792
2440
71994
27266
91332
30141
70801
8247
70413
58826
51812
88018
31987
44376
21130
69574
13484
39042
17127
382
89268
88858
90200
8573
67882
26255
92435
83145
96416
59424
99188
27586
27155
81923
50519
37648
91567
57062
10414
73703
31050
42344
37562
51099
95796
73202
56833
12117
61723
78916
20799
98047
89086
55194
29956
41934
12240
63421
59383
65076
37706
87656
11830
10989
59638
24225
60863
50064
93857
83481
78007
56421
28627
43424
69332
46923
51296
39101
12777
94680
69421
80317
21421
17500
38624
1141
38499
71960
51966
8585
25408
28146
97679
45338
35997
43393
30513
26572
91460
71570
12338
6769
18260
78242
908
64377
69420
45662
85862
83032
90638
73139
50643
64702
95654
57388
66234
94330
72364
58496
85725
88903
98097
85271
58073
49861
58742
83289
7427
25938
16410
24723
47640
41206
82342
62652
62057
43179
16592
74247
31721
92836
86098
68934
17946
52269
77502
32976
49683
78608
77159
36183
54207
32964
85844
23435
8671
32988
20169
51046
5635
86131
38235
59924
66622
65914
25499
9436
82359
33002
95331
23054
77737
98117
26775
92889
2804
29163
67324
5804
72358
25765
33605
28818
48779
80226
70516
14676
55362
58906
53980
29068
23010
65545
68611
45589
54601
26173
2312
52032
26769
68065
50616
16680
83276
54104
58445
56089
6188
92955
20630
79508
65663
14364
78687
79869
52525
9417
11144
86395
95398
10822
54074
23453
79021
66263
44
12192
29506
81185
38288
76631
26850
15292
79034
4292
75148
16924
45541
94674
21780
14426
8487
62406
38276
74472
63404
8645
86857
88742
93064
45183
15028
15916
56634
15947
13991
27163
37658
17013
54059
46253
26583
25002
54667
43999
52657
50371
35330
74394
4720
35600
63875
16470
64615
80971
2334
91667
85176
4549
2858
91399
25335
40763
88121
93104
61602
10934
58658
63087
90301
47984
79265
28528
40615
75527
87842
83485
7739
94276
21814
13033
73314
12462
84021
57464
81308
98558
51300
75662
13612
22323
41987
33109
14154
62660
20917
85820
36880
61563
82397
41723
91712
72243
84093
56736
56334
35347
75855
89088
93129
18849
83928
90899
82734
89825
18084
12873
56742
30657
11796
63043
59633
82996
49475
67977
5997
46156
14373
77954
54610
2022
46604
46175
11879
80091
21320
1070
28368
27285
1129
45960
22703
62212
82532
94762
38394
51087
50374
24328
44576
8043
29077
6223
49767
19354
82089
8716
22768
16115
50738
10178
20973
97900
34477
91106
72244
37752
79020
2642
68505
17013
84504
29456
29528
65835
40339
97420
463
54712
29583
54909
95781
90044
33378
46566
72944
40381
96408
92525
98002
12603
78302
12253
76546
90951
24986
24803
27734
91426
22518
641
72067
47732
55823
27562
23538
99621
76695
83931
79014
84668
8253
68056
86532
95828
14396
30929
64522
87911
18161
31862
41344
86494
4640
55902
38711
72251
52909
38576
40848
15536
69685
9036
32193
28941
82842
48049
34221
5815
23027
73323
63686
12477
13510
13333
4349
10245
25720
80718
76554
94057
60280
39823
73264
90656
59297
85572
43091
99920
88851
51286
46711
38118
43083
63478
14982
99216
35863
57591
12986
66347
96707
58706
64883
44838
68176
28866
72984
91306
51552
28465
46531
72191
62022
46791
55255
29862
35772
41537
69643
97269
4957
34300
16964
71740
26612
25567
69393
50031
98350
5132
74382
68128
67731
10206
97349
1574
74939
28426
22479
30430
12588
51785
48367
60385
4755
74519
76095
96292
8223
85120
63444
94325
87948
15716
61390
62407
41741
93143
18226
42608
59473
22952
92956
46420
54083
78402
4459
51816
49441
53681
54923
7345
19057
39212
84681
53172
85932
56579
66985
52092
49472
73101
41808
13230
41688
80057
80180
52015
48816
34942
59832
81795
10200
79870
70957
89635
58828
1947
6302
26352
70060
24279
46850
54542
30196
56098
75267
48736
31035
8218
76474
85162
26158
66133
93136
86371
81143
79725
4732
74026
98222
52444
3000
14499
93848
73127
97145
39187
68254
95045
94343
83985
50276
40632
82032
25192
26251
87266
83033
85589
4789
31444
20980
40597
58467
74669
55637
44066
86734
84586
8491
79103
97215
32276
28130
17615
21279
32350
60693
57069
58953
36080
80481
35989
13875
92489
34885
85525
84101
67943
60119
93877
96692
19142
69236
66777
31464
62402
56031
19178
17489
53079
52452
83667
86554
15239
86769
18000
12501
64416
3913
93900
26572
25963
26636
68708
50962
84991
26722
65978
39784
70111
59964
18790
24466
14614
82411
78072
63039
61353
86151
58876
76319
41514
39580
5873
83627
96813
49434
98635
5719
16885
73024
19684
64030
66219
67304
70728
92506
528
15814
46473
35679
90052
79394
47377
93114
33662
59200
71940
32828
8697
54960
51148
78265
45036
17581
85058
86383
20762
85080
54148
35556
28087
60259
22898
97087
40279
54759
58247
47309
11682
85565
62511
45538
39678
23197
86266
62120
92202
12759
49965
37612
77494
65806
97022
61924
21875
41419
18993
48637
82246
84344
71744
15447
61665
10916
7591
29793
56496
50289
52834
78902
952
24630
21146
23131
92449
5610
38587
21839
31314
22937
94181
8003
35115
16535
58061
62281
63236
60973
75212
98860
35766
9610
65063
27338
13821
47064
83872
28761
15605
56473
5624
41912
59924
71062
36660
52864
44660
73891
69475
16265
2832
97154
17323
59308
90163
63740
80331
45130
52855
45310
66556
95522
75077
53973
43136
91342
59567
93807
9309
45384
21738
9826
6234
74840
17313
52268
48078
64053
79875
5197
17620
89345
91498
58947
96028
38611
92286
5754
37174
50080
66732
38742
75906
70294
89917
10101
66835
5950
27925
45317
93296
50852
64581
24090
94526
93005
90920
42482
41995
37894
15662
16278
65254
47657
27689
77210
4023
16130
57945
4524
99056
53813
56633
59228
78651
82996
33920
35939
84923
7211
85433
42127
36127
34558
11901
66768
24763
67407
64420
3022
47691
49803
63759
99279
34418
50454
73487
28248
42604
12706
6078
50704
48005
23400
46260
39483
94218
5353
45438
11530
59085
54980
57558
34783
52461
73534
80151
30695
35756
60921
52447
36616
51709
54922
56833
49252
90054
57353
24809
28197
9508
5671
93334
72217
1133
34728
94121
12726
88298
72418
72549
19410
21968
52890
43936
92710
92245
28975
46818
60883
70302
42792
92492
81683
60259
69461
98995
93082
66567
97007
49428
36865
80543
17241
2022
53414
61646
85341
33649
17732
79413
67425
42397
63338
88371
33037
14647
98819
10985
64123
57007
61078
10535
63926
57894
66715
13178
11650
11958
31672
35733
1039
46159
91290
22989
35684
38866
4727
50867
90522
31063
6903
95325
29085
81470
2877
395
29154
93312
27222
54813
175
82097
2443
40000
88350
26329
16617
59346
35306
40235
49995
73382
1977
81999
78373
21266
51106
40349
52686
94170
9920
47951
20463
33059
50103
65752
81450
82455
55017
66319
84024
18338
84736
76858
35557
18942
43715
51289
34638
9355
22248
45380
15561
50286
81068
33521
93348
47085
3096
81611
49288
88805
40625
33051
44893
52223
61633
69383
89896
22597
44878
34161
4329
68986
56211
31656
88646
25119
46441
59431
77550
99816
5710
43331
71922
64539
32390
70176
51991
16582
72404
34365
79359
73405
17031
95219
77713
51684
31965
83333
57308
74331
61392
12041
64476
88086
41051
46574
94075
49411
44874
68228
644
43664
4060
49471
83094
97293
61128
80353
19833
91457
17392
73314
50192
10513
54802
30923
51955
60991
53942
36961
93154
63107
2123
3218
38424
93669
78854
83835
23487
85815
76100
2579
71707
4176
33720
35694
69344
67559
12124
80420
90556
51611
63500
65851
56939
88078
61848
53963
33283
10128
94619
33083
95469
7913
75074
37536
41541
842
11047
89425
18438
77292
56865
34018
15356
14812
1606
46016
76792
19108
61578
84396
48867
73522
46405
41542
99607
36272
46279
50345
31821
24891
50552
13359
91195
43016
7110
63794
29102
96184
94152
68502
56511
22698
61981
13263
94745
29481
50495
42126
86471
15831
77170
14174
48549
10223
84216
21946
61507
33531
37928
5269
54562
60701
57604
93546
26740
43506
42822
72339
7702
37812
16914
80607
24955
93075
27884
26168
11540
33142
46796
70126
85777
4152
63874
15989
47721
36377
64809
80972
58800
85163
2286
95570
58256
88883
13939
95809
65094
68434
86522
51239
86658
78155
34423
48658
98916
96562
89219
55473
82338
58047
10405
28365
86734
67802
19492
50409
96827
41615
45825
90363
78696
61850
13538
22539
35526
21344
22351
36072
79136
32075
61074
43106
46619
95557
83467
7621
69728
15215
17072
51158
47158
9336
98634
752
74757
73920
8836
90453
69391
63530
98982
23478
22608
96159
72542
24808
64617
11884
13132
77572
74210
53146
76337
50263
96973
67299
81746
91177
84334
11871
80681
81611
24542
94667
43204
69360
63215
12786
47781
61606
12507
31898
66680
15605
33093
37595
20497
50459
23014
58658
43004
57843
2083
39499
76947
94011
32998
48370
3779
7457
92173
17659
6118
57520
82848
17370
98936
27941
52954
3182
61592
51831
64103
51526
65064
42312
86466
60731
17170
59377
46802
31286
68162
25676
68867
22837
79527
85043
17719
49193
36361
14844
9006
40323
69432
94848
25779
9160
32757
15722
38659
92556
97505
19831
97065
91173
93740
50557
74434
34635
7545
72266
31200
44402
60655
60887
49496
80442
88653
60011
37842
13893
10221
3761
66820
46748
42824
23780
82093
70216
16533
77306
27974
1447
20717
54246
33781
48330
28610
77694
29096
28970
10608
83084
41648
64094
83643
64604
79667
8544
45352
45336
20506
72745
77879
24766
82334
93743
53011
50317
48348
69960
68463
4218
18101
30238
44292
29753
23684
6409
27106
1166
51832
10959
30914
8872
3284
27136
62113
2725
63104
78220
44112
73549
24863
71196
56799
55229
23567
95951
71911
40037
95319
78292
29345
59136
60506
6389
64982
11409
19802
53890
40919
73258
81438
44186
93504
9547
41830
69007
21481
55198
31630
50285
87213
70128
25848
94914
79354
46905
73439
89062
6185
27733
34497
87068
5846
73539
81613
71778
48366
96894
62153
50703
82923
9213
37300
70853
92111
80677
77692
47252
13399
54560
74469
16713
8406
45034
91079
59217
33288
65591
27035
18077
37970
30739
47704
13186
38761
94369
38339
19964
27933
70052
20640
24586
93044
80926
67361
77999
32828
54994
2803
98677
69212
26186
75663
51625
53263
17784
78661
60812
82460
22396
38489
82774
69859
44075
12733
52183
61509
24113
32092
97741
42337
57728
19319
43346
33919
49882
23668
27480
77672
13079
26388
78293
62788
28358
48864
11783
55075
96079
59923
20976
15707
77527
37503
5536
31562
37865
54726
48968
68193
15178
16490
8714
22902
5061
56339
11484
6867
32317
17705
3380
94116
51181
83140
69380
96008
60195
19986
41501
95211
949
97107
65429
64190
11115
82034
64810
20224
13782
11784
96053
95156
74699
59286
62494
96589
17674
55391
57727
72018
37380
4915
22758
78373
56542
26859
64525
94386
68122
9528
71366
17879
13225
53757
67244
18070
51060
44523
11786
23026
91528
91260
93085
20532
21651
8224
19417
91895
20645
72791
78333
4804
62258
69482
57830
96033
74348
87056
7648
84256
17509
70423
52101
4254
40417
78173
81931
20941
92042
44424
45529
73150
43604
34700
80490
46120
11830
2226
56721
48317
7442
72630
73741
95331
31194
66561
55621
43742
95927
71210
43721
64003
36875
27530
5517
21104
39158
88830
80114
43478
26293
98476
99853
76221
27262
5182
61200
27557
88992
11710
84202
72122
30334
59330
76813
44878
96682
56769
73059
73856
22552
38188
25013
20831
702
81525
36275
16074
29183
59386
6961
23000
22111
13243
22024
8966
72776
97519
68069
26011
5361
28063
54750
84217
87007
71598
33669
77545
50716
60638
24421
82388
15771
6258
20925
88104
73462
79021
75519
45737
68907
45125
98374
29605
4748
61202
50011
17090
37305
67847
72102
99163
88700
47047
68494
94488
83438
40796
33823
29104
47855
58730
65358
68544
34965
24573
7229
15853
92318
33919
35504
93755
22000
22332
57104
60235
29688
25144
79468
25804
21587
16578
40239
82868
88536
25257
93688
68723
37763
26436
4665
32665
45197
46414
97881
10177
79767
29830
94640
80175
53973
34158
24772
3385
32343
78346
77163
66367
89943
8258
64799
58294
61328
8018
7516
31277
18490
82489
80008
9707
30884
38505
78089
65881
29254
2838
48557
75585
24451
46926
80468
99858
30503
99293
71831
87429
91805
36853
50525
10189
48094
27320
78779
29505
61636
46371
71337
37178
38898
66603
91687
97278
49821
84933
49290
15467
56068
58891
74131
29504
29789
1578
41916
43017
27790
64941
27791
62034
36187
20087
39471
81637
31964
69818
61613
3564
59726
48584
4245
82882
31501
11379
36687
57847
55239
83189
50037
45570
50003
56363
31360
32914
62721
21020
80400
46515
85403
35762
1714
96695
18580
9302
990
18810
27131
10049
65314
80003
23319
45725
55741
7484
54646
91248
98002
18410
64891
84069
87777
44600
14903
82221
12031
79824
88727
6557
18915
10943
89418
15097
18160
23963
46869
7549
64302
22199
10388
17876
30715
45189
17875
70033
22250
4277
621
23875
78268
71472
23017
61990
81624
1334
47984
57113
81791
36359
97270
21166
30083
20574
91134
54370
90585
8222
27564
31777
60615
47096
26946
75803
8021
47014
53353
42588
26724
44870
59970
7754
79202
64851
28288
47442
87925
27428
33473
16826
75979
89755
25757
27943
24928
89221
87793
10141
54054
63505
79448
14028
76712
68843
63260
31171
44526
47214
53968
34609
47981
5396
30388
36921
76388
89516
41963
65231
92285
43692
66444
63157
74748
10738
55798
70859
21338
99002
50874
18800
59221
43211
88533
63219
65421
45942
31041
10359
1591
97116
2916
40711
73459
98863
68845
70583
59366
88836
51555
35412
47258
22561
17855
10362
97060
16291
39279
65974
13044
92400
9833
45523
96340
35168
75388
4769
16862
67169
71500
30445
58474
31604
63640
95168
40776
25733
89697
75885
41893
85215
11493
32502
47447
15462
71542
36660
25355
78171
66159
49129
6663
65067
97314
9191
87283
57392
44371
38291
23475
64075
53720
92197
17336
21109
76937
15653
58920
22687
69586
71326
26594
63393
24080
27829
80906
77330
98076
80878
63625
38727
79414
38691
1009
22370
23781
93407
34290
54449
7884
83383
81362
51405
52409
77817
31494
19296
15166
26337
38524
55888
77740
2668
8584
94832
22535
43270
40986
69484
28284
9953
59316
63493
74665
84748
84661
15029
91187
94966
97327
83530
81363
4471
14802
86202
89964
75188
10983
46263
96334
61610
62164
71738
42353
7737
60987
76745
30106
6177
99834
80511
52420
64805
26164
97931
24067
17869
76739
67661
93156
16465
28108
20200
29009
54993
74525
73268
87865
22381
4867
47346
32286
94723
73150
66673
47789
87577
21139
66928
23760
7915
84922
85010
95131
16816
31110
16558
78306
16870
62135
72095
98449
43321
53106
79869
33502
41963
42728
87360
33212
87718
88879
7724
1309
52488
48225
57696
91654
59490
50142
36489
96729
9810
43901
85241
31542
43097
25069
12193
23883
57966
94962
70994
60246
32772
48897
88964
41617
93280
33171
5825
44849
33779
33716
36042
19035
77197
83701
42642
68590
73413
24903
18815
66728
25645
75365
88638
99420
67865
48326
90404
16894
30534
63477
75245
92756
17884
47477
68536
3590
59261
16079
98373
26319
44316
91640
62950
76094
7858
66205
54344
59396
82426
43603
50469
33063
76146
4266
34601
57406
60259
89543
73751
44954
42766
88930
14314
70302
58471
43286
1150
29720
15164
39052
9329
