97973
99920
16411
16960
67148
9269
96501
69951
99366
93720
91055
4954
51721
80450
15337
54791
45437
87758
66342
48573
23635
57613
4442
96131
34913
82167
47026
25581
59892
45772
51786
15402
88133
13776
47424
31066
36050
68387
97148
30061
9114
7431
10441
21585
40505
11790
96518
75003
74256
81687
21861
55946
3527
65522
99873
40360
95478
20280
82047
84980
62243
70919
10059
53594
41933
75653
16821
37945
33026
84271
18740
77049
90609
36281
39458
16203
47171
82856
55625
23123
85648
72022
51325
78204
23910
95840
11874
22610
13902
7064
35588
15770
86339
12168
67818
38195
97372
56847
79652
64852
94969
58573
41977
89985
62947
44811
65336
67246
26064
83670
93188
12621
64654
58924
99332
90220
19593
31854
29683
46093
63778
94211
24042
25961
48682
2970
90710
78441
68463
1262
18830
90324
3204
90773
28153
27074
30045
61339
15257
79098
30504
44628
96545
30231
13875
22966
51115
27415
12835
77597
18601
65518
27164
33558
1073
758
34530
16015
41302
59977
54101
86894
98782
24801
64840
2864
9417
73880
30770
72257
60174
58253
16597
50584
15589
19149
97665
93810
12085
25716
51854
63294
65605
90865
82660
53312
63159
69645
89699
27395
92543
14030
20037
55280
24997
43609
45845
71743
65391
11011
13549
77234
96644
40578
17423
60348
48920
76579
17969
81924
3092
40719
3929
15586
8122
90806
21289
7917
42140
11528
39704
39772
84181
3375
79713
46144
38216
61316
25587
71979
73304
25921
28419
1074
12167
74620
66649
25026
73442
22312
4391
86580
51675
7775
24303
51823
10100
4450
47157
34190
22319
37928
29603
53863
71307
73776
93053
93269
60865
71279
22131
87603
50992
45989
8620
77170
12300
2854
3419
33502
24156
96262
34474
19827
7137
53124
88096
76405
79071
27889
36043
33766
14159
91396
49660
35375
96318
74556
29767
38390
81566
73380
64161
2163
181
16787
35587
5685
99155
47132
39523
7246
1031
13655
10033
26056
3454
9775
46726
18182
85680
16648
14197
32975
35236
88365
73444
59596
96329
73244
80851
37744
73087
65029
51935
50776
32101
32311
19646
90349
17537
82410
77249
31939
88366
28797
32734
503
81362
23603
31921
86543
27829
11584
52709
64918
59182
31185
66927
11816
43342
75990
9356
25910
66280
1779
34158
36002
61720
59256
93955
71142
90128
56376
645
3269
39398
82258
44609
6439
55630
72941
78233
72725
41323
94307
9914
61503
12319
87016
91594
915
65384
7829
47007
41546
73054
51338
65658
86587
94638
96732
38783
22106
29647
60778
96414
71453
10938
49440
25520
76923
86576
60488
56186
70401
97757
36630
84587
71973
91864
72655
23682
74703
67661
93040
5758
82299
9368
59099
30215
88059
16600
58022
11800
58897
34157
56127
43078
80544
97892
38460
50564
62879
61496
14671
14338
4896
51643
76606
43788
36423
66751
93685
94722
21983
73050
64079
54444
36606
55020
14115
62085
51838
19224
37461
60323
28553
48687
97288
36243
41630
93552
4043
74080
53403
22090
60803
13207
52990
78702
862
30655
32762
15311
93791
21308
22914
63300
89816
85847
70078
1683
6471
25524
83776
76375
98725
43654
24034
54347
85784
56208
54354
40363
2158
42871
62708
19605
41318
99893
12246
50872
1453
57904
54157
83460
29323
36527
25432
16153
37408
65253
58871
11441
66165
39947
87080
78518
90303
77028
23364
17148
89172
98642
92917
44653
76301
92398
13152
50920
58599
3309
21981
89923
73600
19205
229
48567
71366
316
47052
62198
18221
7881
16938
20531
97337
42912
74198
62211
55791
84189
29301
64290
76528
95097
61699
2810
64987
9503
7159
36924
23374
74512
57553
34099
43271
68948
37840
46959
39717
38513
7152
89986
29976
61166
98926
81291
81704
72385
47316
33388
18200
50941
95128
74410
74007
57691
13394
78503
57506
97419
83579
61862
93157
10128
38823
43709
50328
82839
77259
28388
5071
27238
22493
17277
77037
39315
34314
15361
96170
80408
21106
92601
62187
73770
18723
72433
79383
83142
60091
85580
55553
59337
89453
42298
54933
45289
96829
19847
22343
55217
30963
98864
95126
18927
28316
90961
28447
77851
97373
34692
23377
98032
82332
77097
76312
90978
99675
19386
91404
66389
64325
67185
22748
91678
72835
45733
37785
80195
62344
31747
42485
14466
93018
40953
49445
22242
97474
43259
45453
27762
43985
1532
85769
25398
62202
57520
77005
12355
65985
63954
45614
77442
28443
55953
90892
63777
76115
3447
46092
82582
53175
48252
15506
65625
92206
8911
5014
41379
27652
54070
93504
56416
73932
63641
22404
62792
81415
97349
29476
15315
68728
25430
14209
98390
86133
65043
86022
37064
50060
85667
46126
94026
97166
62870
74586
95732
86026
20144
33191
53291
52506
35626
84702
11915
70450
89197
3509
64802
33549
28099
82362
78765
73971
30777
13854
27745
34043
17116
79491
27163
22889
67949
91318
41985
7944
99477
59249
11062
89054
26671
76766
61271
64158
76184
62809
33101
40727
2293
27939
96935
61534
21219
3515
21961
3304
67360
20055
66389
49015
46841
61689
68910
40652
6028
30402
84556
44308
42716
3971
70973
29948
92447
75747
6877
51333
21090
14607
97786
67968
80753
87017
31749
89176
82556
65628
1669
64434
69357
38680
40583
79421
92859
62046
42213
64982
7856
20619
58129
45782
78252
88793
98011
98322
56966
66987
69087
45472
96638
70628
82213
52752
22268
98421
68262
59823
29939
79733
58095
40400
28732
20122
74950
4035
63387
91551
37088
30401
33533
41894
43476
471
56478
52004
89715
91959
89006
33427
32209
15569
96541
56197
67795
98728
56466
87831
57153
94438
93783
82390
35043
28122
62523
17729
17050
58130
13842
93975
34934
65415
29898
38686
11938
54744
27151
81742
96274
70264
8705
76302
70817
96511
47523
42526
43858
72535
52326
76221
47569
75556
34398
42649
36617
51143
6850
15354
37948
38749
34953
31584
78117
95030
98493
66794
85671
57855
44258
13051
71577
74724
91557
86888
85733
17481
11572
38532
80598
19996
73870
44514
5804
37620
46406
59377
31017
87248
2068
60795
47893
11797
43793
57524
35310
77120
98185
75786
98017
80729
56855
86003
28277
39275
4644
72844
83999
47509
56916
19136
39570
68318
34755
17952
64879
90438
25780
40496
48624
39116
35777
98422
55786
83462
65158
59780
30931
34032
51578
8612
19296
35786
40514
99869
63141
87866
16237
66529
32976
73562
75378
83507
30331
82932
21225
79574
77041
25841
92645
44871
51340
57688
27161
58901
44951
58432
30216
44814
74117
44863
41912
49966
95931
48304
99840
3784
27804
34886
54810
77012
74201
59251
7520
75062
63738
52269
68091
72854
62237
85583
82738
5089
41387
6706
57271
61607
8624
81612
54917
4708
57649
71422
92411
88112
31649
25411
87576
82026
83091
17441
51770
42155
71030
15632
70670
92088
50167
52099
95163
92682
90341
57362
82577
88533
62124
36822
8579
89224
91033
38232
95159
46191
79968
50102
19363
2778
66839
19408
43413
38326
64692
86064
89762
44795
33813
40583
34059
25755
36035
65182
11440
56524
86449
62235
14366
286
88845
3878
25987
94826
16831
98351
90993
44859
22281
5579
62186
20928
96268
67892
25249
30759
8686
56836
27989
4277
67599
37781
54720
21541
2763
82824
53189
25850
26792
38634
59741
17733
35736
19076
13932
62961
93420
48587
21495
66340
95070
44903
22514
28233
78396
13131
29486
68142
39933
80680
47838
29612
34245
10088
32687
51063
49157
4445
92062
34007
45162
65143
18066
83646
45837
44453
85192
77192
53959
62287
37339
60098
35341
61648
9206
22696
15267
26486
43144
89632
53338
85046
85916
46112
90796
30129
83487
25647
86389
62869
13803
88974
56524
87488
21178
29927
26836
38867
82396
33943
27939
52293
14182
77645
43341
87740
94271
72597
882
9991
35795
22671
61301
2430
80669
60115
79226
71954
92850
15708
60965
59545
90803
91090
48484
48364
3574
47852
40470
79279
95859
76399
44090
9201
61693
1044
70863
8270
2770
3056
35857
10890
24764
76397
27073
91132
27673
54094
6819
61062
50700
54882
46017
66688
72978
68394
61490
23092
29161
94976
84166
46418
32126
21602
14132
59396
78580
52100
40736
79624
89252
70956
69183
89794
79850
50074
34780
14405
64016
57352
20691
49479
41033
79407
28578
40976
30381
77401
36222
93299
39554
47771
79109
7794
18890
89439
78763
3161
62265
67677
12551
75573
13357
27194
71810
79744
85698
56223
86838
22904
33613
47084
59075
71809
74285
34686
5384
52719
93024
73155
29014
1179
15877
47437
40070
41480
91846
61389
70903
90411
71310
31618
52139
96339
44800
45118
36121
13839
7597
48834
55277
74158
90563
13318
59685
92469
88695
7300
33509
84203
84054
26044
10137
89110
38662
11372
59695
65919
87124
30329
87897
24309
85319
96426
51593
1995
94945
62736
27008
29166
98564
91545
45122
44189
17877
54856
10615
2559
87752
47601
52785
84546
27880
86700
6356
45265
21480
63029
57676
33428
85423
70202
26715
77267
60937
30968
88838
94136
61724
57689
97524
25958
80291
4342
85638
92509
80922
65948
71232
83806
756
57135
78166
39522
77543
3350
96429
98619
90069
6328
80515
31916
5060
93579
43743
28362
64830
67854
83251
86909
66017
16478
40835
30063
50077
26827
4254
23538
1061
13847
64343
55531
91796
73869
32672
28287
92035
87192
99723
57587
34539
90219
4067
55396
77174
65607
20897
86712
60598
57276
27679
13067
82696
84323
17788
84277
16300
48103
89445
50716
99095
72890
97557
76222
41984
24983
40120
31191
60907
15456
36327
77637
68131
25664
52370
75798
12411
85439
52889
84469
5929
17542
62940
43785
86168
51276
72834
7472
56080
48394
11986
43932
97746
49007
58491
61648
92661
27844
13411
52190
25487
89706
25804
45141
20948
50041
44936
57032
31953
41990
71866
30861
95213
4976
44786
81552
9950
53772
90053
90707
52148
32647
75110
12513
3470
92395
79890
19123
67172
90722
83137
84566
72027
698
58981
16222
91737
17798
22836
36127
6340
15802
75519
14090
76527
81125
48718
92770
4220
76939
51697
38889
37791
22704
42
92839
14596
13291
41671
28553
70150
25812
89859
41231
58852
87299
58834
94514
45994
28563
89814
92151
30935
53926
84367
36345
57128
61019
35985
22344
43676
87120
14903
90233
39024
44247
46775
49323
656
66141
1626
78446
76127
94283
65976
80527
25942
34287
55237
89228
22291
54204
46775
75656
87124
59545
7954
83865
38336
63696
35711
53576
77306
19326
84877
83030
10909
99626
2206
14605
40524
9510
93857
79852
26937
11368
16024
36652
87949
3839
10403
22840
5781
46756
53
89472
40344
39246
3109
79478
36293
62909
10986
36960
30430
48049
1139
56801
9405
82946
69618
26316
32081
40632
48703
12780
60346
66922
48719
75755
43521
71301
95916
34497
53293
12870
47794
30549
19272
95404
42685
71662
96516
22727
78311
77614
98524
56896
49422
78887
10228
59222
27246
5002
34220
84086
90759
65149
98052
87273
29125
73421
90527
27353
35957
64991
66993
76489
83667
17559
254
70589
37528
14001
40260
97955
29800
9353
62321
71088
14255
3449
17500
69831
65526
84298
44055
90913
276
69206
22111
82645
32496
31999
66278
69264
81135
69163
86770
13319
10621
22035
73228
31862
78632
39639
21694
13244
64741
36265
54286
81405
2827
26963
73017
25676
55921
20695
61826
51658
20936
76079
76212
14461
95448
17609
38092
5529
47722
70996
16819
60636
22583
49002
60467
92220
30221
85637
91199
25887
62604
30810
26172
64011
14920
40705
79818
5532
58981
40602
13342
60440
7337
35111
92382
34541
45822
58767
36414
61023
1546
16164
65522
93744
19445
93649
58822
53825
66496
80797
95454
70283
29495
35938
89054
90125
49907
12201
99540
54743
37790
32560
46547
7119
57653
56378
53299
87472
56619
25925
46398
71453
49223
30176
24341
46439
65288
32427
44565
21271
81883
25993
39036
78184
45147
43059
30945
71398
46056
2257
84634
33620
59227
81671
23232
68986
69617
58402
36090
63066
40350
71350
97205
40570
34398
24001
21060
99319
11597
42615
24837
17480
67636
78268
72859
11797
93523
68363
61971
14594
25433
81900
41415
54361
41291
12777
12225
67551
6943
55355
76822
6885
96336
81498
80920
10533
28787
98465
43785
21146
21998
31625
59801
3441
77420
67153
65984
80958
8811
11434
75462
1253
96431
21496
37633
58450
29934
42843
99279
21621
11775
53508
92376
56242
65792
17952
21144
86138
97348
62326
83010
95058
24577
40825
92595
93808
22099
37974
76941
74137
46793
31267
58740
95508
79892
75568
10454
74839
43865
22470
80598
85943
99186
22164
9371
68490
39249
3559
37648
59468
46009
79846
83610
46484
28424
80404
76676
55605
28900
43825
36350
91960
65902
25141
74827
80508
94768
96867
76349
90224
7497
46304
42272
74877
81728
97066
95872
2412
31454
24105
54558
18539
325
17473
28127
66947
47656
12255
67083
99488
98892
54848
45938
39
86119
88638
20041
74044
47337
28863
73721
42382
27209
47424
51970
99705
37573
8732
64756
31358
84532
74263
24151
4795
89266
17810
91635
48428
97013
7880
32851
82513
29783
76861
91331
52649
365
42232
88757
93089
77025
21827
55075
2591
50383
12176
91330
52900
65503
28422
29374
38923
47498
35725
14955
24629
30696
41143
10773
68308
97003
71613
77030
39457
96011
91207
12598
50348
56093
99320
99340
95340
19975
71666
54332
62704
19187
21560
54411
77090
26480
38734
82925
68591
78505
93927
35014
94057
61905
66702
21953
59221
31459
20449
96086
5411
44797
15618
6579
59176
99577
40982
96807
66182
29081
34033
18948
75832
81392
52251
5441
9135
86731
33682
41828
58268
88688
8438
60951
2084
56193
18540
88442
89391
77367
40118
63880
99525
75579
48921
17906
3569
14981
95235
77512
85498
41927
16742
39510
44471
74978
59182
12664
9654
61260
12817
72490
97777
78620
37817
16723
36359
54667
4494
2982
81036
52540
7416
88815
88962
70153
19423
252
32471
34344
1872
94154
91496
56169
56329
16341
71945
68928
16479
27105
97010
5876
78787
28130
64549
67628
66102
20904
37762
32197
81547
48902
10486
92252
96476
32958
34510
27927
50547
74318
55555
58930
80193
75310
59388
18663
80994
41607
22291
21476
44778
67431
38187
77389
5971
75160
73752
79285
24265
21334
4050
98518
62490
274
52796
52969
83667
99243
59693
23371
81830
44018
18380
42161
71550
38080
25683
3476
68741
45886
86634
24495
98613
16285
87419
14116
10714
33097
86280
21315
59205
55225
3661
29213
70267
57037
96440
79918
22514
6418
34995
81750
81914
98919
39645
759
49050
96026
5838
67891
49477
70276
10543
78378
34699
79555
99904
46204
12855
38680
42255
50570
12962
38377
64166
26605
40357
89167
71893
14512
41640
45764
80962
62323
10891
4883
42581
99694
76639
86659
65065
14688
27258
18389
71838
88929
44681
25282
94513
90712
57133
50235
67063
83834
64163
84425
68788
43536
34753
13040
60402
59883
24133
91326
26251
3713
89313
48220
67487
29816
36973
209
69564
26195
73614
27566
23312
94573
66539
75237
81924
15074
94653
81180
57379
91404
78701
97128
98159
26466
36095
99045
64941
63599
26257
5182
90554
35932
92137
68125
99615
96460
57795
64697
53738
56923
80671
40868
10219
36596
61112
74215
76996
59515
31115
45328
65230
42952
33946
34847
25012
92184
50061
41021
93720
37928
35268
5964
99937
68432
37012
87380
2435
98414
75621
85464
57278
29955
27442
456
10733
37832
86908
61562
65353
61880
22048
5425
32484
80929
39951
47602
1985
57290
43113
7430
46399
16773
70976
15809
21654
74706
40930
41787
99584
73732
71779
78581
83894
45651
88049
35274
15510
33490
24114
87179
5276
88498
75668
31840
15879
29843
73480
19008
28480
89409
85394
45144
55301
68190
39065
40504
58979
11632
78801
36026
96902
45121
61977
91620
90100
43467
21530
86832
92879
4677
32092
68495
33176
55933
2154
57900
41105
39135
99930
91811
1225
21922
13307
10175
88338
26635
23279
15703
6586
47544
76295
3877
54688
88087
90276
60154
26521
84047
41740
72412
8312
86648
26128
23802
57317
16899
11968
99367
66036
81164
99399
19843
11702
86989
34800
74980
31814
51802
3282
63465
20187
5827
80245
45335
28382
28214
13806
45089
65657
41999
31378
57057
97395
27518
83499
14577
95793
89504
52858
71438
14666
23911
49667
25421
48145
56452
92175
67698
53286
15296
28340
74718
80765
78275
52224
2485
6402
80793
95420
29102
3092
66878
33710
24036
49786
42341
22447
84184
3490
20223
79186
42310
98944
31843
48798
96275
56159
54824
97190
71930
36039
46108
91802
50360
13659
56660
76292
19120
75293
81014
8175
15000
94083
23755
68346
47788
90201
25631
75635
5803
34004
7991
64208
33063
36110
86030
75774
48921
29477
55948
46325
51577
83603
23490
93062
56984
75075
83350
10376
93125
66049
3327
8890
22475
12047
64185
48226
75188
63497
1010
6074
30527
79188
91386
37925
28048
81899
58739
14250
27629
80885
27370
89643
19345
34688
56597
31397
70593
30693
11362
72712
6851
15255
82509
39753
30676
99100
41732
21015
71924
37803
586
85424
28467
49873
15798
72389
92216
85564
65014
75084
16336
69099
82746
12240
38679
13684
89545
87786
55450
32787
77633
44495
52135
28297
99223
15272
96678
51633
7249
28947
40167
37724
42325
89825
80299
41945
61176
69471
18890
84208
39181
85028
65678
36277
56376
37751
32508
70269
1073
16992
9555
53945
65565
39137
60170
56090
33289
169
50650
526
75710
40582
78315
36067
34917
78611
26774
92921
31940
96734
52508
20073
68896
71241
93606
92604
78816
15857
71921
61472
82763
26409
50560
90257
19392
86221
72159
3188
29655
24208
8655
61006
18821
18364
8497
98598
6713
29611
1360
77764
10976
39587
38328
4339
64483
89481
85049
94323
45530
67565
77273
17431
28248
89177
17762
49300
90022
88058
16675
48696
6452
23586
63265
7732
88078
91501
1252
50532
62743
95007
85891
49205
14497
94156
50495
43176
88080
46220
25773
29910
1171
77836
57657
62090
46934
91223
32758
29643
602
59197
8576
18655
12936
52664
71312
87390
76321
30596
16260
72981
88229
34517
31579
50523
81674
28068
2934
34092
38682
74585
61219
43801
62284
86764
47524
28616
65929
1175
60797
96854
58743
71608
49929
3546
86431
67235
36269
61833
22843
63105
66854
57484
29960
52791
41681
66654
46256
7134
80415
18866
88289
98666
90961
26016
97977
64774
56370
26171
5139
42696
21461
75146
69798
19406
14238
16620
84587
28032
64092
14438
91799
41100
11248
75576
7730
3735
13841
9492
45082
80870
82359
58794
20759
41931
8564
60077
80647
23913
5569
21656
10864
10097
56693
80147
41644
91707
87686
10553
38553
25061
82066
18224
43041
65976
27067
47188
87418
15384
18285
94242
50932
46878
81089
24269
60336
62666
54387
27867
10841
54161
35972
60674
22463
42435
3574
81701
84406
31100
33932
16022
16049
3287
70939
20021
98803
64135
15753
54782
14864
61376
72659
65263
5627
11327
70723
63986
29008
32424
19810
78977
37320
59818
99712
84392
89089
21392
95761
605
62402
45365
62781
56317
81451
2262
78193
47645
75938
61067
25466
96201
46913
99604
13002
49465
81501
70709
55046
11135
71712
39587
52693
51982
11289
54954
78702
56230
3574
86546
30932
77410
68374
15147
92380
69498
98594
16341
83811
3364
33134
23078
88048
67940
6958
23609
32064
37716
46816
50247
2890
18379
66346
84625
28893
22815
92672
10799
45027
26497
23560
21962
44070
89391
30135
48055
27827
31765
7224
43503
50871
65160
86898
51681
78001
48634
51539
84752
45024
87680
22889
40985
9414
53327
83656
12552
11064
83749
86254
69564
76826
87794
71313
57313
79804
11171
79007
98656
37805
58903
95782
299
30492
3312
99376
37730
31481
14664
6623
80258
71276
7919
65775
57347
3607
82575
12548
90743
5735
17583
36990
44078
45511
37659
66677
63076
93846
29584
71877
66830
69626
52882
46947
86121
91897
22590
10493
6102
53950
45925
81070
96399
77125
5995
98288
68906
22019
13966
53706
97229
98622
88264
92921
20221
21912
51704
54787
92833
36634
36300
43884
1897
42787
39792
10632
18393
60972
79654
65449
81016
72081
6446
36792
59809
36512
40590
66952
39516
39370
97770
41056
79880
75877
74648
68208
81362
59961
26725
64208
40193
67803
17659
69467
17650
2041
79173
53612
37333
95363
79894
7934
42365
48516
72689
25147
92175
51472
33111
83708
81321
84751
15271
53462
38864
95243
64003
26019
68138
71583
29269
58432
34246
15445
25256
13213
54422
36979
19141
57767
57339
86978
29618
44152
59475
89836
98691
31363
3187
49501
76033
29890
26849
43016
82887
55441
52531
64197
30602
22406
38037
53153
85473
65749
66093
21462
73687
26919
23260
59476
70724
55195
32330
75344
26369
94342
55133
71118
93986
49028
96552
32640
22832
18637
95550
99379
31582
91230
32558
69814
60682
90224
6376
96735
19729
4186
1504
63869
78059
38013
16148
71771
8103
43711
78776
20837
97560
51505
16647
88544
308
81413
70210
81574
25854
5397
30321
66835
70199
66714
89880
82457
94361
53446
98794
80499
48819
35594
55614
22183
92838
91263
93059
55973
32879
24780
24536
79120
39861
74713
1819
80076
74582
44013
69505
79268
20014
24801
70880
14331
73865
34669
93669
11344
48132
33690
77410
54657
44917
98276
72018
61965
95891
94464
95706
9044
88354
14236
48694
1073
80861
51200
26974
95486
64895
9804
7874
50348
83941
19525
60485
24017
64714
41282
48317
58169
97594
81714
7841
99189
47370
69879
34203
41585
2694
39853
84185
80118
48307
60460
90914
5777
76106
69806
33470
22665
7694
98183
46449
38328
25815
27061
70716
25391
37790
48000
97250
54609
46146
37537
11450
6640
6395
49505
53703
10982
16996
85388
92791
25041
25618
27756
2040
23480
28610
54707
47910
94907
7811
25652
50474
99410
35264
69512
73373
20308
99162
8812
3794
54694
42602
29575
33972
10769
49009
84274
99382
26601
16103
22488
5669
22306
5392
21408
12709
98059
25020
47235
96780
83083
90
2343
46797
20493
87063
12040
71375
36882
76132
33394
11819
8183
81594
38097
82438
96043
93783
91271
74471
44336
55324
21309
78804
85323
19983
28168
94018
13856
56803
75313
95287
51927
12031
20711
54604
40259
82778
13479
23706
36969
12899
62499
50469
82708
10668
97485
40711
67295
38969
16666
4275
33749
72764
52444
27758
78780
23538
61474
509
58894
18021
57518
80079
818
38107
59891
96152
60882
83492
42179
13264
80304
67564
37501
31436
92825
70840
96096
74654
22498
87456
26723
74887
40136
71038
61537
79163
59586
92952
75823
16720
21304
12969
64811
18947
55380
82420
49650
44600
50776
1332
79828
83802
96790
3401
23971
66184
35262
21007
34933
7940
27442
86819
78011
71438
91298
82631
39942
29780
76569
80728
36565
67930
7669
25458
91960
67335
2753
18553
76056
10404
21189
51495
23877
21165
7627
42921
78097
36735
47066
95353
43901
38578
58019
67883
89278
34484
34957
93372
27649
72748
42477
19870
68031
70048
64767
11898
76132
71331
11440
56635
63431
16708
44951
24528
86750
75946
62942
56846
63811
48376
4534
3207
82713
81216
36827
97987
9910
39786
36179
57476
32378
9380
90903
3307
67927
1319
83464
53829
56398
95728
66788
6765
25294
90431
31921
27192
93627
33490
81132
13331
71542
78111
29561
79273
68214
39270
37156
86814
33220
66780
1988
36346
35152
53964
24257
54051
25804
41643
56601
85431
92482
9112
448
68082
81588
97769
77913
92281
49294
9634
4359
76419
58653
22847
85933
54266
79818
11630
35093
28656
64162
96649
20608
89618
93740
30441
71612
71329
66174
77870
1388
51984
76889
95701
20849
62429
77663
61479
97684
70444
61356
44875
37520
23586
62420
25568
77693
12304
68031
69990
74232
14173
6549
27944
21268
95832
88504
10829
74341
51147
26156
6583
26107
71424
8246
52375
99530
62951
1998
23504
76603
18338
13946
64649
67300
19287
59129
97021
27197
68172
52747
59308
3298
96183
3638
87215
45434
48944
74433
25016
73925
66833
87137
46537
44287
54772
18767
66095
15340
10044
26037
14741
10306
44527
93386
55893
226
41899
60644
1980
36703
91482
83632
6169
98399
66848
3285
29923
67786
21031
6940
50585
88518
76981
49578
9770
31201
67408
20361
12527
520
93033
81681
17152
42134
38006
49001
58771
2796
47744
86988
3534
88300
72452
88313
82442
83201
80968
48138
77439
51487
88843
98309
94309
3104
75452
26222
33324
94948
83616
24692
32817
21538
48117
1460
43669
9800
66479
64035
60392
17846
44514
27127
20041
34042
3406
62285
16066
88668
67136
26569
50232
19270
42922
61039
11676
94723
87372
14048
66682
11783
15677
63823
19180
23052
54170
81996
40182
70991
44643
72641
16721
16933
87745
59592
6972
61716
78268
60266
99697
13166
10156
44655
27811
57047
74459
13547
78616
87077
89783
48946
22428
52430
97353
48609
2169
80691
7946
96989
79872
21409
22103
45074
44025
94494
9847
33299
31525
83330
54066
49960
16455
27106
14350
53515
1626
71021
36011
62132
48592
40622
3380
53104
81207
95696
50213
64290
19579
39135
57422
26281
53769
81279
80393
78288
91063
65081
630
33317
47200
41159
82022
95286
33011
39823
32490
95322
38080
43837
46982
31148
44679
45814
48396
39250
18029
68998
63866
48328
44281
45557
13719
92389
25907
27785
96190
35176
46712
36062
62452
36544
70391
2693
14932
7433
58600
8094
20093
41384
63206
54890
26210
75742
92152
26274
81601
7954
32882
41143
60258
22064
1214
52301
89035
1642
27439
89632
69378
5225
43633
97314
48610
2017
81385
10438
60756
41985
30882
40963
80649
9934
48904
22482
85122
89391
19346
37977
236
99632
46183
88235
2293
5569
75803
40387
35329
18090
13658
13289
79993
68968
38715
14867
97750
65891
6280
24192
94356
81714
65517
39615
77072
91919
60494
50323
73159
78732
67178
99644
82296
89462
89396
69745
59042
55397
95021
43040
26214
40997
75108
42666
28327
17592
60969
11681
71219
34037
24731
19231
83110
95154
43620
18521
34114
6567
11162
10373
45075
25479
67227
56597
50911
14013
30993
90530
79571
68969
55825
42353
70869
63239
97977
53359
6606
22851
11288
59479
30949
48812
79104
39122
54000
47947
16534
87141
45842
70874
35630
52474
44234
84648
97965
735
73770
18510
91754
14314
86599
70439
32109
2249
78211
82378
48361
19871
97176
90261
11915
11263
95279
51682
79423
96262
46374
28105
2597
2964
97479
43851
44688
8697
33339
3350
98118
86221
65273
97242
79589
88096
31096
96973
72880
60510
16703
76855
60910
71621
99586
96662
89965
55580
58959
24367
57195
92551
5224
1703
54360
45664
15913
88790
16834
42747
25750
23411
68910
74861
84259
62139
54597
99933
10672
23818
80167
98305
78802
18912
79559
69519
67194
30975
3378
816
53886
89107
49738
8971
46155
5566
80996
63570
42882
33924
72183
42305
80138
30132
34760
93291
7944
86049
87361
37446
42065
90031
44908
35140
44200
58889
13749
86311
22144
84840
78469
84937
85412
16018
88861
36642
73673
59938
28706
78693
81142
91026
57051
76747
51635
37861
18166
48670
84152
86267
61574
81145
43613
65931
58750
63855
44199
14598
64771
87265
91817
94685
41426
58041
55454
87245
56892
64120
41271
98117
19617
48006
57342
8668
56303
51038
32980
68160
83504
6338
40722
65078
2159
35876
23266
97324
41323
19481
57267
25006
92443
59075
95167
41440
86875
86457
49600
99009
21293
64389
80968
54046
7399
86034
66649
13568
23803
34945
9628
7712
30875
76038
31093
58432
46543
26738
92525
5549
34775
58130
45922
37411
6853
16264
5674
60542
52838
15902
21793
69845
1437
33970
46867
19114
25369
86675
57679
16124
69226
9697
73520
6378
9852
49555
94130
16404
27981
36734
94896
60136
93932
44050
64233
63162
18467
43557
47193
91134
80359
6107
60729
7900
13152
39782
6274
96904
29170
11978
33063
59867
69059
76400
36323
25078
84609
39544
27558
57297
22134
89270
32560
16104
21005
61656
75913
57387
69737
83705
647
81812
39482
66545
35764
63119
48967
65620
93226
70069
43281
97226
87233
16002
3671
35029
91077
17531
7727
39155
78552
78923
15998
89895
69000
91089
73546
44625
86895
51495
63869
48886
27167
45465
11331
51251
20385
2513
40636
73204
76110
18989
46318
57489
14016
24907
2036
16557
12433
85976
70579
58382
49659
30581
5152
21723
65813
49586
97545
44675
89572
4342
78724
41730
6199
94394
70058
41768
4671
52420
14644
88563
76895
34523
63044
59563
32605
58509
75878
44092
89053
56988
32192
919
80915
5487
99227
96585
40312
89608
85437
70798
4968
95961
83631
71768
40265
4587
51289
19622
54848
60267
11886
60013
71331
82016
81487
15136
67537
45589
89118
7304
73707
53453
55621
32584
72149
77805
60815
712
95166
73473
1456
15062
66982
43846
83594
80933
50892
91275
19297
28018
7219
56256
89243
28785
45101
72179
29587
98898
24000
84091
29048
94722
489
78132
97090
51515
40339
51046
99618
62459
43771
50576
24455
81375
58811
96823
93030
27485
98421
553
64243
76261
26291
61100
84
17451
64209
26835
87482
99970
48217
61917
76711
11075
44424
6733
14573
88849
46755
32079
40594
99845
91657
56838
84246
56643
31800
7867
69974
48278
79148
2101
476
23447
19847
52787
68430
39389
78048
79638
87305
13503
63564
99647
14242
81854
73864
13379
36950
52077
82250
4180
80729
66341
59958
64398
84603
69453
76853
43441
85650
56342
56861
39204
20821
46115
61440
53264
91228
91637
38303
75183
10801
67117
44774
27091
36280
92009
42595
2392
82778
18420
70916
17897
66027
74968
21372
34135
63488
55448
68183
98977
62535
34606
93987
30963
56642
24360
78825
68126
20414
20600
22151
45313
13774
7067
93378
13612
21567
32867
28118
92594
26857
74461
60663
67229
85425
38963
73176
45853
24743
27305
89775
35780
23454
39325
12648
76195
73129
13811
70448
11920
13183
74468
81977
62177
96269
25603
4123
58960
81590
7759
12567
30621
27330
75588
72119
88073
73943
26757
45538
17678
51183
32972
43383
93109
30825
86370
21858
74448
94418
17183
40482
7756
62418
16197
79410
52388
92483
98485
70960
59821
34840
14216
64263
16983
14737
59153
8450
47866
67206
24574
2252
46371
68273
52770
60736
80211
31085
88868
31352
9899
3745
29675
64541
64406
67277
4811
68203
11132
96178
19730
95590
75457
55797
85716
82838
36967
68709
26400
78371
71671
77920
73992
7241
69844
14930
94111
39482
9648
55461
99198
21303
3614
67133
61060
56076
5164
49674
99856
49706
9925
90950
97317
51687
47476
28984
26795
90573
82556
69931
23769
11502
4685
10497
59681
31978
29753
22433
94696
49475
73165
65328
58554
55670
96979
98426
91975
8323
94736
29640
77673
87292
68852
76693
68445
80720
80602
22304
59764
40860
88135
3537
56926
39717
31692
87696
16618
93117
7452
29081
26323
82731
54978
50380
76540
44597
32395
41646
54708
49049
37008
18471
95836
52916
92257
36477
42649
27991
42051
78960
51376
7448
62668
53836
61340
69628
8402
18837
23978
9283
81808
98857
871
65655
3317
94942
32314
18472
153
23848
48325
38955
67596
10715
3851
69664
7700
4009
47459
95214
45046
88627
51065
28491
77705
18874
20062
1141
89040
6912
36195
13557
17668
45424
67241
38150
17600
30181
49599
97315
4163
24177
27837
18203
30635
12421
39852
51953
49984
91675
61927
4392
71378
28763
64237
93181
47792
72379
87949
84442
74879
31172
29431
93241
87652
34767
21287
22171
43473
65700
52063
77518
54410
50144
91051
20868
60789
32862
97856
65284
79022
68108
51156
97364
44984
31802
42179
88904
81187
74060
90358
45220
42232
65156
22435
72990
94745
34596
30550
95867
91133
17680
8480
84284
39612
84408
49982
21234
37712
43368
32392
14929
74522
22665
5419
6770
80016
32067
48257
55849
92588
32383
40983
69412
75341
6843
35286
89253
27708
18061
26122
26192
2311
1989
74150
61341
59628
66872
57752
60575
81820
20944
51192
37819
41668
75429
70698
19566
59736
15664
92974
62678
86339
74700
3279
58750
76697
39067
8942
32769
49121
60728
93526
19650
17245
6199
12618
72533
48514
44078
47142
13143
74315
87681
74029
71643
81190
3164
27744
99912
36145
15720
29516
12043
25086
63444
39853
27610
98709
15400
84644
20561
57930
24983
11453
21092
27418
31541
20573
35468
62810
98164
71052
15658
68522
79831
88362
98658
671
31635
77559
73532
11322
9029
96623
33401
31212
81482
94563
53801
66346
85007
73823
33114
59433
26580
55212
49332
76227
52936
44224
49649
82591
92275
37102
37980
44668
13857
43520
45255
75081
41195
26939
67073
37840
11111
9238
48901
28359
78052
89880
45936
36977
66771
69122
77803
24340
37937
56225
41941
24618
39030
22430
47734
87411
27910
90941
19046
71927
58643
88733
17354
37961
49307
78719
25151
58068
6750
95274
48321
17342
6311
20973
98175
63056
98288
12671
15819
23153
59298
13640
6730
57632
1578
20637
36051
18764
79204
79662
9929
20170
90191
76974
69716
89318
72525
7974
87670
88052
43971
19734
17590
42662
7903
24599
18306
18057
24254
84677
89122
15239
75122
95893
12628
45002
82002
59721
36382
28669
42667
6386
78864
27087
85344
28151
27150
29337
51257
8857
90531
90313
25001
27767
79181
39564
96050
64067
49729
76979
2331
17994
94510
94526
90539
94690
45047
94297
64346
24713
7315
12803
71592
59000
45384
37585
40870
90502
57317
79751
97449
88969
66800
15397
94146
98808
90237
47355
16712
73063
48952
17934
9992
59403
26338
24673
11875
84337
36547
90654
83104
32852
64990
26543
1541
77727
18721
66001
82382
41596
98693
5547
6749
69977
79530
13361
51194
79112
379
91731
4452
97692
77585
91282
75760
89381
2810
12188
32661
20710
25709
56532
53955
66663
96647
64596
23978
40256
13856
16419
80086
24236
64972
75116
74370
43405
11184
40015
79872
12977
73479
32762
83957
44816
86202
85411
55267
73708
50783
12159
74916
6533
33339
61672
15886
42161
51592
40086
73329
14933
89382
10938
65256
83960
11644
80215
32720
2469
16912
32355
78196
62795
32315
19684
47231
92946
72574
9138
80461
11235
9329
50270
89472
1696
41502
73553
90897
3299
59229
32209
91812
71098
66685
64939
23594
62541
67506
99997
33172
5986
52691
52797
56796
18428
33963
12121
74217
13655
14441
22939
69586
42453
59625
62094
5604
39112
21465
63560
42457
38090
89318
29420
43240
84703
40542
7097
96109
67376
96089
84689
25440
72577
75966
74474
58544
56531
93474
71043
67732
29381
99336
77242
88858
36289
62622
49358
11473
4591
59334
84482
41076
3946
57540
95082
16668
23270
9557
72092
77886
26865
16011
6840
17565
29751
97499
97008
66487
85150
3549
49072
45637
50421
95827
13075
38753
12075
40561
6950
22080
91183
95624
91518
8042
11607
43613
21494
15036
80884
57806
35273
46974
21381
93157
40867
13370
92496
59677
59107
38790
65613
82871
26322
1041
10261
38844
90654
8118
44464
56328
4592
82709
2606
50012
86703
31240
24493
98798
5957
86137
76004
81971
85603
27344
68275
2098
24256
57263
54960
99705
46257
52398
81454
68159
56466
8311
69302
90476
97780
72763
52959
13375
70572
24555
53213
52564
44367
71369
6454
9626
88876
93697
53719
72969
62785
83642
97267
98978
32766
8163
14587
33390
53158
44758
10071
52194
1254
34447
93546
78391
61938
34016
1017
33194
33178
62629
11399
61047
74131
15711
57730
52887
50809
45333
10828
52559
98679
8485
5374
72824
11043
70324
57710
89617
58175
19568
60216
25813
14484
1019
51310
9920
77823
28062
47687
54859
92680
20525
39790
156
72242
36220
24847
17054
50432
61700
82580
7825
33930
57511
53514
92768
29072
20721
67347
91614
76306
11399
75018
13610
2412
85586
46563
73111
64401
47809
75064
22746
97645
55969
59878
78154
68694
5217
581
74823
45476
40655
39184
96475
36987
52391
91883
56973
47504
58541
80847
57101
60715
56073
78553
81280
45506
26180
97743
86656
89657
51735
52653
2622
86635
59833
10179
77961
97632
75360
24073
23855
20139
92523
46137
35651
72215
78543
76622
50021
93702
89589
25607
5859
66962
17962
62031
41572
77415
78598
32647
42514
7474
13925
85166
93741
88001
36562
9839
77153
42212
13922
59340
72143
34467
56992
36961
68191
9935
42901
9065
66963
49557
47722
92953
67
26128
46793
35660
68673
97802
68607
545
19034
42713
81559
16380
6213
7356
52396
47649
35652
68703
99469
7808
79780
30249
53463
71392
9969
81001
93840
31636
34513
69532
65683
92957
59751
20972
85099
67613
41207
901
41166
79351
73605
13376
40306
29430
52908
40611
30747
60834
57539
95252
73412
98259
50087
39913
13172
69817
72664
75401
25691
87671
3962
36970
66031
49501
77029
88601
56629
85241
22257
84782
6441
34751
27537
20118
34203
66403
89943
24032
18484
69357
50253
33005
74096
39261
96120
67424
42869
19838
7800
15281
94948
65806
75210
53494
75389
36634
47345
90804
52401
64306
83982
45506
38577
72757
88810
38661
70722
29969
5709
46768
79874
48631
56916
56333
37418
70956
62874
26769
53381
9605
45731
36790
77441
6975
89834
40635
59540
74042
44728
97569
19058
99138
71631
54177
85374
4746
94428
1339
50451
57458
96701
12899
14128
61031
35406
46316
8889
18877
16076
4432
73760
20575
37423
42796
18574
47192
68065
31601
82922
48174
79120
96679
85241
8140
27710
80736
77000
2739
70958
32671
76528
61534
76318
95922
12903
32832
22662
16409
71569
43517
31746
40663
57966
40296
23808
98482
61714
28835
35602
38182
36681
62827
18416
2276
78338
21
27658
5987
33321
54670
69316
6150
47918
83404
27904
12225
44257
41501
29892
85742
24529
51655
60031
39404
16428
38457
38713
44945
84331
29227
19021
48165
67136
32776
95989
13701
43117
74041
17584
12881
5173
16674
83088
16899
74201
25596
92745
74562
12391
11583
54224
20213
98942
49859
13653
85026
2795
79011
85848
39880
61308
82713
21656
4093
35648
21151
39013
15141
87414
14203
69108
70216
23916
17010
80569
7854
68566
43132
65203
90831
45711
64151
32553
72748
75003
98808
49222
17276
19123
10963
10906
64105
88192
77703
51573
22459
95018
78994
81251
53050
86582
77603
87147
98188
42474
84007
96296
81931
69290
5798
16459
59662
13808
95017
94169
97156
50160
48907
29090
36839
71928
21736
96018
76451
3297
5002
82024
46213
65437
58109
12836
89572
61881
12152
4248
68108
77004
34364
30273
90995
2511
67290
47986
13325
94503
51243
50297
93175
83534
54416
72299
46110
49904
44411
81121
64845
81585
10695
94891
37472
1983
50082
16494
11180
92962
26887
97781
1655
90768
26060
20152
15795
18634
38095
34328
4637
73750
82693
81948
52053
54705
88848
62679
11020
85809
66725
39668
17470
31030
39402
86523
66308
39473
92801
89011
52428
50795
36805
20362
67616
53462
48641
2407
57473
34263
56504
27476
11808
10082
76484
91095
98892
28747
42838
82766
13134
87403
5474
25371
26236
87219
80310
70624
51365
39537
53844
76321
25833
49083
81899
53841
36945
62330
14331
98591
6064
86441
5206
76756
29304
39249
27859
7387
54546
48307
87631
37561
96635
10034
75876
65025
45321
11433
94126
80397
73151
78016
51041
17935
80419
80182
1643
62725
28182
22642
54149
36561
14415
44246
76702
26692
82196
28717
96066
86987
59359
72923
16078
3057
51906
16283
79686
15798
73207
16874
8520
25511
68203
33934
25439
28047
35400
87270
96336
49121
37606
65133
79204
31904
94157
51069
23145
52388
33331
49183
82828
16603
15367
7139
21037
228
61938
47984
66029
64136
495
85844
89518
11308
14121
28638
68358
80480
18807
48654
91292
94926
32381
46944
49380
94226
93718
84173
8899
837
93137
27298
82466
24023
34045
91917
10144
61064
12897
25210
66109
87416
21241
32200
48626
51761
75615
67895
17783
65519
82711
42664
33580
84677
57890
87902
84222
68422
57758
26811
6510
77764
39084
65191
70998
73197
3377
65494
77263
22204
18494
7293
67583
93596
82545
3876
73684
180
98318
97619
18610
25822
66390
43380
18126
50473
93718
97789
66132
46142
7694
41721
3305
86086
18700
88344
48331
56049
61202
75428
48383
10121
90632
95578
47025
75417
75081
39984
2131
54014
14217
84042
70103
60139
8200
80687
11374
95704
47065
20525
79479
5588
99361
31120
14509
76773
3988
81496
74895
94200
55545
17635
38978
22889
49235
8488
35190
70811
96355
42709
75392
53733
95657
12118
31925
23652
71617
43166
77885
38013
76970
52627
8984
40677
95949
42795
10759
59511
81068
70252
71429
93584
65088
7931
98468
96582
45063
47214
10903
99711
45497
40562
99349
4356
45132
25745
9930
87243
99195
90857
5155
60821
3611
36882
17230
2917
8650
98300
26940
6440
97729
75678
89742
26102
71280
81808
88645
87726
13649
35342
78588
24403
32263
78173
92516
36407
53277
4628
95544
70204
32864
23516
60315
90211
65096
10607
89972
28205
90700
95551
87931
46762
20273
4462
1982
69818
50819
73246
33076
63324
37099
22204
73593
63853
12268
80752
28558
25437
44366
80823
49640
4022
2756
56736
73576
74213
15363
99531
61006
60672
91835
60440
97025
18098
47410
31825
4129
27800
76191
22697
85587
80031
71552
32219
33104
10659
49922
96462
77943
84343
82048
64535
83838
9877
45910
83909
44006
63537
30886
27769
54455
51288
12239
72403
71489
76658
25179
55495
16442
80442
76622
758
49246
21668
95235
69608
32470
70536
23631
62917
24290
18900
21587
76662
78623
27299
76601
87147
72187
63501
87819
40592
96913
48421
68242
34298
67791
99148
60730
56446
85479
94427
80019
97501
7721
81290
15289
62169
14641
76302
51438
73469
39906
67969
3478
35554
29701
35576
93779
44189
56
38031
83307
52941
92622
36030
3844
824
53425
60937
1816
33322
9806
67185
77437
29863
38880
24086
68941
97333
12010
14432
72505
95885
12062
14349
686
28944
44943
32688
4596
32214
5368
16540
56389
47448
11119
27078
4878
71690
77446
14464
8743
53704
74485
18116
63663
72720
90531
73615
96673
5615
66635
96446
32179
85624
65525
87421
40879
78273
35344
74899
55880
20737
56340
69602
27953
93266
10795
29989
18743
11802
19208
97250
19886
97545
5688
18801
21400
93945
50686
27965
38412
71328
36014
98981
65579
8921
84360
70764
81922
23698
86199
26604
36346
2546
58583
88006
97363
4883
90163
70397
61924
60542
54871
84871
86406
69384
76560
34633
79936
46724
66021
46933
27587
7379
36486
84552
84723
57358
4022
19031
8905
40031
48067
95045
25602
92603
60904
17340
38962
17682
21438
16516
3782
80288
66040
77870
16456
51142
12575
96194
32361
49727
90828
35198
57676
39265
99017
28967
66059
74031
3283
40004
860
71131
61492
21893
12475
59826
59269
93803
8480
59219
95671
62254
25285
49504
43151
47298
41338
58616
68095
33580
44783
7828
86670
59178
49203
12868
37369
86336
93586
31936
51280
64930
14398
81433
15656
32651
18796
44146
65394
56630
91873
18772
87713
73141
54055
28573
9912
8171
96114
51718
87628
7442
5935
69702
95221
93032
84461
2314
72690
99606
22457
72932
216
76543
7939
30740
47855
43852
33848
10499
28502
97191
93222
11465
41706
26011
20114
13528
5122
20629
2956
29198
90222
41867
44307
43837
58995
44695
86212
22624
48189
16482
71456
65787
34173
18941
18555
11169
65202
23314
80718
66060
74322
85614
23216
90436
14220
94470
27996
69209
72917
70932
97191
52060
96649
93259
82710
58348
32236
64101
71745
3159
57639
11224
62310
12019
25735
27434
77291
22764
7456
8944
48325
81807
39911
36896
54875
4607
18651
53871
29617
64525
16699
17002
49707
77256
19290
19396
69137
40914
36231
60206
78933
1100
51569
77558
8420
63098
23304
11196
64701
86785
17178
5231
61753
63972
22606
15384
12148
59753
38383
78102
39697
78364
34484
7220
86460
40637
61517
85053
92729
6338
58296
36377
86533
47249
30011
47225
30237
62353
28476
91776
81302
7455
89169
42831
47346
11467
55249
85734
54650
3906
7247
9384
2530
58128
20509
569
66616
44348
91098
67783
1581
38251
18466
58362
28489
80800
18697
14504
33961
75381
85146
49795
31276
46606
96800
32241
89194
91652
59873
74992
85388
75782
30403
88822
99091
48912
33846
28405
26739
29442
80608
85889
71255
60693
90195
43051
88988
30807
14342
66545
92770
40744
51773
79268
18760
57452
78107
55923
61328
88268
11374
74963
84475
16105
82394
25798
7848
29643
59271
79576
46953
90292
87764
4519
94773
99257
78540
70583
56411
53749
43252
58387
77310
93328
82222
44643
24009
51135
70062
41638
70804
77922
67076
38471
18067
5644
1413
55149
78298
64396
35202
59344
71535
34765
19591
2477
52980
47253
84494
19502
78912
7524
99512
7579
45015
52986
97653
91147
33883
37751
1789
56713
59580
17632
8772
69030
23216
49292
86451
89128
97843
23390
92285
92014
18546
83908
86852
42544
73736
79745
91663
76755
66640
50560
62726
63280
78410
59497
93456
65081
7990
10266
21266
40546
62607
78489
99763
53902
25993
50560
79261
3687
60802
95365
21659
55521
15238
7498
89032
61107
66134
55109
17411
54138
46088
25034
90072
9020
54905
45491
90620
63718
55836
21369
81138
87576
2124
51738
29407
40057
84144
32949
16551
23175
483
87975
15952
71274
28901
7205
48041
70912
70464
32349
98946
52881
92855
67128
94458
37572
88416
90743
98996
80501
59940
15542
47851
39432
14227
34082
53397
63500
78090
48975
76962
33185
38558
94235
53654
58113
9081
18798
80119
47700
97450
19708
93253
23487
22422
28256
94721
34995
57280
91834
51640
93401
33952
36049
63234
84941
40124
76520
57047
94818
53808
84541
92821
21489
55386
65761
14322
98619
13474
36345
28491
69618
10623
51296
83050
40231
22289
24363
17009
85970
39361
18401
6220
86255
97334
83561
99233
2508
31001
68712
17988
32561
61750
85301
93892
12909
26886
71763
68100
56661
13934
96101
21521
20935
63342
82022
82778
82655
52998
23003
62651
15760
59510
71076
55457
35406
78321
6565
24154
71825
66528
11814
67618
44761
18356
95930
7867
25322
57403
70141
13344
50525
56263
60348
72036
43260
96879
85284
22912
15312
782
16577
49509
7998
6060
2228
73050
90674
29844
58485
34588
20321
47609
96274
90132
2119
28482
76760
2578
67412
74155
57455
25252
82857
9658
12126
59496
99162
99039
12196
38527
93036
83652
8842
71042
49951
62304
59620
38700
16128
22880
17192
95478
98918
35553
93023
2916
59989
70215
69916
14777
20118
82706
55500
41157
43327
91324
66652
98340
93934
42731
73888
91634
17647
19958
41552
36668
38766
25231
40181
39815
68862
38060
86450
44532
56962
61977
26334
47303
16634
9210
99507
28946
29123
97419
18408
10329
28152
67684
27715
58626
95651
61280
44765
73396
48992
25558
77830
78959
94001
56355
64149
34757
30033
30100
45914
82058
96255
10968
84195
81349
64990
19349
81705
84723
43223
44941
62511
20227
1549
31222
8515
71081
97515
81555
44164
7582
93294
13053
95540
31403
84146
47374
53302
60278
45061
64750
98913
99022
51504
36350
14074
17184
83489
46366
93635
76301
79574
60042
30173
4051
63047
57603
77410
62779
47839
93067
37241
48478
85936
38332
88763
83201
15428
52791
97202
17616
66047
21426
39662
78472
46028
63488
68722
65199
17148
91331
87592
51149
87919
67862
28007
33252
82880
91489
68356
26543
69963
90522
12439
51994
27509
50434
13085
13172
47586
30872
1755
30698
49163
76018
10254
58147
20379
51700
58022
99558
88880
12211
45631
56507
5475
86091
60559
18073
10324
55511
321
23939
84435
70659
47653
75524
8987
87668
50963
95593
50402
55550
17612
86275
89575
56893
1985
11900
57608
69860
12872
31180
33466
68797
37663
57752
44891
55931
46519
41417
89875
95012
2847
92074
30550
77816
46262
78504
28365
34729
49159
32711
736
62429
49155
33329
94598
59355
66931
48581
84105
48658
60465
40464
42639
69141
90473
15637
32996
89900
30632
53056
41148
9546
5718
55390
52703
25537
55724
11759
10630
23481
83535
22878
20700
80160
30443
71036
19641
4333
63153
85536
88999
97938
57311
41216
34546
62382
49435
61409
87343
30625
45508
38464
4097
96103
91563
91190
56710
93765
80626
69061
3630
55172
37950
60624
65123
37587
19764
62478
38697
19436
95995
28662
26747
45096
64057
43210
52234
64501
20844
90320
76101
94315
24415
80005
77972
45070
18780
24596
88597
39253
14326
25876
23707
94092
81906
33826
59987
96687
76093
96958
42618
86956
22712
67907
34629
16845
11717
59000
32046
48352
38956
92208
72920
90305
92959
9315
30757
57944
82651
20052
18806
95167
73881
99444
5109
70118
4955
32654
63190
30230
83222
55547
88408
23886
47702
89145
71602
56507
45376
61126
33352
59780
92550
40245
296
22118
52956
33401
1133
72591
3069
2043
14035
56040
78151
47450
13075
23268
62797
64510
11890
79063
95810
1815
65129
83409
3800
49034
42603
3814
37712
74249
12568
21524
86700
59026
2617
33636
99147
82991
17162
71553
31521
90598
27161
81179
41511
32367
45734
251
76069
48334
93709
80865
49236
54288
63969
90734
75115
16887
18317
3922
90798
97319
34878
28819
89475
92511
69340
19124
44832
79439
24120
79806
47348
40337
47542
5211
74654
83949
41897
71432
3299
42351
27744
89377
80539
31702
72288
32411
95057
11882
58520
82259
64673
13240
80754
34201
55720
98341
91704
49000
63026
26610
55419
96630
24214
13903
33517
8898
6746
58757
16080
91165
74989
46884
623
48447
69574
45501
48280
57772
20222
36928
24067
32950
20918
41860
15132
34107
59583
13340
49491
76313
92245
92897
8406
76689
86932
31114
65163
66635
98185
63390
25664
36299
95802
67354
7270
17788
12617
32307
64627
10219
50060
33932
28777
26098
2542
22468
75711
82353
98770
99409
49315
93406
9265
39767
98920
82092
38478
23933
61514
38460
80337
81644
59586
56832
11263
87767
37147
53564
34590
97343
21490
27275
48713
39272
26252
58313
64119
82308
74146
64463
55402
82810
67864
98775
14075
32258
27034
56035
68434
25177
79310
88683
70792
26166
29881
68415
74345
71945
14834
14775
85321
22147
47762
1427
77918
22039
44693
69993
13514
40607
17972
56170
49787
97051
83058
97527
13779
60811
42757
79005
60733
81111
85130
9412
18033
32807
56483
22546
9390
57836
83967
92174
67473
59370
79141
33254
35047
66437
20856
92035
87565
57040
42521
27826
7205
23139
38895
73741
43108
32354
54635
13534
29188
35829
54042
4210
37017
38350
83393
45111
65556
22146
60602
55677
56639
25798
88696
90417
17909
49803
62479
47342
39954
50721
91439
3692
38590
57303
2207
94894
93911
82742
79437
77036
3200
70433
62985
31644
5328
74931
96237
96697
83044
75745
26479
65419
96438
86843
71187
81407
34442
48478
55831
93305
69875
7293
73580
78467
44389
50349
65619
79714
36142
88499
51199
82814
42708
83566
52476
86205
62812
57052
85088
42978
53565
65782
64297
64208
24241
26020
7253
51747
86115
20800
60451
45433
26911
86132
7160
95907
96853
84518
87254
54978
9311
16523
60554
94544
24545
43665
22710
12872
34366
84982
18594
77390
63389
12852
39739
4093
42996
9371
54225
18369
43096
13872
93598
15342
28047
5766
55903
56576
76405
56569
89351
78293
69797
30109
33666
37041
5227
69752
39663
80576
3310
94381
17380
1133
2205
83061
82043
14058
46392
3067
52911
87482
30293
68885
11882
95438
22925
45212
66496
18779
87762
66134
36467
77796
95630
40300
7592
33280
79185
2697
98865
73243
69707
73648
15059
48715
96492
92464
13137
44986
23722
41844
10183
73337
3658
1869
48000
912
18227
38228
14116
60015
3255
20883
92814
37176
57914
39583
5503
61904
75468
48763
34872
43694
4201
79667
17774
56644
53826
63167
98946
30460
32075
21510
95056
45917
55950
63129
74138
93760
92300
6680
15052
40957
88581
38850
69987
48823
80834
77883
90800
56908
86961
51232
69517
74959
6971
66489
69135
23990
84094
91355
47086
55059
39282
83656
27939
81745
25827
46897
81225
94784
65445
11742
69604
68788
33710
93915
55113
65351
9680
68950
75810
75942
72366
42038
43499
80842
51992
20097
38945
89461
93993
50147
9666
944
59593
59992
1675
4924
10910
88242
22996
33937
96657
96016
91462
75219
81627
728
41248
13056
11375
3784
14310
15143
15544
71143
82693
97243
40157
47096
29752
5729
7951
91764
791
15298
2075
68659
9195
73717
92240
50188
54440
21438
45954
41873
79285
76350
50575
68279
99215
51263
78849
25889
78085
90208
35837
94522
85399
88450
77299
4431
64767
63814
58489
17267
25985
4893
95225
76164
73143
12967
91533
67530
20816
61187
49344
92871
69189
73670
91858
6343
46668
71877
47881
78488
26880
82062
13678
10582
79460
7552
83259
20744
96418
87808
85420
90626
62948
28686
15888
74391
81125
74411
95136
86247
59730
11318
5073
16898
40864
42965
25333
11729
96592
70956
57762
92890
15932
80000
90387
43923
91214
84642
96703
65590
29708
70788
71112
33007
75766
58718
29923
40502
57782
17466
25217
72256
76740
61634
18758
15561
76989
96780
69718
36495
82219
71530
24152
25462
30046
92529
74693
82948
38299
71964
83177
96482
77708
29546
56539
88941
40206
72065
41131
82145
13042
84830
53946
79125
45738
85506
16150
54297
61241
74825
66934
94434
14924
60207
83370
58177
46636
45649
2961
83236
84024
46975
2203
85817
34289
28735
94548
47193
5095
29817
75354
4923
55648
87572
23453
97388
17584
45026
79723
44539
76379
20395
21706
63473
5030
88742
81558
17500
46175
98361
42305
94556
69104
57894
98121
66066
82627
68129
44836
17003
90957
68956
49202
31424
99470
62010
38785
27352
36754
85982
40593
1609
65926
58421
6857
63628
25269
38730
80786
45546
47177
77048
1018
6733
87512
80798
35818
97753
89451
57386
14761
49454
189
62720
53582
7423
71192
90281
64002
43020
49957
54205
80746
60193
57768
40695
28630
10683
51037
34492
40797
43897
87342
99290
69826
13908
67938
42469
43912
18672
26191
41031
37901
79367
71220
91138
1419
3205
4838
99433
92435
34987
74727
37766
95588
92971
96302
40824
48965
46816
52167
25135
46716
54958
16588
70864
62112
899
92894
39673
39484
28723
46368
45329
16828
8925
16304
1378
88973
66629
39275
25425
5844
51603
42056
5809
69169
49576
3701
76855
17606
27114
93504
97095
66505
1056
94315
82942
62778
356
29026
520
10311
65164
59949
63712
88618
29398
20937
86663
76666
94923
51851
82335
7540
26742
19290
95112
12902
10779
1694
12535
97197
16039
22067
12370
35219
49273
78824
15771
14610
33362
38599
88617
37603
38755
15113
40680
91654
78344
17191
39771
28638
17038
189
22682
75263
11169
89554
39762
81766
99202
70039
51999
98661
16490
3322
94272
43097
47578
28492
39345
50573
5165
72053
43303
56324
63234
44731
68784
11628
78610
3457
34558
93587
61923
83897
80159
15849
99384
37107
24050
59718
39061
34005
15407
63322
86599
89955
21113
35433
20841
97582
44076
49851
77845
89197
23472
44985
56885
66358
12028
66437
20769
28134
3155
95745
35481
58411
36737
32592
23162
78422
43713
10470
4442
79627
11511
71159
56645
79980
69724
73278
23617
33351
90786
81027
59381
84706
15742
72725
60424
35174
58964
33025
25078
57612
38948
10927
30849
19662
27841
28187
53218
88520
12270
42419
53868
33605
45408
98218
77686
52312
88339
76905
96633
38750
42819
87418
37347
22128
36363
50774
42669
64012
72167
87988
19457
10687
85391
46830
40678
583
40309
36983
52139
41536
20060
35097
21080
48367
27158
25775
39298
17523
95039
8112
46834
82059
36391
86328
14792
51529
73580
8721
83298
77066
85518
89205
16352
24282
22961
43181
48213
98578
57539
77102
12002
51356
24765
55097
18690
7722
66338
88980
94969
10587
11476
25145
68972
64055
41153
37398
74295
99063
32037
89148
27003
31588
53684
75072
56018
30854
18744
96797
25405
83977
77561
40720
59984
17936
96109
95478
57293
81294
67637
7069
85191
84599
13752
72710
65590
60373
20232
52296
83129
85562
68885
49150
66540
68390
50099
80414
97672
49693
99079
87836
88978
69540
63575
10991
33026
70755
65161
51036
67946
45675
80105
93001
31425
24968
3957
42403
17835
80973
9482
95644
10621
66447
13668
39842
15092
28411
74180
91593
67837
15694
97805
7599
82215
79801
18091
15651
21024
2761
39684
94834
95211
69196
84350
37453
5456
75883
17724
41572
64433
7695
62579
16698
40210
3434
77214
22530
55871
23732
95898
4614
96575
73567
83199
52252
47869
72505
10785
51624
6876
88306
21378
15073
41288
14648
433
41424
82097
76215
34385
39209
10687
32608
27160
60141
53115
81107
67389
78781
2586
95560
59779
97292
6863
35070
98258
21644
85997
32097
89583
32950
65097
66099
34695
76127
86317
47505
75410
25562
3001
35790
40432
79656
89346
56689
93926
63967
46407
23058
99136
66762
5116
32004
49037
11315
28527
24086
8210
6218
16389
78788
55427
49999
86631
1434
74111
44587
97912
51033
73823
5610
5697
41826
75779
66796
55128
80122
7945
50173
41143
34291
75236
62938
32961
22821
27833
33093
17062
23379
47599
62231
39294
69191
9173
24212
80362
90433
93025
87912
82578
49339
66054
95374
49234
93526
61064
63290
56224
82240
56187
48404
16140
58037
65074
82098
3552
92489
17038
63809
73600
41017
27525
74532
3433
11592
66315
36505
32652
51567
86434
64694
87097
20033
67595
91804
68236
79861
13703
39434
61756
64543
76868
34821
67192
99195
46090
81257
4117
27075
20659
87873
73394
29215
14311
41560
21813
91521
91941
37642
27210
24559
30638
4657
95806
91492
61306
96107
90441
73269
13861
23690
78785
77603
2052
9057
64149
92704
7340
4237
65501
85058
32387
5577
30907
98561
91300
57881
5721
26035
69991
76714
87920
76061
12224
37197
33905
72210
39014
75699
37888
49983
90815
30848
13213
96968
9088
95790
27163
5253
77410
29109
84181
87704
72140
42151
92171
25060
73749
97245
192
3424
90385
64406
3278
37147
35770
2723
65379
64855
75152
91938
53689
31641
66348
15518
94242
1539
92364
33938
89473
95509
30718
467
48624
40881
92533
216
3920
70072
45025
8844
98461
41769
75507
34463
59597
26409
27570
76066
61198
6364
30411
62307
30101
85472
75420
52540
21355
56622
47908
90632
32696
39811
7772
4682
72706
89918
15781
62396
44613
35554
98802
95306
19829
66308
93477
11919
56133
31884
55920
67833
73969
16298
72740
83108
65097
68411
70366
63152
65461
39993
78860
47298
22164
54392
76147
58650
33997
70824
61757
69679
10628
65174
31452
25643
7561
35105
42477
63793
91994
63500
96406
89470
701
80075
16663
16398
67070
24663
39585
4295
19551
52629
96934
4620
56693
51504
73142
65437
90160
34827
77922
85309
70127
86241
57205
8794
84845
47096
75546
29991
25933
6573
71157
1961
43587
89390
46596
42088
37729
59749
91579
9333
31239
57462
50127
57999
68239
26831
68949
56057
61963
77040
73632
57167
85578
11097
19343
14460
22870
7868
31552
19973
49117
9593
78362
12978
81471
94972
61033
67303
4907
31053
27707
30411
43247
68588
54070
12664
36113
99206
40555
58013
78147
19489
68028
48892
32940
13990
16382
32490
70047
32136
19218
29860
28196
71605
60216
21645
79100
37149
76527
73266
65798
1646
51149
30909
49332
43221
13919
16990
57026
6678
78346
23664
67313
73538
41826
29627
41564
29469
80038
67480
78590
28543
97256
72771
11835
97847
2214
71642
8371
32424
33564
98964
22678
67288
92215
76500
68340
37119
99559
89719
71
99392
75463
63368
53789
95554
62547
54657
29779
30588
80080
49630
57110
9047
94676
37255
4390
78377
19074
51485
41006
42277
8618
24602
73114
79381
985
24
81323
65326
61287
4445
29910
90319
67409
79197
53080
33887
18981
16281
35300
47557
41862
77782
52343
83933
41853
13631
72611
54959
72110
89962
18044
48073
48712
57794
90773
50860
90254
74407
94568
62522
73334
64453
69301
75635
19719
66791
41637
15478
84175
70503
59396
2793
16185
93449
414
30836
72258
89180
37528
87354
27413
26363
93216
71325
86401
81836
41606
9615
88423
2219
43633
44573
21713
72778
74222
77409
8481
76708
64213
75061
71993
57132
70784
1606
30566
15251
31888
55263
57379
59937
78602
1073
36879
7213
35109
46970
71236
97975
89234
37882
25185
32022
27055
81956
26870
14822
81079
43406
19226
23004
22354
95549
24966
62466
15360
70280
55579
91609
40759
71149
49948
86342
52235
28486
23617
42559
7694
14499
37669
27252
6173
10505
87474
26330
49876
39971
30077
88828
74736
15744
34171
88481
36037
34375
37583
83052
76106
74413
91852
64828
91391
79627
57216
18084
87934
38842
79786
98569
58339
84310
7128
66580
5737
91974
16831
11848
8074
98635
12589
75389
40202
66750
16872
25015
36977
61466
50305
17860
90902
40564
66452
33280
22647
72840
35860
26545
53289
69390
38396
11034
60185
31508
30489
90426
8615
67591
82744
44062
17543
25734
74977
77470
61823
16463
24626
24640
62755
32201
81107
26468
88536
61926
7666
17774
17858
73847
43933
32897
56113
90286
58559
38684
60239
1555
15204
8693
36261
26446
16399
69386
78722
6243
316
65168
65586
88981
71456
6183
48213
11219
63790
21087
88283
11928
22497
98259
23842
12714
72567
34768
23658
49846
87949
27257
67174
36293
17231
60268
1258
15932
88379
36308
15802
11721
47745
82293
61609
42497
52187
28876
2390
37749
84683
44893
26495
37472
50401
48311
79057
16945
84851
23546
53878
81630
45727
28875
18294
73058
97993
29293
71750
11188
4925
32280
22840
27481
5285
76561
64182
40204
36649
81344
60526
43691
32377
85908
65163
43055
762
29702
85891
68920
81211
84313
31081
64832
82430
34171
65993
18870
63999
88550
44504
22894
57126
91202
32824
52402
22053
99014
32187
73839
84128
38852
80295
3506
63019
10187
49252
59818
63712
75239
72296
68291
43401
2830
29976
20611
1199
58008
45051
71113
10568
45311
76205
48099
36840
37632
86564
41175
53084
12760
21001
1747
97515
12051
84791
42358
4017
27574
1812
72242
84918
6174
55157
88760
16253
76212
79492
54296
61225
12212
51203
64045
53963
61073
63270
38816
62647
32196
66666
25387
23622
8077
6734
50952
54237
70549
70775
31350
18038
87618
16593
73624
56195
72808
86194
4394
90154
87445
31845
60627
58139
32268
79949
40871
61556
56956
47784
36441
48781
45974
79711
71821
60907
76425
48620
76841
99439
4205
34522
45704
5437
48142
36257
73607
95618
77578
7849
81154
74879
58876
48662
75201
351
6039
67247
91353
28127
65863
89396
97281
22764
34334
82569
72064
7906
44772
12717
79770
24188
9352
4954
85948
52922
86140
55190
9997
96011
6342
45252
83977
49106
66629
61562
89904
97311
4510
71469
54868
9177
57266
48714
33576
14809
37241
22940
71102
65573
64192
65701
50846
64861
28078
56966
65526
53921
62714
22278
14210
50849
57249
95342
21785
20610
5418
48174
56134
72771
92664
74752
3396
73303
57848
70593
66921
60638
71378
71139
15681
63200
84087
44424
31818
40641
94406
19116
21027
9663
96036
35982
34597
82231
57258
4019
51927
61923
26929
12966
9391
89067
66805
98331
72908
89439
62304
77542
7012
57485
90045
4887
82543
91575
6597
51010
66761
12825
63524
81143
26203
86302
27146
46471
76735
56681
40155
21165
16044
53829
18665
4997
33709
58411
61747
26614
96394
85755
71515
42378
78336
16863
12103
63541
19618
91148
53438
43021
75634
6248
37257
39101
98399
45785
86762
23088
61920
20334
21595
16227
49284
41139
61498
53182
38820
85047
71178
24131
29827
79982
54615
81005
41310
21145
2806
9339
74198
63604
26853
85587
3242
97133
45530
9796
16572
79563
6597
87923
71649
38658
64693
76060
64160
55288
93094
37197
55365
58921
24721
34570
19970
29306
13194
95651
51632
56251
97791
77254
42978
77422
48890
98315
93480
36008
12984
52150
95608
51701
36609
59256
78449
83254
52482
91168
15288
78554
16845
86022
28051
65609
53974
15277
38883
92282
65616
73935
83939
49879
58164
60321
81772
29343
44945
94226
89768
66378
82580
28151
42304
40943
41588
3663
22311
65464
56120
36715
76824
22026
80362
73077
39405
11769
49203
77369
23448
33613
59432
1198
70391
39048
68211
45729
93537
76287
77484
49106
38309
58256
1399
48910
95974
88694
43718
87107
24021
50310
92965
73418
36161
28901
97111
61912
69517
85086
20916
70003
80139
67576
70778
56155
6945
81381
57759
3255
72732
95859
10126
46023
87980
7014
98406
18568
20626
31452
77103
50711
68050
62095
53347
73137
40647
86014
65036
41490
41936
6298
76211
8451
55371
7481
68967
70732
87477
45244
41964
14592
30934
40462
14375
28161
40184
46941
85437
29147
30494
78543
41286
38065
7983
70205
1952
18043
14228
97640
15507
20931
16345
16269
61319
66433
19647
1675
90652
80499
38047
27673
31090
75381
89487
62510
19776
27588
47720
25186
32953
93706
576
35889
10995
63392
65011
38146
467
85165
5528
50923
56504
89836
29737
21032
98247
14665
79142
47941
8513
38508
56289
4938
91100
2820
47453
65905
48577
45473
50428
74363
70323
89041
64687
21801
20355
80456
5273
97926
1421
81500
1207
5486
74970
87123
71169
41253
45644
68454
64262
5111
48446
99779
16672
94444
37417
95638
44788
8175
15939
99106
89569
54994
34736
31165
80599
67462
25149
7936
677
17791
9392
81215
46519
27013
37301
50802
29967
3976
31651
6199
20261
80123
81210
45317
25917
70543
72369
70242
84384
24717
35667
97098
81986
2315
91931
46213
70750
43805
6523
3706
16104
37707
67776
46471
95718
67230
53259
89659
57143
86614
65670
40812
76523
9740
78845
9445
73783
89418
5248
10056
95093
54907
23551
75960
82124
12294
99228
44204
35081
91087
80052
86162
97452
27945
90095
82553
12346
34739
49599
58687
17284
82709
13098
97769
59046
94855
20574
72246
23469
82485
72429
81331
38557
96467
8612
61196
14155
91816
64347
83424
68001
9055
54578
66055
6562
79507
43359
48577
19644
96292
97099
39044
39819
46560
92771
12383
41808
25782
16913
87268
91719
26982
20734
52595
18658
98720
47605
984
19332
28898
68397
20530
70392
66174
90686
8228
28131
47042
91206
79538
51495
71997
52601
27176
85386
33384
41511
91996
3695
96229
19387
88373
74902
77078
91705
41018
88320
1982
47397
7842
31902
42374
29244
90746
27895
76569
68652
73645
55874
84543
84251
94765
34576
37374
35773
19721
74380
93557
67209
85273
57209
55608
97289
23103
9510
80023
45627
93314
74469
49667
19907
26149
99645
83364
47636
9120
42752
61855
99281
8817
64732
67865
36121
19152
11977
24621
53797
37527
41304
71983
66638
94762
34773
62123
50632
76293
45085
6141
81235
47871
30941
75338
99176
6207
64635
58102
95120
51211
89738
26652
76968
12524
94276
58391
20541
89343
19486
78136
11126
84889
26226
8099
52009
2485
83028
25145
91375
37521
32731
71342
64035
36611
80620
51410
77875
89394
68689
29914
54516
53875
29501
2585
47789
14652
95014
54113
486
76381
41582
61288
56806
66949
95014
96346
21645
22842
23329
96690
23178
39490
66726
57599
18479
18395
62617
40356
31903
42866
80516
31146
20653
89572
23619
57250
55387
23640
60309
37357
7470
28915
24658
14994
95938
71443
14535
97085
41596
84274
29764
55032
66065
71999
6736
15026
87148
71902
84106
29393
52034
54657
22209
57620
95864
10435
40635
67234
43329
37763
40958
98004
62532
85971
89219
94263
14832
51732
61660
47036
3859
65531
98759
47629
13101
25483
65081
48654
82835
8593
70102
83485
39534
30915
85322
52812
6705
67037
19129
85503
30807
47301
53756
3833
43316
31760
92500
80093
82779
12473
194
35416
10241
37069
25534
86502
55898
74580
44519
70380
45353
91981
84398
34736
67661
57472
58469
31616
649
36406
87557
47794
32602
76157
16228
56558
11775
94926
4313
81340
32983
84988
65874
70362
8398
34686
73243
2465
5381
98819
96914
32124
22518
48749
40149
38826
62902
19019
36171
85843
73290
60883
79443
46372
24915
52400
2814
34084
20840
68975
74727
60971
70267
63178
37397
60364
26106
14036
26338
32975
84228
56004
26234
1829
39492
55433
25275
83853
36007
77402
93655
92755
58755
18469
8050
72099
5544
19501
45446
55998
31872
39159
81624
36405
24092
35943
61857
59340
11351
79784
12720
48866
92681
3196
1614
17285
34648
77614
6880
69482
27124
18960
98076
43438
75320
81971
2215
51797
55128
65297
54820
6604
68589
70339
1103
45069
74380
89829
77737
3548
93575
65935
72501
56223
64681
44789
73
55559
16854
90764
37450
27930
12621
75964
28873
12911
41082
38186
61085
42120
33727
10059
4211
46054
24964
6115
80276
22341
2092
56545
42905
44819
99877
3332
75906
61189
46459
41852
78756
30530
81897
46656
34943
64364
27846
26889
93983
92624
41466
88192
3987
36194
28743
35616
69821
83516
61723
26447
31259
58566
64512
77732
53466
60309
47858
92631
28053
9288
58
67683
66451
99229
59429
30555
60222
87070
75116
39847
18207
98074
12132
87652
80875
13900
52558
6711
16076
64260
33510
92390
99465
20012
10593
20190
66017
