90474
56518
30591
36089
74999
12321
99712
75475
67390
98840
92072
57294
43095
95319
35634
42949
13665
76915
9435
42842
7092
71972
74115
30006
19482
94248
19143
22350
62661
69036
46593
81816
33623
52309
48797
75052
31525
19444
60165
49114
3307
68363
80410
16029
65495
34688
98579
10711
45357
59500
42986
8602
40293
34403
89321
18501
82402
584
16607
80750
93178
77361
12814
98354
52247
10255
23671
90785
46521
60582
11423
94220
16749
60321
39534
38729
91562
58085
64510
84793
95668
8432
76993
3160
26049
37991
41523
99219
62987
30295
92650
30940
2837
79414
55935
25946
55548
82055
63782
55239
11017
7794
64189
84775
48076
48766
91852
79972
94869
50592
26939
24317
36074
31813
85082
84746
367
9653
72305
14255
68732
24451
27798
16226
67931
80482
91382
37335
4385
13587
83180
9506
94303
9270
73775
87874
44242
92218
55084
77282
46138
61550
4350
12394
3356
68333
94866
71023
94332
71189
25578
45894
9750
49526
86507
86566
79995
47963
16843
67594
57383
54517
75587
81281
67412
17433
30013
26803
58038
97208
40503
8149
54569
95022
68116
7182
20101
15404
12870
99598
85616
20358
43002
33196
88009
37285
99755
44776
22763
87209
7878
96279
75374
87489
19898
91621
85963
23068
44982
85922
38319
68062
12985
97124
30685
17428
91324
14727
81409
79324
66464
64591
35093
17244
81978
37025
11514
42390
93272
30126
17677
85237
4040
70829
89329
44224
32775
67080
75123
76495
21219
97033
70421
26947
61279
17553
7373
45878
2510
70580
45960
85027
63366
43438
20744
43287
61185
58129
5511
82873
80106
43572
29796
14856
68244
53081
64021
42156
7794
86460
84653
24244
39604
4914
58105
69431
94169
8145
55964
64424
29652
65635
39879
22691
84165
32650
21871
60601
50084
46041
83039
74645
61569
92250
96388
77646
67236
55565
58702
8198
53532
65216
38084
16050
85927
21716
45423
58452
85333
51313
49118
53039
2165
41086
53221
14471
3692
7105
30690
35594
31209
3419
92071
61753
3421
10008
62675
47353
8525
80458
2194
38604
49443
47766
10892
64435
27551
23829
36763
62449
87226
63419
75268
98770
96923
29999
72480
20482
39029
81917
73954
60131
24874
23108
76988
50112
73144
76330
12629
75919
59040
98069
49926
4875
49119
10513
3596
54398
30194
88785
86919
79863
70341
68241
48367
67790
28151
93301
64830
73421
37528
42193
8324
26608
6503
42062
13730
26334
70777
60780
91290
51220
11200
60844
3408
89156
13492
70393
49651
86409
26402
18081
90287
50243
94997
94091
89790
56632
74740
9197
21960
79843
11500
39207
38391
16847
89745
23318
98371
7056
96783
77262
83621
69414
97495
35699
68663
9496
64832
59210
54298
57758
43649
78420
47019
19446
51905
58081
31610
12412
52272
57097
51594
61579
38820
11446
39720
71993
22453
86561
99411
90174
72021
42595
89626
49140
34459
20873
52747
59298
25428
80293
91800
15529
54899
64201
36193
33080
92187
18944
64941
31663
91707
85958
54783
39686
25667
22041
30593
86048
95979
96670
87043
78271
59799
64123
85736
1054
88794
97879
84986
31031
5333
72312
86984
71979
65296
36064
6680
74618
75252
6639
79805
3508
21619
67748
98466
86063
87811
49939
23472
12418
90279
66698
63318
28758
93249
13528
55730
90776
78464
35139
44286
94308
33957
33910
26329
19394
98973
82804
74389
89603
15361
55975
10795
89339
16864
83535
56652
92051
65656
99673
13242
38854
74406
72568
40751
38635
8993
58226
78729
51768
80334
15903
96153
40113
62353
85496
69551
87709
41418
79072
87089
5007
75550
33869
97057
34304
55902
73979
11893
9714
56876
63679
25119
78791
21897
5431
19901
61389
93158
87694
10400
40746
4074
22620
9269
99457
59821
70682
26985
31367
13983
68942
50632
86584
12583
8234
63304
40537
75510
6447
82732
35014
46333
69015
94892
16655
90784
17362
18215
56921
65594
8162
94551
53723
68671
46342
933
52929
24599
97600
74482
85220
46993
80525
95730
87933
13046
38535
66207
13663
42127
79364
85878
86710
4962
75386
94413
35059
27728
92613
8673
42459
52467
70064
65773
5821
74391
96909
17912
66241
7301
10375
15937
77910
31965
97512
88020
65807
73284
6959
3609
52248
51154
4552
14793
86230
22284
7840
48761
93285
51929
65873
25200
31986
88926
32022
32752
76929
14752
89908
13541
16136
20622
99966
6361
31752
63426
7967
54745
7449
87365
28605
61774
20769
89004
56424
91304
47915
55270
79542
83537
66551
48147
24627
14311
41427
85174
83951
88984
99942
64759
11090
51055
83376
93417
87472
31625
51188
98190
83041
22803
14316
53095
41311
5919
23323
4099
4431
42981
32502
40718
84837
21659
35209
6371
46990
67989
95995
85654
64934
46578
79475
18983
54803
42690
76275
77550
78398
27351
1532
24798
40116
49725
72228
56738
69220
13455
6835
18707
90988
37328
80742
40969
56481
59223
79922
89431
15845
77005
46427
19482
35630
65534
33255
36462
43328
95333
98292
98621
29644
45772
25700
77080
41449
7704
602
35111
49430
78470
37150
33534
61153
77287
94665
27606
65835
38505
62501
95579
62767
86843
61704
1393
80923
82049
89168
74581
16469
35765
13409
73886
15163
8214
89063
45216
11627
3662
99520
48777
58621
44810
40000
37374
39854
12893
58329
58342
70868
5649
70627
4823
32832
2712
35854
42800
84068
24307
96156
59400
18535
26020
18642
13664
65061
63263
18370
52939
88223
49449
15978
62173
38984
13724
36957
17956
46843
24329
61538
68030
23719
30825
3713
10820
65138
8586
41054
12450
72360
46263
61147
87320
7505
40120
30241
32600
26168
26335
72313
76591
94522
5390
70118
21418
89670
8454
65838
19108
65754
17897
95956
59738
62768
28126
35680
87710
22307
7822
48526
56474
22208
5919
80579
41960
88301
28658
54667
98864
83482
4357
91788
20507
52016
84947
73507
18329
60706
82294
21150
56684
42747
21946
46695
54463
50306
1409
24551
79378
4439
42531
10293
18346
77809
15839
54382
88602
24811
28158
33117
61011
53786
66973
35625
61397
26108
75449
7722
77821
54619
17350
27004
40012
86671
91842
13726
262
59224
26115
91654
86892
4107
75288
94425
40951
94063
73442
42698
36176
30564
84904
93518
32547
49177
60138
2897
75773
86320
85297
28354
74857
93687
46730
24759
87088
15526
70280
31674
85966
2112
54119
29378
98695
36504
46225
56904
78497
72548
94674
67334
52665
32750
71545
47256
69714
23832
94456
90835
26533
88945
37953
13942
73926
97761
16796
93204
57376
50529
7336
25424
23782
41768
56732
34064
76444
55526
94823
96043
2951
3234
24399
3225
91645
17963
75689
42107
22141
99474
55044
63256
21070
79445
5140
97021
64159
40177
55452
934
19707
53020
99527
27968
65212
69250
43552
10897
76017
37480
70811
14188
29009
98413
87883
23298
64546
34727
22296
55963
22071
74689
71063
57902
95485
44079
4353
44337
36627
59711
69905
36267
73
93888
76335
49931
3706
96431
38013
22395
74411
64792
66089
84660
28662
40855
34247
22657
91561
81842
32475
29431
17880
99489
78862
45018
81957
41625
32482
21132
64896
99215
74269
16306
67575
34543
14114
35120
22077
37951
19591
68114
96714
99901
81552
57279
8599
86402
29239
54630
9832
81696
52775
54785
27235
40473
18387
584
15026
31316
67974
62081
63948
16880
57499
75195
90522
49782
17085
94118
26740
99127
579
53609
62250
64360
32717
17978
17936
21582
36418
95555
12385
77851
11300
83199
46439
19483
89070
27101
16156
13530
20093
90760
69977
57510
4166
79833
42402
6356
66756
58817
69316
35120
27890
10705
81116
99165
92535
62875
7756
408
82648
93443
94898
72419
49696
86097
5580
74299
28756
71038
60711
89983
77962
13210
79033
9819
83632
4739
60194
52883
75576
11580
54826
77601
26238
77264
49961
594
2083
47273
26948
26195
19344
15748
30882
26650
95862
97558
7814
18068
74253
68102
77599
95717
98105
79332
57158
14680
31671
71297
15533
87795
2681
54873
24831
71067
38617
17296
46180
72431
36135
4985
72216
81482
44090
34516
70639
62214
82328
52382
13956
86074
96925
42125
78629
7474
33981
59108
79496
46906
20106
35281
68923
30786
31739
39153
23513
64471
90916
59814
88033
78566
51377
35382
81932
69267
95886
96116
51627
63588
8693
94944
32351
79289
57340
29459
90869
60556
76244
17357
37086
79508
37799
99274
52325
854
36062
41430
49742
4936
11002
6168
71297
22513
64349
35390
34696
61543
60192
9361
11588
37864
7480
15908
38212
25162
2929
89633
73445
2280
48284
62957
88227
73559
22728
8524
40766
52103
83057
81078
33205
54455
46373
46691
52585
2525
23646
9838
14939
21950
94763
29326
363
66882
5769
99222
72028
21891
61061
27162
97925
46428
67985
47462
56652
48044
17941
97737
99785
55824
94623
82593
78485
79114
76156
57132
91490
60789
63322
35687
1515
93091
74693
51494
7517
18957
62594
21344
67790
23506
36496
18875
91041
55894
83152
86776
86470
98911
90038
4540
84584
25909
10053
59115
27326
12169
50841
21249
90726
48636
7731
11239
58568
25373
25647
4834
71734
16490
39945
37694
85450
96596
29947
76278
19328
75748
91551
22590
95961
89379
70661
92579
70750
58781
51103
75605
83037
15578
24167
95347
68116
41344
30618
19153
15774
25257
60306
65667
30246
78318
15042
69980
58965
52343
19090
87987
95962
33774
39786
51578
20618
28250
25288
1346
77975
15152
40488
99787
74270
50042
21796
56155
92322
44598
69578
44105
65977
10793
60503
94071
15442
25883
92343
17642
74337
680
33614
18407
39691
63115
79643
49263
75792
72589
74728
39865
16056
29271
41177
622
84769
60519
91397
80204
56522
58886
77658
14366
82764
74984
22010
85168
73270
45714
36136
94734
35907
7645
27009
77295
81538
22080
60095
11154
70398
72532
80363
19732
69870
29712
28048
36706
69615
59881
9302
54923
34486
12138
61119
15450
23022
19247
35642
64706
41105
94474
75992
30077
36453
79994
3958
8411
2261
63882
19084
62688
423
80242
9806
83990
78522
57925
44496
53052
46936
85303
15553
13389
36412
81212
60248
23768
46526
11558
54272
62290
86437
95389
70049
75923
96539
50286
83279
89875
25754
19637
34444
5733
40796
46614
54499
54244
2332
77129
36928
65097
74750
82590
17769
55801
78921
62603
93665
55240
19746
80190
61884
90702
9609
56794
76250
5033
10192
33882
87450
28236
74645
54620
27297
27298
50859
9820
72593
89798
26713
6003
21435
69397
74630
89175
87539
3847
77619
14248
97001
33936
56620
28038
70129
45564
57752
43741
96123
84002
70363
49466
44051
68450
89678
8691
90451
20130
55292
90471
4941
69101
90009
3867
28527
13742
58754
92487
16072
20434
69254
72403
27413
95944
36880
53513
71615
46606
84490
81733
69545
7118
13696
88590
19434
77247
61952
52985
79718
65939
98724
67409
48555
87148
9306
27900
43926
52753
99511
56387
86809
65265
27669
75688
14748
97960
22052
48106
31569
36165
37075
43844
35639
73558
20925
97823
55404
1419
84432
51280
51789
5768
12769
50132
21710
1844
23848
40265
86638
8980
9586
18862
47095
28103
94923
4280
79448
38007
73842
21474
55195
13845
21415
43552
28863
54879
31770
74996
66223
11482
72495
42507
68320
48231
4597
81041
52495
77536
53978
12903
74112
81786
61468
22589
26578
18213
96749
7535
78635
16644
18375
17397
27576
62958
96084
37943
84353
69217
21269
66830
70074
48851
74042
75155
36484
67079
50542
98863
23505
13882
51784
1911
84029
60939
47361
73408
52377
98826
16973
10650
58130
24234
96361
49578
93107
55098
14930
5361
52146
66654
96688
83278
56267
87147
42828
25260
7744
86312
86104
59499
67670
97885
84030
64752
64859
16463
33367
66637
15597
22676
85566
85527
52243
10618
8700
45840
52490
24463
82048
81386
52148
45180
46717
56851
17194
68506
45644
96881
18110
22100
65664
66064
12721
57474
42979
60244
40203
31608
84718
76644
21730
48292
89764
29469
81088
11161
31035
45648
78447
96988
72770
83280
4264
4717
7351
22490
51167
27179
47557
96353
70818
36486
48527
93496
57012
19501
72805
94769
67639
48455
5636
20881
39745
5403
59656
3855
55415
17247
75763
6033
37470
99995
18434
21121
49330
82383
61800
8003
50122
20488
9077
13024
84050
88364
5825
85243
99765
96268
72457
61586
38355
36266
78009
29991
91352
51888
43534
98860
45061
3495
67075
33920
51416
41524
58882
70823
18052
27405
44165
74628
57700
64801
44646
47150
39378
92611
36830
51380
99578
74412
4090
59147
44790
14176
67677
1204
21986
88442
29769
97442
38848
62939
62942
46627
53413
75157
61608
42526
29482
35002
67191
72359
52102
97828
3885
73553
91619
30859
90613
98740
15057
92154
99281
70648
99404
7927
89129
37239
73846
57677
48837
29610
97636
46723
35780
94761
1859
98018
93736
64221
31003
94304
21898
64576
7221
31731
7044
46961
10290
94123
9584
91127
97829
31029
82384
46694
63657
92293
47223
45485
86027
24368
68679
71804
86165
37580
74722
5379
62048
9124
71694
93601
37122
26392
67736
20753
70255
34705
63427
67672
883
42168
26949
79722
48092
57709
31780
66607
64339
89085
31103
9565
50795
48251
78193
6635
25624
50094
78411
69640
57009
1665
84913
1165
22429
15983
54004
71437
63292
61630
76438
28952
28866
79550
44602
43859
97419
88957
23711
28455
5800
8115
41039
72962
78021
62128
42806
88871
48198
61101
95128
20161
56294
93786
10663
99218
57254
25783
57293
32109
3705
60343
3315
2708
12647
2150
80699
71244
3648
34334
9215
36667
26382
49956
63840
48893
60625
11950
23144
60300
73177
65133
23239
2190
66501
56277
72658
35079
68887
45384
86604
71635
31664
91602
24750
45456
4800
38331
60315
75870
81429
71561
85222
13863
51885
58461
93778
6337
29946
61769
38592
45304
2638
96992
58931
38571
37104
1124
36206
56369
29492
45620
2356
58264
47730
37580
5003
34780
25206
18384
44093
22294
51635
47273
78871
1615
79911
9375
50304
8040
62498
66320
5133
7117
6791
41300
68996
34671
32670
86178
8351
3675
2124
3945
46378
35808
69204
26957
66132
14305
53458
58997
81131
11562
17675
16298
93668
55365
18121
57315
58659
27728
50819
28166
93871
63172
40486
95238
51473
6430
68583
70331
2109
39027
10032
40417
20169
47689
895
43062
32410
52954
43243
35999
54581
3500
85188
93571
89441
90493
47631
13631
16550
75355
27518
80623
52856
73958
10074
83206
95322
73966
75484
59701
45722
83127
56887
42104
1529
77258
96129
45978
54469
75058
24904
5705
84485
14820
73585
90370
77983
46915
5796
60980
58798
54951
53781
26754
11508
29409
87561
46211
37615
17689
47740
58444
77470
83541
90277
71454
46612
43084
92041
12183
94364
1653
59162
41491
50450
21813
96137
38036
373
19703
5222
48406
68169
14504
902
90770
29345
30133
30595
72120
89697
49918
8362
36779
27318
66460
28235
943
24543
2130
43757
34898
54874
93613
66615
57145
95789
12289
76304
89695
33271
49525
45837
17911
12466
99334
90275
62966
82638
99506
42108
16479
12489
19920
22486
44446
93290
22382
14173
83990
93578
95194
13493
98242
75946
70324
93531
74556
47888
43756
94980
17056
53828
40900
38849
40172
4080
90451
24312
27983
76184
65268
18305
25036
60022
27277
22408
34954
71126
22169
63855
73407
98115
92314
96116
38076
36031
47595
41965
42142
5802
15719
15078
38881
4526
25052
62651
71588
81070
82314
40365
2839
98069
86189
7805
28309
76889
88456
38219
48668
47915
58577
3429
25718
79901
21573
18940
61513
44783
772
4140
56484
48485
82170
22181
60465
50190
79423
20510
34970
64626
50819
53883
88811
81803
61016
75337
11925
84508
67806
61187
47574
9375
93297
94226
47224
12289
89359
58980
82952
6111
1137
26805
80297
78174
83881
54353
15899
64008
47340
78118
97465
67946
3249
84041
97095
4693
14617
43914
18884
46236
7014
77005
76976
39585
56565
47109
55188
87944
74956
48176
60830
20443
37557
28858
63488
24014
73586
10637
97922
6663
59438
47917
37168
89688
63722
79628
6125
9255
97130
42531
97671
45445
40095
36716
99096
24132
49828
40712
21608
36772
99165
27955
89051
99164
17288
77022
30388
74391
20552
73080
31107
3980
45991
12221
86797
59097
39836
87288
75863
76937
40983
45932
90813
32425
50504
15385
80347
841
29761
39356
74186
32873
89028
61150
7498
31483
58866
38004
72400
86699
49239
31734
88702
24049
11423
93691
99454
27874
49918
39999
84296
62539
64849
44671
95788
53232
37141
56626
48659
1902
96675
29547
44629
81196
98894
98233
14951
84840
4723
55314
231
1831
14888
89163
27698
9248
57230
66763
21001
56812
15931
52472
50922
89762
55060
11647
68024
44357
65361
54266
94341
2239
89344
70497
90024
19691
87105
7506
25155
13190
78740
14613
23151
94604
39768
82464
47650
75685
16973
86540
96001
70378
35625
91847
85971
44202
78625
54866
26136
87246
30208
70594
19478
50457
60972
97991
12486
44391
99139
8006
22142
49723
41607
7810
78071
1317
29321
56317
49993
72595
63996
92338
27383
78821
58264
23963
66614
97497
84525
45821
41066
32238
81370
37908
82981
8146
95134
72694
33632
41777
69978
3259
76546
8966
64397
46277
28770
27814
13775
84654
14881
22307
4873
53540
23250
37870
43210
40657
92193
37009
31376
14988
59865
53317
66940
89903
68353
3699
24829
69925
6183
56627
22685
8216
2616
60737
15792
18417
14424
11986
95192
38800
83721
99871
30940
18759
27365
27829
14658
45111
64936
54476
80501
96622
10400
54989
43393
23228
42025
74493
77924
25071
2985
43850
78470
58253
99621
96656
50923
62513
22077
24792
26233
80206
41817
92576
31267
59994
22376
48181
62538
40524
89041
79717
4988
51706
76125
26063
97816
47627
17343
92563
76391
39930
34061
70120
35815
39871
21400
72686
19137
30709
76905
52144
23034
40143
28243
294
54805
17823
23722
83398
852
93844
11955
37400
36030
23267
38861
26764
82128
73558
98840
3296
45169
29514
48400
86303
46145
71696
56761
91396
38594
49690
29043
31828
63618
36896
56683
64845
23462
75831
71257
79992
23904
33944
91711
82547
27974
96661
34090
12547
1009
94635
90558
45579
31868
73609
6974
93519
91742
41940
54149
83108
61062
32326
44804
51162
64800
80126
73781
99134
66584
74016
3301
6296
2300
18848
79391
11225
37802
65853
58328
49483
37606
44214
90386
43958
59131
83464
99960
90009
29921
63163
73102
81522
21682
88149
18929
91578
89139
40549
17746
47848
22879
34955
45963
26992
91333
84261
43279
13020
94217
95749
55717
25889
83612
4665
45502
16848
41939
846
92030
81335
80166
83772
69212
3420
914
21779
84614
14151
99918
87812
22085
97253
48106
10480
26603
2650
98251
63394
52624
74869
40185
86939
95791
34172
7446
47212
97909
17016
42646
2081
49639
88293
48518
36411
67681
39106
65743
42542
26078
69553
99646
29128
13102
6404
73663
58463
77782
73132
78062
42851
18597
78545
48221
17161
41150
93227
87980
35039
95974
53701
23870
67598
71504
97837
38173
33791
48735
11695
42798
87496
36906
55708
37316
83071
75222
11057
73837
89387
60508
48983
69430
24777
38954
99794
83483
71094
40072
31357
95260
74454
51126
30703
46567
72376
45683
32048
57623
15265
68231
39872
9727
66086
30333
90565
5944
62888
41228
65150
41938
30092
19389
98593
74530
46991
84271
99092
28644
71709
14353
67078
93718
17378
16434
68344
36370
6202
9140
64939
37387
43174
53433
58572
21156
20636
39255
3343
94443
48389
93849
20595
29865
74922
89418
65167
55064
52532
56173
99576
88104
46590
3404
85914
911
1152
46153
92349
49651
61989
54194
99742
53747
76289
27762
98764
76658
60817
77437
53894
7735
80928
4649
80255
77859
93757
37213
18796
27959
51266
13279
83838
50029
9564
76834
90796
39770
67519
57660
20004
74482
46905
53691
32453
94194
94107
66847
53576
47159
90654
88509
94247
75095
2278
91840
7176
41941
23148
8054
7154
63938
27357
64390
98384
48710
70355
49712
44183
99454
36965
58993
9139
3157
57433
79411
60830
27236
72195
86060
83751
26909
83637
71636
37304
62757
19031
8743
47751
17723
69658
48855
16621
59464
50506
56065
47125
82514
55306
83743
23838
44395
22664
54122
10193
31660
79369
91090
17661
22867
31010
79940
69745
37088
24303
80244
80301
55721
27086
35626
29678
61612
1961
26459
29795
88110
42372
49674
52650
1367
32286
78315
71929
88452
62221
39355
4245
29514
61442
5643
83388
27941
91081
24884
86713
89717
79110
79532
35161
70261
75764
91403
55428
19679
54064
62226
42434
96204
24326
22083
89288
29694
38439
16294
90580
52694
8010
81293
74866
84947
75998
50786
94278
21443
52238
1737
70530
77077
39746
40078
8999
62839
14513
82389
25603
40882
22887
52250
34388
99995
96921
8041
5188
39358
16355
53693
89501
74787
34303
34018
81707
97817
4666
50214
94263
24977
97125
33985
67441
52326
91695
65357
56457
84248
13083
26448
15181
56050
90691
49698
29806
55760
46904
74871
88025
67957
45598
54920
5087
98545
12236
95743
42773
5727
58371
11182
58173
64298
88125
626
43757
88902
84808
82061
8299
31564
51583
20940
26274
89906
38511
33451
84096
84605
4211
25946
50912
29794
62188
26305
79379
42204
28897
68896
40090
95951
22583
50729
25876
1900
68274
50882
67924
90065
5940
40904
70951
64842
66571
56461
16374
24657
28645
15181
60033
78785
11647
58168
1516
32424
60270
28379
2110
61820
21246
1552
60005
15912
41971
12348
8980
853
95063
24373
21632
87629
65526
94031
78664
63307
54995
86069
63223
5726
9931
54721
13558
13716
8863
61305
84304
64415
49213
93452
41630
39895
48772
6104
68818
4387
80898
55038
22871
54223
47481
15520
29594
4272
93548
72403
13258
17616
79503
38208
77429
74201
65155
96383
51888
66525
87994
46289
7049
80666
28044
44564
51639
1611
82743
81737
38857
59422
25212
74277
82408
99956
63197
8999
58245
94410
25127
9286
20167
36459
48046
66687
84912
11005
16023
67428
74739
52388
54215
2292
16393
34609
47988
42204
26179
2917
63881
27982
21528
11811
33546
53836
92403
5225
55799
77473
11003
56156
38138
57478
41398
78707
26121
70590
32620
61356
59651
40634
85588
15314
6998
86468
5206
22920
57883
47799
51967
20993
82820
55327
30529
97144
87757
8356
2912
94210
74283
79686
55205
38549
56425
18583
14249
96737
60894
37685
8487
77398
9584
64822
43265
23246
42394
6214
4812
47077
48629
69483
47341
8000
25505
90010
73335
82810
26949
44253
90950
17765
67677
38409
87072
79964
85428
47038
58889
88415
72218
8469
62025
20198
39311
74569
11408
17998
12062
7282
54749
81543
3543
55835
45580
4800
32344
47205
13044
66415
45247
31439
69788
16641
46735
90722
9720
71174
77749
63300
37818
95356
47325
16397
74858
40160
7457
27143
68688
50936
78601
55336
70748
19666
89503
9407
14221
11842
92829
82272
47619
38223
33993
92474
43167
40779
38681
45384
73462
48589
64848
40233
40248
48761
69463
59392
34217
87146
80976
5420
97342
5201
78516
62107
87813
89910
60691
50121
27137
37328
76501
97878
78345
95477
15680
99595
61362
54850
73230
34079
1478
62073
53681
20099
86088
38367
15088
21986
50202
30111
75189
27075
30866
87409
84929
42418
59706
71885
4660
53256
80088
88559
18247
36134
72088
66969
61888
44771
33080
69868
98030
79367
13916
46896
3941
35269
51520
58416
76019
49446
74822
38704
99918
97026
62139
49425
67012
90936
10547
73262
39888
89476
50190
19973
53991
12918
43825
17546
48011
19118
76478
70316
88905
80334
32080
95822
13159
83969
83467
49659
90898
1290
95866
55214
78434
41383
88641
21221
73995
22662
99957
70952
34223
59818
29979
8553
29176
93942
92905
91022
91443
33973
10404
56901
72967
4505
49798
19584
64945
66316
36266
83042
7468
60888
82363
38598
93610
94975
41539
12607
24277
22604
43551
25349
19160
5526
36093
29087
50354
23527
66645
19216
91064
92445
58216
56924
90885
38964
82247
73928
91585
69057
56275
7678
86395
16915
63483
73335
77454
91381
14942
34201
52402
80298
66745
68839
90422
85055
37741
67440
68411
20711
69229
41417
99671
17049
91978
15023
2671
25438
47713
54646
12728
67611
21021
55220
66328
35872
38954
2245
42042
62758
51632
58973
8584
32443
66813
10765
25699
89377
66502
5830
1222
14806
5516
70873
99827
14858
8006
69345
24936
48460
70663
52016
43667
60296
21473
84791
59276
11524
2510
54549
46101
35496
25398
5653
69079
10255
32832
67227
50236
81212
89323
13294
58936
41883
53423
97921
62094
50148
55392
51470
27866
69608
77308
93581
92094
99616
15305
48288
10970
82022
51489
14175
86866
11953
59728
65726
89408
99862
1794
89571
82025
40778
19109
43724
59137
57368
93079
1784
6872
23552
22697
9128
56131
51039
26683
76492
58188
31816
13559
69463
94949
84544
56257
68214
29723
75148
26427
46982
82154
87696
8512
62231
48353
65821
69445
87087
50499
33584
34444
34725
6536
13521
41415
87418
59324
42360
58043
35827
85270
83236
7538
57592
86303
32330
94621
97481
84521
50895
14000
83989
30941
46097
19630
19175
15039
60465
60774
90310
81594
39596
25993
24603
97371
78833
62927
81428
43128
68839
8889
87362
17104
90600
61712
98917
80158
50920
75928
16023
71199
71963
2565
99603
19583
50455
3784
60438
93891
22239
72378
98859
81586
67732
54232
45674
57242
82934
60220
7469
69403
13193
54353
15681
42005
26637
66884
40340
84385
20712
39017
64118
84537
44751
19110
9631
37030
26389
5020
46916
75049
2488
87536
20888
96460
10030
5776
49371
36368
16037
41675
97223
90700
68458
46620
58006
17610
86884
57597
92945
83570
63444
76053
73179
83222
8260
14322
36835
48622
44601
8644
30852
77914
13303
32420
66914
25656
33465
19221
31975
20861
17512
3972
68347
79037
41794
73418
16078
98130
61103
92020
50145
68791
12074
63345
11604
26434
14357
37665
88200
95708
68941
749
91766
7393
10822
19308
77396
36037
79705
32350
84145
67663
25621
72084
66058
59471
7706
94142
41428
34842
98243
38704
87518
52580
58498
62060
65840
49958
20815
40480
11298
95799
31020
36267
51920
16762
12205
60953
68214
22485
96021
80040
18425
28752
7875
82482
43169
39989
97287
52133
18728
20215
96237
53357
97464
30236
13230
39185
48895
48761
53468
27438
15221
39225
21052
88346
36642
89354
20164
49295
47266
46752
25927
18943
38820
18202
20278
58765
44705
76015
18891
25850
52670
68682
21752
91082
99561
77663
38803
21683
3532
73019
12058
19453
69016
68583
64819
79200
7700
19528
45840
53815
19825
47991
4867
71975
94288
77294
14536
79262
9958
54464
94480
72879
29870
27618
74767
46539
17473
29969
88785
58979
50551
98480
45763
74246
34694
6473
49926
70237
53383
41078
51065
25176
30174
65075
6024
4678
63815
49776
96794
22266
63126
59540
11725
49067
78539
39178
89583
41398
93815
18280
61727
77731
30743
86861
3264
21345
2228
30620
37280
87814
27368
44299
25879
68879
3399
69303
42704
64794
21593
70088
82723
67696
33174
66518
95853
91010
86755
96696
95706
95515
16890
8528
76421
35103
79351
73334
94432
43313
61810
84679
2450
33194
12496
8980
94898
18826
33661
42845
45667
9235
96473
24788
19805
23727
35556
94030
44556
64225
91008
12254
34589
5532
34914
41765
70923
18840
67877
90776
89528
30065
74871
99391
2984
36913
67638
49528
55200
24194
71620
77026
57348
43909
51028
86470
99041
92102
88722
52694
99546
85320
28778
30207
52305
49556
50089
96918
98280
70731
38056
76058
50948
42885
53317
15602
34364
97082
21803
82891
56088
86028
38830
20362
92605
13981
54906
90680
54503
48443
42723
78821
30117
15183
91229
4208
1287
44664
47085
53428
86823
70720
51248
84469
86137
95562
26077
14462
90592
35426
52106
1959
70298
5831
96605
13518
46489
8415
37601
38324
94650
59409
42414
49836
28007
59235
45940
35765
51655
49108
14315
89700
49997
68375
96067
85368
34779
54361
34224
97043
87903
40443
87
19076
96337
40763
8523
24286
18577
77711
57719
92871
7062
8761
58778
27413
28305
1411
56461
26902
49621
90311
62806
41484
21111
62405
51961
1922
9763
11236
78738
92127
74190
40558
50420
54206
59322
23337
53498
87243
50711
21654
17188
73943
91389
21443
82638
41236
9597
68654
57063
33367
97900
7322
47421
97592
77636
58603
97965
33932
88802
6600
14522
7340
98973
65591
18680
66503
58340
4571
68091
4967
47913
69217
76190
27966
73123
88862
50094
99667
79766
10725
92325
41109
54173
45370
94227
66868
93136
52828
76570
718
25372
19566
98441
44111
7131
9847
74970
25797
2763
16135
82895
5025
562
52095
85454
28683
31132
19455
24469
88773
8508
98298
54165
78076
14275
73413
53167
53602
71364
51812
73366
5512
28001
67372
79595
28346
70775
32078
20834
63275
13892
24296
96904
63631
27829
87300
40546
2077
59916
65544
35735
73681
28359
87796
92210
27074
65401
20364
29836
33718
56679
21367
54433
50951
42768
77382
77024
33189
72500
57108
57907
99053
98620
61193
74881
84211
1393
90533
50247
26974
32866
51090
93686
5820
16076
99685
77153
40204
75162
52521
62945
50410
2242
87116
6595
92524
69863
45952
20863
50446
10276
7357
29576
2807
7636
36682
75060
67165
12915
7998
25680
74867
70117
2861
851
5589
27681
48613
34875
43083
229
36819
58026
19979
94163
7496
96810
11504
54597
82356
14348
55441
69670
99800
16698
25509
21513
90878
98183
79393
24624
9987
27289
67164
26841
88077
80293
99381
86265
1006
64843
21249
11077
77779
50217
73456
49330
9597
8644
140
39871
63556
12568
30558
93649
70239
5197
70317
86162
75341
84075
36802
50430
55481
18458
90241
9530
90861
93137
6085
27203
97429
25239
53591
17513
93099
44363
91890
49582
43242
76178
11915
82234
98043
39522
61068
97419
96730
73515
56602
82880
9976
13218
10923
16930
28040
70819
55596
59321
59976
63926
58469
16459
2558
72937
42442
38317
58977
13045
550
25875
13306
20734
42920
99163
72160
54568
52386
15958
57389
92821
12799
17346
36535
23205
17226
84210
14315
36660
89472
22279
88766
32569
89606
79315
17709
95455
79675
25106
97080
22751
38442
83685
72964
30726
69573
89241
70298
11759
44770
73472
18432
39638
1931
67154
51126
41122
79923
79353
55710
58231
24001
22316
23572
78270
37109
80737
31128
63604
81454
76704
74892
27280
18878
34638
54378
29114
44382
5809
53632
27984
13911
2556
91890
16000
3846
49128
30637
22451
28188
76587
15531
322
69395
38848
98750
16125
60113
94693
93617
88835
58113
6693
30305
68066
98580
91152
20759
67293
12775
22012
96740
74114
25721
27725
44320
21444
30426
7572
74424
87980
50100
8676
35415
4867
61172
74570
57884
80030
35887
38253
69001
49688
12192
64796
69871
7217
72250
23824
17420
12694
28369
63344
9675
6176
79847
41417
74601
41670
94528
77305
85699
52540
20269
5636
38735
49436
71277
25438
6893
24009
33267
40729
31405
74522
53011
47051
61921
60924
57854
37102
49193
6602
90152
61729
59611
86756
99001
29239
25020
19754
99969
16214
85501
58582
52553
16460
29418
6556
26061
20434
35940
46812
16930
93410
79427
87639
31938
35152
53165
32795
79495
13676
83816
57426
28111
79097
62388
58540
46025
51979
50435
42038
418
87138
24040
17052
55227
72823
21969
36550
17632
55365
34863
37419
1162
2381
89671
96741
82301
71971
54817
63848
76074
92224
40258
86292
32397
28075
30470
73456
54071
70878
60530
74082
69998
93901
46394
29791
69369
62374
32412
59115
13183
16614
15163
24130
78813
46396
56264
25730
89425
65646
76238
74053
97161
86586
65963
8193
46879
37747
84655
27151
42353
48512
82479
46753
94834
60781
67420
7260
55986
59879
27372
19927
39558
95702
50665
59460
77061
16128
7479
86001
71811
4739
84030
88424
94640
86477
76920
83412
27937
38201
82911
31622
77719
5260
16762
64670
34134
68409
29295
18031
78975
49003
69744
29545
38274
56311
34494
1459
35920
6503
31132
30751
30268
98654
55339
37613
64482
94054
52113
8357
83861
84008
79322
17785
76968
95750
42207
34298
78939
85994
25325
8652
86833
89447
7025
22807
34995
54484
50149
38328
51982
75460
47491
21433
7069
52160
1353
79065
49920
79148
188
40080
16295
20937
34170
94967
69681
51958
52577
42524
14103
196
22519
49925
81178
22479
43917
40820
91628
32532
2618
9997
43905
13784
56375
8400
36517
57888
10716
24807
94396
63142
84377
99791
85806
85244
92356
65896
55276
12058
53126
83036
1907
7624
24224
51785
52941
97565
40255
84589
8242
60532
87436
17388
76530
90191
96174
2510
64562
25770
58449
11792
41242
27769
48128
50961
15819
22728
64119
95933
30123
78021
85543
79570
79405
19581
8089
36280
89559
4589
55459
38951
17633
26127
16564
33863
75705
66988
23260
95614
89070
89845
1333
29506
53608
41334
41793
74137
59495
73263
35966
30212
33446
44321
54465
30221
74989
7865
37983
56948
82101
59893
12951
59972
70311
19498
94159
15115
11204
14265
75255
48831
99467
68504
6863
40277
76687
56037
25962
38071
77788
33952
76784
16296
68623
25246
5505
73312
71661
86343
58874
67839
29004
66312
13512
29176
76894
41360
59194
34109
47175
26677
62932
45230
98007
87135
30745
64941
37457
14187
53533
18951
81903
99912
79160
48149
83109
96654
91349
45065
13992
20846
43454
24861
55390
7416
19826
33155
54991
77687
63383
35327
96842
91852
90896
51110
71019
31554
18289
81488
94500
40564
35854
57473
32810
39922
85936
29092
87152
65363
46067
80239
50010
14129
20117
26328
83223
38071
89839
90591
67308
97590
9949
59769
50804
18206
22108
90050
9016
28049
77130
51554
78365
9861
50564
73428
84992
85980
92051
15467
21479
90734
46002
89628
31620
83144
85316
82713
71735
64567
67886
32947
41714
27698
14179
96910
30614
76085
6669
14603
17814
95886
20075
59102
88232
94512
1874
40149
63564
46688
41336
97242
46020
74371
69111
76573
51587
20321
28149
67660
32890
39394
18315
44448
60162
44182
9840
50667
95681
53653
42814
8907
79311
77447
97653
25593
70659
86900
1395
37108
81269
45167
19148
25046
23231
70643
86927
67342
58586
37606
45323
10293
47935
39009
81713
78419
77570
75626
98940
44049
84672
51206
44467
9911
3874
32429
17931
68573
76718
43518
5914
64687
18925
91041
86390
87723
20246
93268
21216
89518
57255
42497
92081
58075
8330
32520
60971
40301
95733
19233
48022
95032
87959
57346
52435
30062
699
9237
21172
90802
52712
18353
90624
15067
31692
80635
91368
56894
52619
93990
58173
84302
54409
9421
86794
42174
59125
86391
1580
71354
71457
77630
72840
57484
95496
10881
76727
61579
38605
56327
87023
11008
72096
30414
36806
38901
51872
77014
26383
27694
41152
4076
87682
1742
61059
63719
40622
78538
70551
10261
70937
14308
7656
49818
19344
75081
45513
33139
19570
20810
3908
29789
18289
96291
6967
47164
12206
23995
72614
47892
90302
82111
60007
73886
30201
67380
89948
71097
96424
31776
70259
98188
91027
28344
85390
72714
3352
22278
11069
61724
93387
18732
57443
5573
23786
11362
85787
91390
94775
13895
51513
16626
5923
22659
19958
88825
54300
33770
19616
51963
85133
74416
36715
87793
50550
5719
38762
89945
10901
34252
43812
89928
12925
10890
54504
71569
24667
54434
50100
18838
81593
98557
76322
82529
80263
53632
92265
68367
8385
96564
18414
69581
2661
59105
76591
18971
82017
69649
55023
18066
72600
95842
80488
60522
70082
61585
3701
95033
68154
48389
64158
99866
83670
777
70370
86575
98093
54185
7530
96917
13454
70394
81559
14337
15838
74231
87266
53819
34298
35533
89551
55017
99411
32033
46237
85750
18069
15800
12447
18678
49931
97231
213
59995
32406
18548
85911
1884
88735
90015
20877
27831
62119
58105
4612
2206
14282
66151
44683
95850
74318
49881
60734
32621
58837
9140
454
51636
54539
84620
68506
82293
41738
88851
46985
16222
70180
21564
81931
97290
88319
85382
65084
44283
14655
61720
92897
41305
27421
44031
71467
51918
71116
16596
44359
50
36497
67591
1158
23265
18093
34274
47344
4114
21509
38584
86093
73268
11119
88390
32026
92718
84219
47392
7530
88936
84796
16451
17966
97117
16242
59148
24215
10508
13152
16587
11176
25141
44492
46935
79724
2588
20406
58665
79197
54045
38038
60969
22773
76070
75626
19629
30186
39031
12004
78749
67698
23724
9065
55423
15253
20046
49625
4040
7023
58944
10059
36835
90962
4921
27407
60952
28776
64183
8665
29437
72311
25554
68195
53485
50898
23827
93677
41895
21490
96612
28962
85184
98503
34402
48889
87452
16075
89068
31681
59678
52963
16365
51641
20252
43985
1202
70007
17851
48663
14674
90853
66002
30365
82567
6437
42143
55529
55580
4525
91426
26368
7730
82549
10411
29982
24875
38331
56559
56032
39955
44876
39707
32502
48986
76474
55946
73913
47942
9499
49695
53819
75825
93232
6816
5758
62959
54818
15936
27965
6745
31923
60495
84543
40255
33309
45233
33816
41230
90270
19110
62870
13447
61819
8707
69797
51146
33500
81378
6093
50491
68230
7586
46080
54829
37606
50542
14497
75732
4652
67022
70056
22395
28594
49286
8031
84380
55164
92247
15676
31240
22129
32682
57671
90389
86824
40372
14006
84524
37018
54612
29459
73439
9842
77474
38515
24336
14415
29713
2648
82767
30735
58083
36578
23248
49053
40475
84853
12532
675
85417
95982
41253
65702
74852
28361
35547
49915
55691
68005
97234
36536
29973
38714
50039
37563
96617
12552
51120
10771
83695
69965
25450
89598
32909
505
64046
96104
34423
41335
46349
55518
1473
83848
51601
58630
88205
7737
34989
49112
2968
74421
58724
61708
5414
46231
761
19369
86538
85685
52436
27922
33733
1761
16980
15451
70531
51654
32792
74347
64314
39442
15491
14355
21655
41715
35062
46125
87112
91409
49357
88880
77563
2007
7802
9273
11241
63742
84184
86678
99743
44677
9565
48738
88899
18426
21785
99712
66867
36149
88098
36551
74944
60642
84797
63525
58929
44368
40052
63698
11168
54636
32256
95129
36328
63555
50359
31726
93958
7706
4210
6788
67470
46113
74603
19637
29876
66753
25456
3228
19930
35350
79257
50962
3310
12805
13935
16920
17209
44277
50344
66873
23690
20486
75509
45107
12420
14436
12410
25343
68067
90059
5753
59160
31939
81309
69080
28831
86039
65159
33648
92175
18912
36823
43767
75818
75379
81293
91819
23522
49620
33438
14516
49681
57362
37337
83098
46984
70603
29496
7216
15440
54343
112
35161
29871
29596
20096
19023
22000
43724
85104
30881
52050
10628
58168
47961
86866
76718
99691
69727
31127
22617
88888
75723
34628
75542
56071
1798
94602
98211
22096
58227
56542
57942
18208
37832
18799
1662
13896
46221
55282
62270
69818
79797
64515
2557
62466
39052
99194
89376
96232
70265
70912
59768
76089
92822
65455
24388
532
54328
73524
18298
24421
23789
21628
26877
74338
94107
92420
20336
29161
85204
62821
53469
14445
68857
52798
9090
11208
32070
13076
17019
2604
5226
1979
51831
87314
96774
81853
25385
72376
94411
1129
59568
72697
36983
37848
46029
58169
37638
28219
68358
46632
78857
60215
11027
7443
17443
45322
7232
40024
56364
13180
68461
41251
56505
15694
19195
21810
69796
39562
77563
12253
67035
47959
34749
84074
3253
80772
77461
31008
6769
50921
73569
3850
44717
70387
23746
45011
90951
44387
69871
51451
74620
85361
16012
81231
32667
18316
16191
21289
18653
24219
88372
98076
50656
56105
79596
30897
25465
26952
4190
36670
67860
76224
33255
5442
39610
64610
96533
86118
91947
74184
30858
25409
69690
26111
37633
81673
31947
53518
51406
84936
64580
56172
12355
82549
62549
75492
53194
88612
90790
92848
19545
63999
40196
33200
83590
98396
52106
10569
41620
68057
21783
30073
29341
44469
93361
62962
28386
24544
18471
97923
98950
71946
75545
19253
72090
11688
63869
50705
42892
64118
11416
7920
95327
99099
54638
66859
85212
36489
42520
39236
29567
21378
11898
83349
63153
34506
26830
67885
89188
99587
47106
28650
70141
92867
93898
47599
88453
20943
61110
71902
34527
1400
67676
77502
56641
13862
34745
30242
89830
26501
77749
91897
82023
79235
68355
77571
60047
92195
56099
37583
84858
95983
61517
43305
17011
82765
37779
2460
5200
7038
78405
64269
75378
70618
4709
28167
53701
34396
26708
49291
99760
96587
78054
62686
21837
55209
46626
90905
24511
16326
87551
96257
64844
23526
87043
38544
39882
24371
60490
73875
76082
32285
25042
82792
48096
13480
16518
11404
74526
40187
23870
25651
65487
6807
37822
88270
17928
98830
21467
61802
36139
46873
77948
88873
19486
82147
99424
51852
83574
66164
88284
29330
73906
52833
73208
67475
71545
95262
14590
8357
38691
35221
16379
84323
92456
61900
30770
58036
85703
98773
20615
41051
2904
98688
37736
29209
54336
36168
63305
65948
14055
64665
27829
8361
51903
94540
51745
12654
33599
70347
16725
22665
84240
13110
23110
917
30493
93624
96417
57586
51377
41388
66148
84801
45548
47232
26426
75217
15096
43999
13139
35376
31957
48641
94301
74025
7392
8018
32420
97916
10155
18116
24436
15356
82048
97950
56811
89793
75577
36819
98715
60711
39750
5718
14570
72667
98517
43028
62812
4670
68113
76527
97557
89599
57207
81348
90707
35599
18808
49085
93525
22475
61204
98501
47430
33261
16951
50791
2753
47598
90421
36632
99640
78277
45284
52427
95626
26238
34070
21634
75508
64364
45206
27749
29802
33628
20558
34837
58148
699
7242
21212
70985
26492
43294
76240
99507
41249
58288
81309
55715
47725
40274
15213
14249
31481
76887
19279
44315
4780
85722
64468
1528
97174
73576
29160
77269
33454
68699
13802
12702
82114
92643
2053
40355
69209
65646
73147
34983
69044
52920
54376
67950
52761
65918
27783
24089
29992
13500
98320
56740
1278
90521
53368
14977
42773
19683
73811
52915
14133
98970
66052
72550
44486
68606
73601
55081
38220
74858
45039
65834
3739
84296
75271
51859
31345
96518
48767
31255
45793
5071
47276
19954
70378
57061
11424
91592
39274
87076
97581
49525
91835
20232
20850
70073
86867
81826
23463
84154
92317
72701
85869
55134
68460
32485
53001
16982
15249
1508
83631
46255
70916
42555
7122
9061
51693
46098
2171
87425
57182
82008
15806
51144
77276
95514
73999
83507
63445
5198
64992
49519
73054
64612
38937
73091
19202
92142
51494
37892
4059
94441
76343
37766
3444
51326
78609
49279
13110
11788
18379
40769
79654
36038
26972
10309
56894
34724
77857
72946
58486
69494
53536
10051
36516
34112
73200
6303
3617
34030
89859
59551
94603
64279
83365
62740
5665
78040
47699
25949
16904
24719
70396
51657
86819
24222
69865
37016
37640
28628
16197
84477
14284
78548
79406
34565
40905
66291
1250
69332
78125
72305
45661
79079
21928
58828
46166
15375
52673
64231
4644
78854
87025
51907
56041
33767
99097
1878
23232
12294
64246
36184
68663
74989
17833
5382
45266
16055
84873
48799
21834
39373
76790
78367
47824
44599
79057
91317
29728
27990
78055
54490
84342
73408
23984
37342
97452
62376
22506
45638
35468
39026
43059
88955
5085
41941
3641
70672
61246
16546
13561
30110
30502
3873
42397
65270
2064
8657
4083
11441
54710
7779
72150
95241
34238
9756
51841
95254
51004
80490
7930
82889
93548
39234
13330
82807
96314
87834
73282
5882
40957
8384
30070
13181
14429
47945
23988
80468
31011
58713
35278
88794
58293
11065
90927
27688
66876
47817
54717
95328
90099
8386
19667
80755
8616
30672
36561
91267
90543
59589
68956
14229
35375
98201
70484
46325
77709
58968
80812
86292
85768
71372
64243
92291
45211
19135
24596
82483
48306
85641
15931
48496
33117
77953
15783
32570
88716
49314
4565
83756
11383
32720
89925
71422
89757
21049
53419
60091
40581
44601
49979
7907
67005
68424
9560
18726
44143
27376
35544
89481
6076
54078
42960
4901
43657
20459
81112
57421
82418
37913
57609
28395
54402
97055
74909
53047
81447
92821
2533
24162
65715
64504
41902
3704
35662
8023
81491
64692
68393
97056
88427
61340
13770
15084
77680
57305
89760
85024
27764
69297
39936
95998
77673
2667
86992
21584
53505
69949
93515
56512
37279
51322
24843
11381
23765
41571
12176
39255
69239
35633
38968
16420
89028
85361
49485
96268
14624
39318
19375
17604
63286
96422
65056
33235
84226
69717
86830
39234
16712
14078
54518
11541
71177
11880
59776
37105
36497
2389
91318
36108
45128
50505
15785
92130
30328
23516
6969
92311
53181
90723
6959
14186
50574
75911
93226
40856
86265
91607
27154
54048
54740
72942
22543
55160
81115
27427
45243
77148
25585
12380
59771
12235
47999
83266
72475
12781
80637
72925
2906
60709
62747
94519
86052
25988
7118
40332
60966
95265
18654
18920
50839
44890
75234
37270
81367
72186
27961
60624
11015
2901
78273
29821
66726
40801
30952
94724
66186
67307
3435
80444
60218
13340
88700
66445
91300
60221
86889
96555
48042
40782
66460
49977
58494
6665
61540
14881
37000
10729
1899
289
84820
20013
61909
5
82436
32926
27792
45251
95035
12393
74145
93659
91830
38210
58701
37499
56189
8789
45969
21146
85296
31406
12581
70232
36440
28296
71327
60061
79260
16070
57723
55457
65408
3146
95623
40204
51430
88694
84009
58374
32428
41638
1519
35648
66637
72800
58146
20283
47963
24041
58691
28211
64759
80752
14992
53413
7432
91676
63564
54139
61598
67731
65990
78964
54669
18688
28251
88683
42586
18496
86069
67495
24780
87595
88717
43657
29887
76932
3595
63639
70149
51043
12097
55219
57379
29512
90698
84655
88153
42210
32772
59753
25130
29869
96775
64697
75648
22554
80978
47949
44549
69463
77697
29467
37971
91196
3431
77163
92035
71335
23525
30499
88081
99924
83990
10554
55633
10771
21585
25157
27989
43595
530
375
85723
26316
42364
94910
90819
24020
68009
7333
95953
55646
19090
686
73345
82630
17247
66182
26080
13534
92620
16817
18684
2273
71672
25205
45878
86220
9064
64876
968
55821
19959
954
68932
77322
43743
11655
48831
8520
86344
68015
3326
16192
34546
32434
80834
83304
37209
73003
93524
55403
99076
14455
50975
83712
81690
83450
54643
17158
49031
4598
14955
3132
6364
40132
35686
18135
31753
96023
38886
5591
17350
17560
27190
24605
13491
2492
67726
39237
44371
62574
49011
36060
71352
45565
56744
5503
49978
85219
95631
60293
57011
31673
59488
81745
53059
193
9827
94413
96747
62698
51550
41185
34116
87932
38052
81516
87265
26370
70221
79198
15723
15406
72787
86457
55587
78895
31780
60799
83387
30183
68157
46533
392
78593
48579
85677
58071
45444
71545
13297
92664
73313
42489
81673
11024
7825
1944
83419
7512
75227
18238
23608
14998
16432
44569
41605
58885
73031
26158
74164
68413
49028
11025
66564
94541
5016
40793
55523
39353
52375
23445
41820
54824
56923
86534
42410
72917
91114
75432
47761
76950
48360
53286
8159
11945
44548
31534
83959
34024
6974
26791
85039
19286
97381
44883
43635
62287
75924
87131
6007
67032
46421
44066
55137
51782
76417
68784
58075
29897
2159
68688
67771
97598
78397
97213
20053
95742
2865
54619
49992
73481
56833
21499
32379
25583
38405
22534
57442
12039
42899
80122
96992
3982
69425
80728
30529
4294
98148
56377
35527
75764
73459
54062
31864
38286
59020
87440
40889
167
24830
47893
59421
21305
37139
32525
10198
24922
11687
29554
13377
53882
11341
46036
86998
22036
71695
63788
28173
97668
66684
15758
97593
46488
19091
74228
22
2771
89634
94092
66562
50964
81645
57275
87208
95005
20701
75687
66843
36899
70529
5607
92607
68594
42999
81645
64423
27423
67063
9828
66590
95231
59267
43220
33483
9071
50300
12932
2213
62910
32502
7427
35288
17594
62991
62413
72237
54066
58827
91993
1334
96007
96945
91274
27138
61077
23151
28998
3489
37446
9805
72599
35708
79805
27502
71330
91696
38425
23791
78136
44705
7768
73473
3932
4396
63102
70318
75012
5603
80585
9407
10356
68595
75070
8494
70582
98286
67993
16081
72406
85920
21301
9442
64767
53105
59903
71718
55482
90092
91660
70716
33812
30274
80690
47288
93565
22534
93012
86877
64035
90758
48139
23395
22903
28038
99448
4003
60638
71311
56919
73044
23703
22343
51384
92216
23403
98326
8706
50827
44493
91384
14836
84920
13942
9869
75595
80081
87905
27782
14928
48048
5274
81115
52045
81648
37781
97906
86539
36728
53656
55899
11080
84171
33173
18616
47012
11468
78890
88473
23884
95239
13827
42184
42384
72651
75922
63218
9452
13034
52442
19366
16098
32855
56382
8870
67770
42588
70297
69735
54435
25496
11787
71978
97171
88593
80303
30664
51747
95326
62856
64126
1191
99431
3897
19688
34221
63089
38731
79394
5726
74562
88453
73504
84285
34289
39801
78224
27789
24302
50845
4424
41171
9154
34038
98388
83452
41849
45013
53790
92348
45257
11471
14126
50178
88315
18175
16666
28958
36693
74649
4680
3857
90903
64009
79872
37042
38282
87692
62881
48791
2078
2875
27444
44480
58431
22955
92037
65393
5509
36236
92372
18076
84940
87046
60468
63090
74327
23326
95969
16114
23135
49266
91095
49653
46164
567
50268
45144
54165
61345
45169
54156
82132
4999
90269
42382
84026
69645
91746
65360
26138
51273
23449
457
82276
86604
18916
3857
3541
16782
62715
14956
91722
46766
25656
52812
11779
77791
98315
57864
72687
46892
11227
44163
91066
38215
35944
79940
96776
18085
79064
4681
31579
30609
89976
71862
25816
90637
67376
59560
81650
46410
41603
37383
98630
30213
62434
35365
79343
37456
30603
6235
71329
33881
92673
79245
40045
79286
9391
44061
50660
38975
7080
85455
37717
58033
83377
61113
56789
53793
26996
21141
10414
38755
76213
26276
5288
73844
45532
60852
75781
578
597
59320
87482
72828
33352
97697
37935
10730
31816
46530
81246
23315
8899
42674
39330
56147
99665
40597
46836
1320
78575
25549
10460
9461
95820
32574
57668
66396
73957
66201
33753
48538
68279
50081
38378
47760
97973
64889
24681
85679
23177
46058
21977
80465
39895
87099
29855
33538
86945
49140
74178
4935
14016
74460
22002
75047
48860
78020
77008
777
40029
71538
36773
65615
12777
32708
55035
58818
4296
91570
58174
34776
15916
61156
78143
32516
3572
29994
69566
8721
2719
24129
79450
24816
92022
28817
34521
93819
28079
63330
98899
19953
87880
23903
45649
51638
9285
56361
67688
7187
32063
71037
29242
95375
90966
39402
89019
52859
96316
89485
71475
18865
8454
68286
98058
15900
92087
11956
73592
83960
98186
61216
30738
40966
92670
38221
46895
92012
15507
26505
23231
47210
62306
62378
76658
31681
94887
84075
33850
52620
39798
81661
97502
38593
91854
80034
11498
19593
25845
29749
59550
97329
82768
83728
9000
70846
40298
88276
2705
52745
92506
97006
37352
69811
66254
24264
56559
46075
91628
66376
21013
8012
78105
20972
44161
16524
63714
92145
49111
12636
26722
27301
66167
85757
66954
25901
64441
78578
53378
5812
91383
6610
81370
81105
60113
42791
44308
27690
72339
67589
23474
65423
27965
59468
8736
51537
19223
61796
39566
92475
7131
48152
39164
90068
26022
65204
30839
51595
2856
40352
59823
77980
92697
85816
74992
14402
26642
97000
60858
1370
72216
36023
19806
81521
89161
61298
99336
6698
77021
15417
6678
2645
39012
60902
98680
43230
67446
91301
55082
94909
11952
92713
24834
31986
7766
45494
72726
42149
84475
94334
24895
22223
937
38195
20259
71108
28346
57643
907
64724
65868
24140
74574
87439
33674
57177
38968
31794
87136
31762
46956
35341
41917
65949
89418
79502
11189
87819
73754
43667
88572
57187
22222
82687
90522
84455
1708
816
40642
27571
14883
9802
90393
90358
29040
87811
18139
37395
98312
50589
6525
40931
55012
52713
47377
89553
80305
34987
48777
40757
59919
40527
83888
57240
76152
8681
1918
91887
96916
49219
55469
38151
91152
59564
16878
37153
44947
51559
36908
1606
61363
73793
89506
23165
37141
47640
2174
69508
35309
968
4149
66720
52038
99885
67652
74356
25914
33152
14206
20359
85893
26252
40478
49093
95119
68373
49779
95448
35835
10224
44606
28745
98079
47171
79393
86125
51020
60723
20099
28511
6507
32409
56577
95948
45069
88749
86113
91267
91912
42521
11239
11794
37353
16549
15712
35111
33315
40413
28045
68767
97861
6725
33673
25084
56362
75404
68641
4867
20491
81526
23336
65190
13053
85694
13852
53484
69674
44529
4024
6370
82260
58512
3535
93313
98985
32811
91391
81529
31458
44282
52810
10607
32677
51332
30650
99781
98735
31493
39586
69665
20108
81245
70775
10385
19184
46048
98741
51659
2697
62228
65437
88785
36388
21675
86506
39349
3189
40359
26099
23551
84012
87111
73408
76209
28716
12729
32513
61721
55044
14070
54749
38181
4943
34359
86261
1014
87736
93150
74128
52936
34069
39732
78832
69229
78844
64024
74218
11001
64825
91301
96591
58375
5393
16035
85652
32997
7837
94566
81669
6455
13535
37020
96614
88626
7479
27256
83842
2029
35414
85491
51612
10039
66230
73163
89481
44280
8278
4178
97364
64692
38510
21512
96895
63743
17478
96373
32787
88908
48706
53264
93177
93170
11480
67673
39401
97049
43117
90206
61750
51588
80181
72188
75587
79333
39688
86552
92144
32230
26554
41372
24719
3658
97201
16976
67944
92022
40124
32871
71147
11106
94468
94934
53323
82150
92314
58441
98559
98557
33761
92431
1162
18071
42428
45775
84510
66322
45925
17561
24054
30926
4228
557
62354
7333
28545
89519
95969
94504
99728
47378
56924
10246
19058
50644
57120
85247
18865
93436
87019
81247
87993
93587
98468
34122
40210
6647
61229
51426
32466
1622
46097
22563
8816
40220
6877
93910
32580
45990
53604
2794
62472
4054
98828
86383
35506
90916
99013
91784
88655
99262
47457
52488
30541
42807
42933
10641
2089
28231
67123
21898
28290
44542
62037
98106
1280
34361
1429
78837
43767
63209
52667
72874
39832
84225
18774
83938
94758
12084
98616
49294
7633
69445
62770
33203
54165
93609
92021
66009
97287
96235
91821
4348
78867
31706
74504
17929
42017
722
85103
1144
89486
20175
48016
25445
46595
74582
12656
46316
24033
58995
15883
90004
29614
17829
14264
58844
81772
28834
43941
7670
42339
35420
81550
47531
71387
48318
94007
8125
9720
844
41920
94035
26981
97471
59807
87458
21428
37324
86607
79582
80953
45705
41975
38291
80352
1816
74734
61038
17442
15659
36157
13182
56781
77432
58805
54066
38624
485
54057
98276
80574
4530
36595
23188
17074
21847
63023
32142
58021
26806
37416
44447
42226
64358
26717
96633
93444
43259
67179
69571
73584
32969
90683
94060
64687
28738
37254
49549
38666
5740
48833
20943
83267
88331
99008
76422
9110
18787
21216
58505
38792
42591
3016
90636
78243
91710
70955
92422
50714
62171
60621
95365
33306
84486
24692
47604
13847
42534
58501
88336
84592
13474
93476
52281
77972
16472
61180
53895
65349
50294
87523
74657
22042
8674
30778
30992
29953
46
15816
72976
57782
44831
98834
76494
45118
53468
87636
98780
63638
51404
62574
66575
60286
32879
73912
25318
49114
50735
12663
61770
30530
17060
27072
420
74648
85964
73322
24632
53707
93699
17650
13800
26717
85524
30554
39760
14640
16982
7162
24504
28836
62399
90256
13945
87719
20948
14370
89162
34761
5460
81878
79218
87383
54046
42446
40722
17759
98413
1846
59153
80145
63004
45073
69939
33753
48774
39857
74761
2325
34151
10677
32132
43572
88159
32934
68131
26803
13127
12700
53700
71593
84159
89870
48246
11821
38432
26417
72671
43078
89831
22001
16226
15135
48008
44359
65831
17326
20316
80192
38945
81090
39609
86837
609
94783
49745
35645
99224
21111
74315
13918
4632
85713
48146
87559
95985
73133
96826
58118
95321
22356
67186
31683
12493
12150
94450
16996
95564
43800
67102
50805
6486
32934
73754
72609
31984
97322
89260
53463
62075
2786
27193
51560
68763
75913
17369
30513
66989
60448
48373
92697
20499
62198
84870
16588
13903
7926
74343
88459
332
32748
40081
55424
54008
23510
7431
71697
11958
75536
55575
98663
83873
43362
96043
92535
95163
15626
62920
36580
94780
63937
50007
35115
95426
74404
30305
44288
48064
57165
58706
24058
22979
800
53131
29326
62704
71769
97551
45252
68482
45672
18554
91452
4873
49709
8824
77136
66155
92335
21425
98277
45005
37763
93679
36394
82741
4965
59997
79603
93204
63142
23633
54792
16830
31516
75684
83072
90231
66716
29830
23394
18074
17667
68097
49108
45382
58555
30242
45717
65580
53168
78133
55728
35740
60428
79052
85215
7121
16736
46585
57738
11772
17947
52048
5339
22039
63761
74622
73356
74025
25752
86905
99438
62505
98031
80202
27338
69665
44570
91011
24185
74723
14279
14023
40036
85009
67904
19052
56401
52464
90468
75950
73494
20131
72091
11621
126
65619
62757
27068
81621
83933
56885
71691
39828
66262
78694
93222
37708
80226
51713
15549
62550
25724
22399
83015
97492
3924
12011
20330
54134
44708
18220
20892
83557
49801
13410
79306
90414
86409
80075
61719
6908
17501
9390
40252
17837
42588
74195
73773
6314
74681
81344
76175
750
74918
13399
47770
97732
89075
14129
96202
53607
42427
72934
36912
65712
35993
88134
90026
52851
99388
2808
51299
150
89994
8641
45048
16334
82146
65177
54903
29729
38238
14015
79452
63364
42045
20142
8638
36401
65640
81574
1338
72279
83873
8112
64480
44567
72477
74539
81844
54453
84168
20921
6926
71872
30044
76024
10756
66276
68351
31435
15585
23898
59225
66473
15368
28412
93481
73547
23667
15851
79495
53624
87210
17813
1470
79019
16277
81881
44160
481
43856
7607
83333
449
45560
17316
7088
7580
33319
66020
9386
42361
68050
34205
65988
77439
13054
17400
92743
36068
51086
98930
50872
65993
74958
30544
33710
89112
70402
51025
59746
28874
22116
67869
87579
7978
40564
58775
20912
98052
21323
85901
40228
57646
6465
37133
85574
53005
51825
24030
65964
98877
89137
8092
49394
44926
56734
17340
25491
15016
83605
17975
37178
82293
6274
80511
20245
180
46625
58009
36875
54278
96487
94691
14744
65184
58702
93225
59527
37824
44970
80705
37287
46371
85060
60869
39736
14023
18474
42653
51243
23224
33283
5896
14446
3348
48723
57934
51372
25953
16888
85393
6380
93815
87155
11686
2390
94446
93347
84209
86223
63509
57812
87667
70046
2900
80688
90806
97232
45404
40775
6221
81705
3971
6766
13650
20994
90590
80245
11396
16461
767
41853
33574
20935
59576
74324
43471
59215
73374
58479
45290
20676
34264
56429
87734
65412
45616
35850
11545
22660
57916
60701
5967
85178
10666
3687
2408
87049
73505
90691
11799
14200
81951
67748
85455
21655
24237
66731
10469
28575
37216
31591
23858
86925
95484
85545
47441
47542
19031
48237
75378
54740
68699
88735
58545
40066
35885
48396
10269
55889
71916
56422
85710
82683
46679
31089
38725
66516
70973
66078
41174
78884
25380
82969
85444
26325
36843
19041
89693
25121
56246
54866
68017
25267
15313
57059
45500
93215
9202
45389
85769
75841
56462
54580
56658
80793
45880
41175
40246
64394
46819
80924
76568
52953
7063
96493
29359
85730
3291
32219
3223
16843
58703
85148
99643
17050
88405
60442
67369
89620
85589
45510
57313
25584
80308
65333
22422
70800
26311
4650
80444
95668
78795
25298
78301
75321
78297
15064
18204
18819
27699
59770
89923
76983
42165
68925
17138
71313
54937
39608
92388
85438
73805
50625
78805
1309
23610
50984
72644
41729
74070
58558
59418
98641
51775
7555
38048
33404
6846
24321
38752
73340
42238
48549
61920
25819
55587
80330
83418
11382
48194
51109
15863
86702
12262
95006
21862
28169
46492
76992
51711
27313
42420
76474
44749
69140
351
91282
25207
34610
30877
83733
64466
30615
855
19047
43200
25255
88705
52986
45722
43280
67565
61261
93534
22961
42695
72716
86379
56768
85692
9878
86912
29854
72609
11439
30920
65763
3800
92779
25467
64305
55122
48807
80505
64461
86642
85247
85847
93214
51806
96606
39464
93506
31270
8430
59747
81159
82939
21787
26445
27635
4903
68439
48917
20999
96821
34611
58005
89416
88127
77436
21455
95925
27518
81417
88157
18757
80755
29073
36318
57447
86868
93164
4962
89086
70413
93405
98584
64179
51691
49761
82823
82012
66333
97832
59401
86683
99890
59505
67640
52030
27241
96431
5087
74369
75151
43539
65987
49853
20273
40989
403
53866
85468
68998
40766
11738
63476
59831
50585
3415
36027
93826
37724
38365
94613
39443
29591
29686
22015
1473
18867
21249
61433
84288
30205
90437
88077
30593
13935
26873
27418
48731
43905
10701
49357
28957
96543
97335
57065
47663
23207
40058
8920
64224
16003
33414
58706
66721
79755
35707
13948
36300
27837
18799
22122
79153
92432
1180
38792
50329
23661
32883
45896
23711
75997
87295
49921
27023
89008
65656
42899
32255
72620
74351
78266
78809
12329
97208
68284
96790
31731
21356
50837
78227
12925
91117
20893
25106
88579
70204
36524
95363
58542
6736
24002
90323
94162
85208
88227
28707
83493
31683
77713
14099
92808
81692
63680
53486
40532
43312
66824
95224
32895
42002
18597
2305
82046
67668
10786
84879
66402
24814
38444
18803
29131
47536
73713
65884
50349
87943
84646
27121
8980
39577
13297
48
43642
36737
85418
31233
27437
67407
84573
45266
3380
41299
62467
16540
88138
21697
8277
26494
74422
3347
62305
58678
93239
58909
84967
45272
7979
97795
3136
52589
58666
39702
86243
93318
28705
18549
58662
45308
82250
79553
57442
98995
40241
93177
15423
87831
85069
57173
77745
28652
79665
58152
52698
5633
77271
54618
6808
84733
51769
40146
23253
29641
64270
31984
86599
63677
55056
69148
87835
69588
63034
62968
44243
94869
45905
63310
18437
61
43486
97136
60203
50805
20050
74484
72923
514
87003
80610
16047
74086
11740
73929
93539
42103
56299
27801
34724
8256
6577
51746
32775
15920
69338
8156
65617
16697
13908
57829
59727
13961
36181
6747
41247
54633
79943
72448
9590
89785
59061
86085
76673
74446
53101
13748
57847
89105
69429
2140
38569
18104
28585
10180
93483
91739
64360
44282
81467
11893
8867
56226
86605
29173
20882
2085
37905
4993
32682
38905
62160
83851
18210
44939
49195
20492
75072
58329
62819
55589
50308
76511
47267
11768
19260
41623
85375
26000
13264
49507
90272
35661
90980
97696
80918
2835
99480
47499
53563
51015
75843
52854
56423
30523
39980
54718
99893
83646
60985
72991
16667
6031
81462
25878
61585
32355
8958
74837
9913
79259
16710
11905
91729
83174
48633
26499
92870
20513
64020
46359
21011
27572
4765
11804
79746
97454
20088
16744
71788
64541
41729
1729
65014
40272
32839
84241
54199
65102
36111
48562
93876
24642
37585
74303
34304
63937
61125
73248
81890
13480
61847
79380
19625
14625
51979
89094
1265
69657
46131
64131
12266
92214
3049
45371
37530
14981
46891
51456
50335
64392
72299
27768
84401
15458
52483
96369
89986
30461
77500
15808
36328
46840
34854
58307
2694
62348
82103
50388
88292
43745
82975
84541
18970
71980
36295
1662
21593
92214
36773
19323
17046
9669
22913
17497
41180
34078
94978
4167
62142
55610
99107
70803
92156
30322
27802
65426
57359
44742
42677
75181
32877
96503
63163
6589
81417
87758
8798
12421
79162
50820
74775
97772
93688
58176
98762
26659
23926
17356
17126
68615
67369
77935
88245
32682
44637
12171
92384
88647
44178
70869
44302
76850
49536
61592
86445
20543
46505
16323
36080
53422
25280
82557
25005
11322
80834
1334
77115
33980
31560
1142
41499
40003
27615
74062
7811
54941
8257
30480
61951
69245
95373
20150
68242
8293
6518
97925
48236
32095
71730
78219
80153
7603
81275
63703
43335
84812
52930
76923
51848
43303
35055
58404
57087
43035
29369
4299
49234
75474
53780
31504
12285
16024
54371
66834
58049
5129
14314
16712
4804
82909
53097
45020
62249
53340
20989
33896
58727
63912
30727
22999
2011
31334
78632
18648
34190
36968
63063
25207
78924
2219
48690
72762
78314
40226
65933
64129
53232
14440
5653
38205
70497
36217
72119
68938
90205
90035
96154
3747
22045
95472
45571
85322
44747
30781
29492
80951
37391
35722
32644
21081
42066
89106
37788
2585
34219
80335
66705
22023
87406
56859
80664
44287
58259
92521
52502
65793
59214
9694
28442
44155
40813
59315
3161
83451
56647
63367
28015
47533
10734
84982
26737
17509
81796
84572
96139
81390
98429
69534
34719
9870
23329
74131
16340
65186
14808
1283
27063
52225
78279
63698
21736
27697
7280
88488
80267
82750
85945
54336
45937
70851
52319
19171
11288
2424
30122
63155
62490
73686
96382
71111
67364
89680
74975
18572
20825
66681
42975
37975
68643
55364
36304
75789
69253
47035
63245
99039
10229
93307
4304
13388
95445
44092
23597
63867
57550
4158
62842
13916
35063
51653
38793
53376
55843
7167
96334
32055
52722
88707
67663
13585
39775
47969
85693
90572
34547
76529
49917
64253
39178
31082
52926
69183
69382
82993
75666
23271
66083
11107
61021
16667
3838
29058
2912
16989
16570
82928
19946
62086
50701
31190
46317
21521
25644
90718
73613
47476
58398
33024
29320
81021
54240
98589
74738
3980
98727
69610
83993
72849
31501
73062
65972
41615
27686
50996
9746
10716
45056
68704
74001
51619
56583
87831
13551
7987
84765
31404
43538
78664
9380
28190
64872
33059
81786
80000
62427
5249
54320
98931
18262
46960
98934
47097
30584
77638
65217
4702
93835
74647
80971
62896
2419
89694
59022
77701
24438
66408
85037
66750
19215
67322
26071
5329
63468
3310
8189
32913
59828
47685
88569
4497
56395
46124
50441
27041
52684
9485
57246
35913
42770
80062
37569
68891
97693
46483
25771
75178
74037
4085
55562
96018
20211
87569
79716
50940
20889
93605
83628
27273
69448
32304
44874
46149
86078
76473
6500
56294
39253
31981
25016
14952
9161
49124
23980
39152
29753
57179
7636
16984
77539
33011
58875
55742
92123
92550
84286
68826
66408
99501
6151
59079
25857
29973
66464
10465
35188
91419
82812
21219
39983
69476
35925
42056
79068
40609
86857
71086
63589
40563
21186
63709
85968
66643
49734
36437
73428
89131
54025
93527
92187
37674
89885
39751
25829
65936
89094
79188
82659
13514
3964
38333
74367
86416
77001
8063
97086
16819
76674
51513
5693
13199
5236
25844
78314
42441
73110
59213
80239
30027
37037
46057
37394
89285
29032
2308
79591
96173
16226
13131
51515
7668
88426
50075
36599
82853
89342
99552
89642
41670
39350
56608
12456
2512
87833
78987
32438
64040
61437
83387
92825
29881
98949
52632
76477
57906
939
85081
57384
74693
28471
913
593
63542
99998
98024
24772
55160
89245
95461
53098
73558
69570
38568
90676
80428
33600
34882
1451
50044
69869
15550
34736
32838
20305
21633
8719
35794
73597
78693
81913
4260
42167
14949
13198
38437
56015
48914
2513
89809
54215
77277
74795
65975
30289
19267
60310
60381
61956
96049
24306
66057
83630
7339
4823
12921
66177
67754
43236
78365
89305
88978
81563
10552
13547
48837
31390
54621
25369
52238
24412
84686
32368
11642
95829
92592
40754
68760
2549
1038
61322
48338
73837
77548
54386
15856
20630
34828
10126
277
72260
88260
5677
24148
503
65236
95714
64243
52427
81451
87876
5689
35012
9717
71636
39620
33688
71988
11510
12230
72166
97416
65205
42198
17042
40967
15140
4014
56165
97691
28207
96562
44495
25091
79977
36152
79008
8220
11138
30592
96878
76511
16332
21098
13162
55633
13326
64120
5911
14766
82167
48641
23318
97895
28110
74844
23055
63479
7105
59536
50096
91699
8077
54735
53243
91314
61194
9920
29739
35484
60611
25468
60850
80917
15352
95654
81083
44106
29036
61409
27640
51019
98102
41398
15524
79565
73244
46599
96980
5133
13096
15528
1115
51601
80496
5178
68433
61597
67855
21847
94439
3405
34380
70427
54155
56699
87791
42400
82543
32455
93760
78948
34443
45696
31895
99076
93596
66679
39211
73677
18069
14594
12939
24605
22387
45082
24353
9248
421
10173
27221
19486
76251
7188
66969
24235
16639
27675
87243
58824
91773
30843
64055
64525
11373
34147
81085
55418
19706
81419
11581
1754
22385
94177
3778
79844
90466
9775
48039
9072
32346
78543
41979
72370
5234
74274
2697
27255
78726
7660
82437
65921
79436
80386
81904
87226
50538
48414
13232
88240
63997
68934
89541
19001
98591
25467
97100
82074
3410
87124
33768
6863
79635
78170
26478
13230
88864
91685
59290
37099
31450
53830
76691
12045
98982
45660
22317
41998
12273
16551
29305
42052
96542
59799
45075
63411
89001
22977
73778
79767
77173
20622
23845
91601
73891
75573
86285
1265
53908
68673
98361
58853
89123
76133
56789
10167
92242
77495
20019
52930
3149
55101
69801
86858
57819
91716
10321
19836
33095
63066
24228
65886
17907
79522
59925
10827
29984
85089
38154
23408
59375
21051
88090
43599
18190
70452
52928
20409
3009
34907
71169
11505
2958
20847
76617
22071
50821
36986
33782
82175
65252
66449
68170
90841
44445
32474
40945
9601
16207
45961
80182
7152
39341
96610
93555
82098
67011
26202
68667
87366
38788
89911
16826
98187
91897
12722
62928
97059
2905
37853
60006
92997
51306
55978
58156
92925
52881
97249
99153
85715
29506
43327
4201
57048
54725
64016
72164
6348
27291
94519
55060
24619
68318
46416
43387
75340
49622
69982
98944
31723
69546
43886
6696
78353
85954
87184
55845
83363
38454
629
29216
69761
27048
82952
57859
95460
85709
59777
43462
27881
40558
56579
69767
8385
82793
35387
24678
4890
12591
82815
43303
82898
98305
67430
16168
85620
36631
25848
71093
67540
8170
88800
67894
26661
65302
85298
97570
85366
88556
47926
89631
89844
26519
71062
91165
12966
74118
98310
95560
50567
62505
50955
70772
55638
57326
46317
71456
59618
66784
72239
58829
59861
88684
75922
19710
51757
88685
43105
43082
97494
37816
39312
16334
64664
93184
53458
56379
27242
76265
3201
11502
38320
30287
20525
5035
57215
18028
12255
69335
18985
13842
37952
18582
16316
89096
29769
1160
50597
51351
39407
24280
31012
55228
98065
12751
23192
34620
6107
62454
3867
89938
44214
83352
63582
60737
20509
29574
68158
70886
62495
33728
76430
73770
24097
83652
99863
20730
17
75567
63415
52298
5782
75890
36857
78920
80489
83092
32221
7773
81842
22594
11921
49800
65467
29046
69627
54599
54999
55579
68587
194
33001
79710
88855
5678
47850
57241
31131
14413
12888
2462
34603
30539
99039
51569
84156
68323
46495
84661
80247
37416
97352
60384
89044
39901
21807
26630
8302
95050
14024
45263
65731
44438
6980
63220
19296
26071
87034
31179
31070
23247
51961
17808
94885
79380
87990
81382
50761
13897
44890
1304
8104
70338
75331
31170
2842
72616
90665
48953
83871
21219
48938
36080
388
67624
36731
90164
23559
35819
32272
58084
81288
15315
53590
56999
85455
79544
65499
9664
51911
40425
75868
94404
50160
12720
37158
95393
69107
75809
60377
46680
35405
38080
47308
9850
74308
15880
17419
27260
42649
97825
57822
14941
81625
86805
20015
92788
16747
18331
45714
23298
7116
81001
97042
43445
45351
54534
85919
87668
30466
41338
21057
47749
75441
85592
22678
43207
68007
43739
82690
69575
62124
38239
67015
54085
82602
60926
12779
63355
92704
44370
78645
50775
30094
37079
39563
54404
41038
3862
64499
19774
29961
29751
96794
1310
76768
10073
39500
96033
64126
76807
24781
73007
35640
76139
61173
68877
13986
42957
60843
84424
41754
22564
94963
86095
62692
70282
17655
38362
46028
68274
2169
64145
79240
62916
39614
32372
41444
65704
77317
72529
21426
16746
99228
15897
19588
5638
15135
53954
75905
70685
40417
98080
43018
80075
78020
7396
34788
10698
38618
6485
92417
1137
50004
95851
74638
60636
93767
72724
36525
28801
27433
48282
65640
88314
62997
25007
23335
79065
66507
57053
55147
63700
62457
75342
27856
4089
21126
99164
84895
32217
97584
30746
27085
70831
80111
20288
66741
3376
41259
58952
11871
42410
17429
47103
43252
92135
32439
54704
17077
53012
84060
55722
44191
81564
51338
28716
38680
74661
67994
70548
39509
94602
87828
4307
31217
96687
21196
94809
8202
42708
58265
19958
37806
7554
45182
12736
46271
15353
32089
35720
71649
66422
82087
31882
48156
41861
86554
45521
19492
51395
81608
92080
35382
70710
19443
17268
54581
13121
15886
46565
70939
37630
46501
74368
94746
64102
17915
36637
36382
38602
82445
23327
42572
32274
98898
73087
12515
55946
56150
89355
10132
75675
75317
56807
61100
66185
84576
67096
88110
27913
58154
33149
99466
85524
64781
34019
19920
7718
37135
84054
23946
49917
9139
80889
68949
58281
49508
3108
71811
46356
4753
98635
56971
26531
36433
95264
62313
89694
13268
28561
79525
50819
48526
8468
80448
49295
23861
57047
67492
64878
53166
4797
18810
72095
65409
60215
66536
94427
87857
2819
16677
81468
95284
41754
23159
59518
76178
72934
49090
69516
71706
30226
94449
8574
4529
73126
1390
670
441
19654
34419
92460
35615
6933
93190
99956
79825
84875
61122
76217
28728
67885
1836
10449
11883
98056
55534
6771
85308
20929
73117
50926
7957
97975
93171
22939
10347
10235
67566
92282
58824
65865
93985
68203
68399
24217
45853
88351
48564
23203
79692
91302
11811
72872
40788
3821
28390
84000
96691
6472
17592
94618
15362
79511
46536
83493
84502
37639
13761
70250
89608
69590
17309
68840
17393
62863
73900
33633
42049
87665
52203
67183
58207
62104
41236
81815
39114
35084
57187
89350
94549
26347
13543
61093
74690
64205
50502
14474
21667
84906
39714
8213
74590
78314
33594
10102
73992
42971
55479
77925
29920
94756
41950
9026
54269
50408
36411
53257
38274
64720
44378
49418
80451
24410
75701
63261
56046
56216
94150
53187
12360
59425
11966
57143
47950
43989
92593
79893
28509
31134
7822
96143
79604
79262
59430
99792
84396
4517
6823
24281
27794
97245
76199
56946
40527
90296
27762
50180
2612
70333
54055
17776
48821
2291
65564
70495
82790
84807
61075
10280
57815
56517
24747
7140
56898
48235
69814
1189
64980
75908
78865
51529
49392
69868
25393
15115
83226
55020
16616
57654
16227
42412
77280
58176
77079
90046
47321
77312
13697
88935
17002
99588
43441
96543
66465
71276
72497
69059
47
92291
20482
26572
85200
26704
91467
2525
68384
78952
76898
50449
87268
27770
68190
3421
94052
15402
79237
66570
30061
66852
914
92501
87491
76045
58906
79276
8088
52848
3402
54116
42617
14167
54972
24325
37172
89654
57212
50575
66708
74553
21661
68368
413
63248
1666
89231
31398
40020
2490
51063
92038
5926
38998
33195
91377
27980
39080
9155
67797
12191
94437
15535
75550
22782
7832
73101
72798
43865
66248
4398
58190
28661
99861
55507
45190
32545
92087
24243
74378
69674
47878
68067
50358
52339
62077
36690
75169
21776
32948
9191
50573
48057
82777
54517
80115
6126
92818
77631
55415
28565
16433
87532
73771
98092
92872
63377
6064
83490
88005
58831
35893
14837
34776
98123
64313
26370
65177
23210
60704
71141
97931
51021
10917
57056
53824
10132
45883
45344
75392
39063
39726
14455
68827
45812
53241
60345
94295
52265
59466
98700
30625
91679
33771
74116
73298
35736
13280
84654
90203
53745
40949
69608
16927
84274
30633
65411
76614
16715
44268
82739
17493
60720
8098
48941
19105
21437
46009
88963
44881
3967
32074
12911
63743
62003
40515
6252
17250
36801
83758
18087
96851
61228
55140
21646
98114
70118
97527
84553
15179
87829
83730
77580
7997
76726
81207
69905
83580
84829
55010
51860
89727
24317
39773
86236
21670
28037
5865
54923
43758
24381
48161
39813
32956
26180
85888
56264
5579
86451
50826
48987
23909
61455
73784
57052
20237
54494
4914
87016
80796
70610
22671
32420
81790
31898
28360
72534
21455
68904
99975
70077
64253
42604
40795
90797
39668
43917
44624
81816
90838
24942
64325
97129
34003
6023
27950
28272
50532
82720
65999
67176
23122
18848
74127
73147
1709
15740
58023
1058
97820
13353
34808
36675
86475
80748
84734
81305
20659
82986
17383
76319
9869
23097
96177
55854
6284
25542
98417
75766
3947
88
22002
38734
2905
32798
46955
45404
68476
67647
89088
23927
85893
43566
83996
77485
90133
27650
10653
53254
21289
46644
7612
67545
65337
89679
57307
24
22670
18273
66863
76166
17323
82256
97110
97732
91351
96073
33769
53677
33793
39329
12829
53012
93898
93455
90426
66303
39101
18692
65720
78633
14889
45162
54477
57303
92476
54456
73397
13226
75491
46930
22733
50203
784
12921
6604
3637
46455
86264
86134
94059
93881
56975
19460
81959
33815
54599
73647
71881
99253
91003
60922
3978
52552
88229
61277
72160
27779
39807
5256
36894
22676
20543
78185
86863
16595
62625
52227
80976
86851
86788
19847
52837
32557
71660
84752
57913
25702
72517
23487
37876
80808
1516
13972
84487
86007
18755
97651
12554
51644
34443
75857
6648
81007
49239
71383
73337
78789
32597
65364
71190
2371
92671
85030
12464
71155
8085
71420
80891
3477
3363
46458
55262
16319
67379
56086
21160
6570
93698
855
97840
64974
39673
29331
52407
10930
13198
71829
83317
277
11415
79123
93104
7152
52297
35504
88136
16485
1508
13331
77922
47334
16759
9077
48280
87985
20595
90329
13628
93153
50223
66766
85091
31741
67523
6215
62698
63340
32622
1533
57957
36255
88103
80614
92061
24240
53353
48109
64021
31875
67949
4674
5062
80366
22933
50506
48215
30595
81051
64421
90335
22869
58201
90163
50053
44648
94031
61363
39629
46081
72806
24796
83863
99974
55374
41666
59231
36144
17015
24040
34631
72485
26307
81753
25204
45549
61704
4725
8807
17017
58000
32102
82289
68200
11197
35087
78054
97939
30560
47412
30208
91990
8480
17939
59068
43152
20811
5087
24991
81266
91274
12070
13579
57010
29789
17849
96561
76448
64959
4504
82944
89306
52555
22611
88081
40703
42507
15662
88777
20287
63612
61291
5584
69602
93831
42641
64005
8367
22684
82052
24737
56616
79734
27540
25742
45930
18523
25278
38411
93348
38525
1605
32979
26055
64468
40902
39434
85868
29858
18365
644
5149
16310
4703
17654
29982
6485
43976
63179
87148
53843
88194
53764
82907
79766
26327
9571
25014
96868
42150
22180
17229
77251
95428
81761
62006
28312
79528
5134
52928
3207
78137
78509
4318
81407
19588
40306
75030
9886
95760
39444
74546
62098
51262
39504
50331
47841
50072
46289
38140
31331
14419
89000
87707
96185
83415
27897
20881
22941
55647
1670
26957
38842
10250
83940
75706
9685
49445
1500
60177
86021
34540
15128
1108
2706
47633
55130
25988
55923
31430
14165
78239
33239
66994
21597
88787
89136
90801
8132
97991
91690
19424
52088
54239
94089
12487
35704
51848
67321
63797
40646
98395
48572
86111
52119
96790
99291
87891
85001
48551
28284
1909
64957
91511
41482
23430
93718
71847
88652
95153
86569
18883
41312
3508
68487
66596
82451
60888
7019
90218
11929
3281
58666
92125
90783
15769
29667
47128
14875
24807
89495
1245
5799
59580
69706
89781
54466
60577
12757
70658
18768
63856
63195
72168
77228
21762
57082
45063
17624
85522
14338
38403
80872
94782
36622
25003
43243
72831
727
25712
93762
46590
56972
63845
5658
85324
13084
81732
33801
78705
12129
21874
48131
36360
71449
48072
40085
86498
14897
69021
58686
84604
29504
29352
10468
51092
20372
11016
22958
44703
46537
81635
59849
87044
76895
72178
6883
99350
66509
91903
8677
75350
11261
38918
73392
92463
90271
44511
23332
88549
84917
56745
57933
31706
67025
9158
17086
27620
53376
54565
64952
2068
58773
89097
32168
30494
62025
61087
59464
99270
41188
40735
19988
22994
60343
83336
73342
90585
55959
18005
60820
75860
87683
34408
59786
89792
23701
28142
20018
67737
55092
79263
45974
11943
26951
6609
16577
22163
6750
42898
30437
29184
85046
24061
47360
44182
36756
34939
71362
83689
35815
26500
71660
35371
93745
89091
14384
24364
29311
42375
6793
33883
41068
91727
44178
61925
94760
8044
96043
53733
66758
51178
83835
13061
87567
31636
90814
63621
87048
15604
53035
88762
56779
36329
31921
28592
7602
10603
18198
37859
92225
92212
92852
64374
36104
96554
88116
93319
79883
85435
49421
28712
38895
17629
16930
84637
42664
58599
47803
62108
98277
50763
37316
13707
89339
18031
77103
4738
59806
15585
54322
84157
89845
58183
61508
74546
58326
19460
76956
91012
43520
97495
83737
1612
66183
24323
49866
39150
19398
47284
85927
49003
62799
56090
39582
41461
54895
79145
75035
18073
19451
83377
33512
64298
31113
65263
38866
80712
56120
42384
26310
23204
81642
56791
18588
782
67025
35704
47523
65016
68164
37953
85339
12522
29657
5318
21358
33755
18600
20046
19650
79181
44425
58882
71561
60142
63982
19438
70499
919
85456
69154
83030
77014
20973
62723
67360
6007
37502
38800
74436
19191
31621
10019
49908
81497
98037
20989
34640
25794
43905
5111
62111
36073
22733
47129
78779
22760
85229
58445
36799
47586
65204
46604
79559
99010
54923
8325
91549
66934
37958
15350
96253
79800
45610
459
47559
34405
8974
90063
62105
42992
84798
44705
57013
80345
7043
46956
54281
73843
83944
44600
20778
79056
2001
26849
53986
85016
30459
50897
26574
89712
29440
67706
87836
28555
8858
82311
90463
22274
99569
44373
13785
95165
96339
93806
62788
20499
89590
99214
91967
7966
54044
17705
82989
93357
94572
17196
77798
18760
46472
62543
3945
58076
63489
72393
13551
17091
56869
28458
71487
24732
56493
32006
74273
39570
30814
25612
82716
8194
64061
33487
95426
31245
58930
18608
35667
11734
84716
94478
33982
91661
4512
71702
75802
37026
40427
55709
31676
23946
80255
45697
63630
61131
27727
67235
51472
22037
43432
43419
62543
68959
34479
69604
54699
12984
67116
72700
99145
44881
36725
1816
32374
62390
94475
79825
20219
84790
56204
37246
99143
75105
93935
58770
27939
18364
69857
34294
3518
91695
67135
13630
68302
41297
31935
65023
57182
34907
17003
62817
69909
67727
56563
86795
87221
78438
13322
1239
66655
47902
47015
66682
65832
6185
44275
87437
75024
75709
41665
36334
43127
32822
69181
7450
77745
23095
33514
91076
30455
29452
22642
85312
67787
93387
67337
31416
18541
7139
71548
49501
5041
68617
67638
55616
44680
453
47797
62117
97021
44497
89998
81473
93241
80668
19689
37087
98545
49113
9049
64126
44923
22246
70784
37203
25259
61702
98894
72445
38848
12859
68896
67884
4160
92164
31293
74510
65183
13564
62770
77292
75297
71396
94054
85958
39454
41168
92070
87118
73697
30249
32870
69428
98089
7422
4577
82795
97833
30435
30356
82977
1558
75351
23269
84162
75600
22113
77313
1077
49374
45179
71903
84981
86343
31757
88828
73527
28191
84825
97748
84090
69631
11776
98747
8598
79989
99468
69795
96738
87587
48498
76676
34748
83207
79792
75734
99946
48127
9892
10357
17340
63855
90993
37743
28518
58346
47889
83084
66332
18593
31050
54603
13007
32686
46266
13345
89782
76604
14670
4172
76132
52318
80575
13490
876
68502
37155
1773
6550
56023
88882
25399
18298
74468
80408
20235
78638
74032
70229
50252
32100
16383
3462
78144
56537
93895
63669
2061
36941
66446
85952
23342
33456
5720
34224
65021
83280
77502
36867
60015
21190
46116
76533
10309
29711
5650
36304
38538
52278
26030
34706
15749
6374
64418
72071
59749
48856
2430
56953
6981
4833
35094
64831
40103
70070
65540
91943
12578
40244
15387
36954
1135
37165
10213
29061
85984
39849
93153
48433
50886
57590
25130
49783
10910
31740
70202
16967
69038
33648
74475
16165
80849
20549
29886
55182
86096
81284
36430
40238
64170
13707
23726
98294
36890
89076
33570
78584
96161
35356
86087
19899
55702
53997
6066
49391
79703
85310
53920
8363
99868
48573
22904
78930
65768
99221
56104
80586
7278
55030
42964
4699
3419
52915
84262
37179
33863
26835
12892
21834
98169
91617
20805
33681
47560
54576
60462
26852
14483
80495
75478
786
27364
28066
40369
15597
90802
44796
32525
37668
32971
52984
71305
41130
92392
81387
16479
2787
69734
68886
15527
52867
72418
32085
10194
