40829
79077
87366
85549
22881
40886
24511
65273
3585
31853
27519
34580
78040
31973
15123
12197
58601
45083
77073
44555
54843
53731
55739
53686
90576
2234
7618
14206
15720
66561
84860
35221
46268
19002
31176
26538
99204
92060
61702
77404
66390
89188
56351
79752
79561
61886
79611
26127
10477
35519
75217
75161
31218
69927
13332
87097
23338
33680
94973
20646
33267
10305
49552
37023
46992
92297
88312
59038
797
88585
12992
66541
83381
99669
78165
65654
97380
75986
74125
28689
22623
81491
3728
80201
91344
9699
4002
76341
5669
44078
3200
65524
97086
41055
44137
56084
39636
19328
32760
87263
73574
20573
25329
21892
22527
8675
91780
31549
91761
47677
89716
47351
59554
66284
98023
51776
6576
69351
45678
37293
88295
11971
53369
56718
85384
47467
69455
42325
55532
22081
26018
78052
43225
86862
55115
2050
56161
81836
57673
82669
17918
72452
84579
57991
54362
55848
5969
30802
43032
92360
49507
70284
73649
95467
98968
61602
67204
68611
36507
75059
39220
49455
76017
69680
21659
11664
4126
72692
11168
95973
95614
24740
11677
63009
19374
15842
27391
95377
2356
29535
41497
38652
99293
63171
72573
55733
4403
47757
87893
93512
34845
87550
45328
82614
43448
68463
96434
14899
36332
42697
51722
33277
19633
47058
96745
24767
58607
10639
76093
83125
34211
71826
66254
6971
33561
567
50161
12846
97107
65925
7261
56368
84798
17656
61127
8064
79411
29063
19560
50910
19407
12492
59045
59659
77813
8220
19019
52234
66425
47805
97126
93763
71664
4768
59301
63019
21295
38357
49052
42881
18301
83588
17792
70406
35436
95354
48478
1977
85930
88681
45356
29544
91078
25182
63717
21718
12781
6595
29158
25340
81548
97926
46420
49301
68799
13497
84703
80030
58354
98108
86768
41053
80010
76679
32609
35819
94700
88638
24223
82458
59742
17041
66304
77744
2448
67581
2684
46481
41050
37582
50238
14700
9198
23711
61332
20374
37167
68490
1607
21938
10650
68448
43622
87822
1912
4302
49534
14399
92573
27898
27018
24143
82372
46699
65598
64507
31622
68676
46852
1217
10813
38221
38980
20772
47870
72068
31855
56298
15346
12234
98651
26209
87030
2285
71807
91294
73418
78482
75831
98145
18047
88285
53908
13151
10563
26094
32328
62498
58113
96825
88752
68491
21637
390
11124
72429
29467
22850
39951
29844
72447
93235
99052
80339
29247
809
37112
80087
74891
74304
91088
53140
92845
48706
83169
22527
84313
25828
10209
21775
39740
69356
98185
18520
23481
30159
4572
86640
91160
99378
61826
50567
38530
45986
25698
24811
89233
73569
83903
9754
88982
52240
87607
83808
5737
35612
75645
72930
17220
88597
88116
3639
12641
18176
90104
3091
95050
80531
56857
99087
96237
50471
88927
75512
12478
40520
14610
46858
23008
58358
33293
10743
41925
454
32792
87499
81749
14377
12783
87869
54513
31641
69420
2562
11262
58186
37926
20353
55881
22607
29761
8702
16712
84815
13517
38510
63313
12094
71329
65216
21002
28787
49922
58861
55303
77372
61714
12186
85383
2605
21342
80673
67747
68988
44573
64595
81051
86364
64250
54291
2594
94256
90977
401
28597
24591
94031
57109
86937
94282
24185
69654
43047
47567
66866
25726
81719
10558
47258
33890
96472
25739
34970
53276
1264
49087
40954
47724
40241
48921
57458
76948
47844
17037
62621
26745
37809
49520
30264
30712
83341
4604
25249
91101
78419
51687
37625
20179
2121
18846
82876
70492
39106
30359
57818
76854
59286
37700
99136
79509
83636
46307
16867
38015
36823
47237
21810
26009
84945
40120
87917
32198
80293
16546
50549
91868
490
43868
74856
49577
11462
20774
45602
21394
66045
86966
37842
17484
59218
85767
67459
108
50383
50755
47075
37034
87737
87233
54277
31182
29876
11615
35234
62000
30929
50677
90198
22559
79810
65950
76364
15417
62844
49559
68047
62861
704
95472
71970
49857
9394
4326
66790
99178
72661
87808
81814
29538
69471
13514
4130
13256
89591
43673
19700
99846
85540
83602
90465
15367
96767
15283
37673
93268
9403
52042
37264
824
82708
84213
36329
92264
15263
4420
21788
25550
44825
36055
89338
43121
68863
60660
53088
66295
61819
63107
25825
19170
29858
68201
77321
17101
5007
56603
53090
94111
66652
73522
89774
20618
50543
80990
46830
85258
77185
11866
97993
85171
21885
94150
55021
49484
94264
47343
46504
36106
62195
71377
31448
46295
26216
18094
70965
14506
6892
19228
87257
58660
51329
27677
58897
71302
46281
68719
92577
87872
13829
67830
89110
49953
65113
40654
97284
35708
13179
27836
22837
57663
10098
16983
31916
95275
42074
43478
94402
32449
10024
32323
78365
57956
24608
39333
33841
94208
35253
83718
3203
25544
54765
58631
22276
94364
82266
81494
81182
85561
20809
35257
1327
79055
96391
29594
48561
34345
95761
63622
29227
2802
74317
60128
77848
81506
89464
31154
25345
25780
6813
3076
455
29461
24632
97292
2897
51467
94707
37551
13008
60579
62296
8840
11640
74767
30996
99309
61564
95014
90772
99495
98447
71630
54490
401
51226
94637
80783
40770
4900
51112
56149
55401
78748
17732
34802
71865
54423
99098
26696
97093
39638
58209
50614
68648
40505
65476
48487
3080
50510
90154
69589
30330
35008
7317
4629
28824
74970
24231
46065
8259
70684
53936
32650
61895
4430
6895
30092
93907
39965
59130
44886
62466
68318
93678
59856
40237
21016
85842
59895
85750
46149
77702
90260
14746
81523
25818
20392
71430
13103
5977
96895
30192
53032
18436
26409
85701
25559
88718
64217
33610
35383
54580
63115
91379
45267
7123
62012
41330
47461
64392
7807
89127
64335
60315
62110
92981
63676
17903
80372
78611
86502
58661
80804
33987
62234
14694
9434
49881
67269
74154
14677
32298
21625
26285
50366
91569
14587
98880
69479
74400
63806
79062
23969
48710
98170
7768
65856
92717
56326
33427
22025
7655
8346
85606
47107
76721
73775
29127
29145
30573
97689
12131
74060
73306
49714
75509
67502
38050
9948
70540
78394
64796
48424
5972
14805
7439
34692
32094
35817
54466
48837
16716
93554
33841
52129
7021
23952
36019
79177
73645
17794
85460
69735
38906
76711
51674
5001
50663
98996
22661
40266
27806
82768
85785
55033
57228
59231
2373
70800
39668
42029
41681
93309
74678
81735
80972
18576
40219
21176
42692
51556
31482
58873
36303
52746
92934
95060
9518
29261
63130
2437
84029
33097
13156
14199
21031
33948
7768
78808
94900
47790
21578
65218
39508
31615
76113
92150
95056
57170
95738
33098
64782
29486
56303
71104
8783
68932
46465
33039
62099
62168
49712
73112
7669
37230
58000
8583
80153
60479
60703
47024
10807
61410
26276
94902
29978
66264
19364
4687
76632
783
4
52347
33522
30031
37654
54542
76793
42051
5416
52099
87482
74729
16709
32732
98077
48466
57548
2277
73615
67529
11996
34577
96467
48714
22291
3371
3209
61401
41125
42519
49568
41778
56407
61315
62163
97365
39589
77637
99576
3457
31789
38102
55062
8604
59541
36078
44701
93543
96824
81512
8715
17086
31072
9102
88787
65427
55879
84807
7740
34282
51333
15391
925
62897
2530
45704
18321
55394
70568
712
8876
79910
2701
70157
35740
73894
79514
87863
89173
86213
58670
9666
64577
59613
33803
32482
10705
47304
72527
96736
41485
54781
69897
65293
52124
16397
37176
92165
6073
13837
17756
89307
22974
96112
72635
28804
14384
60914
73362
14893
85912
68016
95634
21527
75612
41666
50814
41312
29094
70048
34998
71017
82866
73832
59226
54094
10013
37408
18033
19342
36718
87349
81789
75335
68456
69363
86691
68464
86977
4998
18097
49791
73941
57634
10823
73469
59147
48369
89681
10457
65582
95863
63071
36025
78838
46739
6440
49142
36886
18540
18791
76976
42881
54020
78175
98563
86226
20298
53071
6248
54975
82350
54334
24095
51950
85207
97075
25232
63008
85757
94947
61643
47726
7575
53759
40854
24277
45763
96497
21717
62923
37548
31578
68437
86207
41120
6909
19921
79459
12260
87242
38848
95298
83432
55481
83232
41529
38975
84075
93630
49663
81208
86134
51128
23593
57147
29249
35305
261
37321
74285
40462
23801
31353
43325
17427
50772
85897
37888
10829
78297
77153
45773
50747
98514
56099
66345
64294
52093
70526
99324
85301
61688
2866
72053
81715
51414
80449
44843
29059
11871
71604
19660
42138
37974
46780
15047
63944
40107
38054
32460
55632
1087
73245
15332
72510
35435
35386
52614
67493
90802
64955
83211
29734
37996
88983
78773
20934
59300
61610
66012
70322
41053
8828
98958
6693
57493
3634
12772
51733
41052
2400
24187
14039
38066
43691
84214
88442
87534
99543
46280
16028
27834
77349
38257
46915
88392
89926
4141
48991
68006
94112
4643
78496
72042
62137
14579
92258
74287
8639
15016
31800
22613
880
26441
88401
40768
69172
91667
94305
4769
90331
33400
59757
15330
49983
42487
63703
70571
52042
18301
67567
99493
63781
83727
46939
97757
45690
41996
75929
29112
91956
14155
78895
84526
14479
93415
26954
50908
49856
6147
19219
98258
9836
44221
77675
60712
44886
63166
22058
19649
50875
21686
22244
90337
47449
32306
58831
17153
79501
90644
95078
27175
15738
65192
12813
76175
54505
75230
850
56568
15533
12795
20715
45895
99081
69308
89657
19560
6051
86226
52870
82523
19937
56279
78236
70269
91910
88557
37077
82173
34584
9800
71406
59212
11069
92043
82520
44643
31408
1499
6207
69655
62316
65490
4115
38080
971
76349
91256
78141
42649
39271
11101
93275
37773
12554
7238
59459
86955
42543
84264
65947
38153
18676
21983
5733
41388
61503
34826
7037
86787
45013
88151
4551
80019
83214
20207
54447
52163
40156
69297
15561
97301
58935
39524
95312
98699
78131
21438
98514
84805
23061
57688
88864
17234
40259
31502
43639
43506
98382
96691
39468
41522
84218
91353
97636
51119
6549
13255
54559
92346
52790
7295
46799
73246
68703
68646
79217
79152
26671
7034
63257
40064
36311
22231
63726
87325
99286
87317
39759
51711
76568
10940
53780
43464
29829
74038
13082
67582
41888
44192
92149
64875
66879
6167
32014
15765
10888
15618
48531
71613
52284
64486
16835
91348
33434
99404
5211
61986
27626
10311
51833
19232
73496
2847
15778
41850
53515
3335
43416
94664
55563
11634
37264
82478
14884
98381
73184
30143
90216
47961
76436
83667
38785
68146
99427
12081
94105
62432
10029
30425
68827
51095
39956
31576
92359
72916
91379
64032
90389
90164
62250
7553
72201
53866
16049
40649
27221
34357
76463
35052
26219
75067
71769
79665
33874
68165
80447
5349
3420
3696
47745
91083
93305
12991
25837
4467
71678
5687
90118
41967
7001
9152
39754
52
85711
68882
11465
84918
52096
58777
84859
59747
85968
74977
4206
93759
79325
60291
97702
24193
92469
86029
60612
86692
42419
71167
14248
59210
28029
11582
68971
21534
44238
34495
28050
17066
35313
71717
93953
64992
56699
95528
53253
44642
18836
87997
5114
18328
8785
32077
25141
11387
7985
65925
49498
20972
48540
53061
57632
14544
54633
52255
56889
40514
89806
63325
15508
51472
46926
87139
58446
7608
66337
32709
67493
96941
32775
15969
67855
54422
66052
95920
50424
95951
86440
57583
13548
78313
84997
7078
68526
82252
14085
79409
10359
4444
38639
12739
54836
55511
72488
53642
71401
21646
73631
17533
45050
75276
98431
52556
88196
32571
85205
3209
48491
58712
1831
60937
54073
32222
49777
37195
66474
39847
18613
76194
93522
86927
22350
63049
58302
20036
61132
12344
81933
12410
24518
28778
22320
68906
12532
38272
79882
32441
18882
35955
97046
10875
30918
51646
2613
77701
58665
22614
5734
35293
87167
31554
3033
97436
24011
58123
52925
35381
94254
68159
71438
72861
21276
36081
34194
73052
38616
85167
19690
11504
57312
34033
20964
82658
79148
82647
56009
70704
60436
80600
61370
38518
6610
46640
25242
92964
25745
24884
44895
54409
85346
44500
38186
50722
64516
24185
89599
94836
17452
29560
39085
73498
2924
94229
77980
53133
10589
20374
18288
41363
2114
82221
74945
13653
6789
32920
66250
74635
10839
41229
47307
13732
40271
65280
26158
12812
95847
70242
18141
54962
93047
61172
53252
30876
41515
87871
35594
12381
68659
72108
82375
5370
6595
3531
52295
3124
69554
24532
43933
31595
57934
14963
83997
76222
82252
25352
33226
37643
68070
65168
57286
40347
2233
63325
48316
40941
28969
44069
72138
18917
97326
53869
5976
38730
58854
41937
7136
36740
12985
23033
43257
71314
26309
86546
97028
78084
77174
77029
48623
16162
54645
97950
44310
3490
14821
42027
3137
43269
55215
11353
74154
25485
52394
25015
34269
4064
8986
45266
17368
40314
18216
96486
24657
45036
21911
85972
14038
15686
66297
70231
63767
51940
95445
55976
64272
99375
9559
2485
23909
16826
38800
63867
81524
1632
48879
17771
18919
1293
52276
92963
69097
31907
59661
8309
97946
58158
73292
99273
81579
28848
27989
87450
76972
84983
47586
22214
30040
96418
60743
34893
94505
6501
21357
541
1514
54349
14961
23025
96157
4139
67053
12744
63410
73333
1134
31859
92278
87136
58029
6113
26082
10285
20906
95060
88836
51349
86894
96541
54046
26664
87731
22501
40550
17382
98458
62596
10550
59119
6794
43597
43196
50267
3116
77440
61795
15245
24040
3638
83849
15726
29935
42903
38388
54629
8811
84220
85595
26297
11704
50165
67454
18420
68979
69492
16407
44551
72194
46027
74875
38538
21309
33159
80341
14432
62916
75815
7168
43465
33264
73591
27309
83256
12692
38319
96729
44827
84113
85920
8571
14237
77001
84252
47415
56629
76142
24776
81287
33623
61032
17244
43051
78012
28763
45310
94417
96776
62562
23955
91712
32996
77051
42129
93032
38112
22855
84198
5727
30660
72763
71579
60438
86273
37455
60637
61536
37056
85743
23712
38290
38140
94527
73545
82432
16020
30540
49296
54492
67381
43901
99952
82265
60157
94208
75575
37186
34871
91219
9302
33773
91944
19048
50627
60859
89453
56805
56777
40556
68126
83773
57360
11032
38849
85665
53572
38468
3506
59696
77012
7572
73558
29705
38346
86759
72811
89313
280
92065
61880
23450
26665
45836
76440
89938
46345
19091
43900
12685
92979
59214
73763
8739
86366
83607
86540
88919
43416
74492
40636
37106
33680
75175
14207
1730
60215
62238
80702
63868
88048
139
56524
64712
78676
44675
57108
11524
34592
48910
39319
34480
94568
90820
66716
17797
33809
64818
43339
54738
218
83891
45897
25788
51429
24774
89770
51489
31629
74710
29723
84106
38389
80031
24637
92840
2689
9050
30063
41691
26498
75016
54327
94505
35172
6155
42537
42859
8458
96409
67920
95396
18899
25963
63649
4156
54242
30736
13282
53902
54904
5618
79894
59881
19187
55213
96090
14537
66183
73876
15107
24758
34755
1647
28239
25202
29564
51391
90616
45273
82236
46910
43031
35219
6789
34327
65206
12426
16382
20480
38598
71953
95768
76161
86786
20880
95121
94446
75318
79959
10065
28000
76676
34581
81302
43162
60640
17252
97723
38447
74592
2850
40120
68009
71665
7993
62587
44675
53091
84859
90006
83664
98155
45703
35278
43154
28990
58594
14860
7359
30080
35118
76072
10657
35207
54236
70234
8449
53917
63627
73686
47954
14702
77934
45887
35747
31833
27758
4495
78793
58292
50446
41354
90459
89952
26401
29845
30973
99303
38147
14172
2046
2391
90364
8366
39474
26777
29462
32801
17429
37759
54138
90757
89464
11172
42051
68961
20220
99816
99530
11320
1231
54098
36067
49067
79634
93763
85613
20704
8806
24390
39261
9146
15769
49454
71640
45563
24338
69567
6412
8970
2370
94956
87066
41033
4154
59688
51889
79286
47901
57439
9625
31157
99772
26827
12940
47947
66324
41296
28732
45710
41163
8758
23995
93038
98498
44991
74988
40009
39531
96488
44623
50652
93403
90560
8950
6274
67032
95033
44912
19945
41874
6327
72803
51367
14765
8104
9373
88942
36514
23692
79239
83041
40835
60701
67806
93611
70961
94027
42535
59162
84700
11879
39754
51412
12815
58972
37753
9212
17877
6665
80915
71290
96384
8787
3836
34836
35955
72627
78272
90394
35618
86045
3495
15839
17249
61582
9817
32702
22753
15338
35312
73004
52498
85750
35244
29995
66572
21390
38551
55793
70350
161
71065
29848
42776
7948
86657
32047
56864
32970
57656
98334
15754
52141
23543
98654
8383
23915
34163
51233
49154
5051
86458
2538
71352
7911
18791
10633
73542
73841
68264
14564
34076
22479
20043
35457
14980
73646
73062
9300
74924
77769
75837
89783
57681
36978
57249
357
62206
36590
21611
42656
87227
87318
6638
65299
13702
68526
58496
34865
89157
76023
58505
83023
64705
43091
64258
93275
32097
88086
83673
34737
50853
24862
76308
71384
29214
96674
44857
34373
50662
18434
48427
36952
52230
25608
27337
46757
15841
54743
21755
46454
15150
38197
20143
98901
19264
92813
25078
14590
72720
63974
68259
74120
52916
86874
91803
62364
11009
35253
36085
17027
23669
24122
84202
70722
27596
21552
30793
39097
15753
17500
77434
77353
66331
37219
19586
12655
4718
77407
52120
36400
71596
30266
61653
86687
50174
74306
84036
65356
33804
64972
35748
80587
18658
4727
22785
91027
53994
49420
71304
97711
62020
85980
98836
55220
86540
90905
7789
15696
67287
79147
57645
33601
83133
99685
45431
93402
62469
97515
20548
53289
37516
65437
5292
50780
81751
96846
58695
61604
14434
28558
58661
55298
6103
54408
74380
85615
31430
6432
147
59268
66517
68339
98068
54657
7327
2146
97454
18973
59296
29383
28558
56479
28872
18014
60194
96582
80688
48055
73468
89693
32210
46185
1262
38728
20486
2347
27498
28724
25304
59815
61971
56036
97367
61279
86771
69177
67368
50635
43453
79605
99392
39722
2307
85050
0
2181
26425
88088
94214
77797
4927
83374
32964
10454
27058
20332
67076
59340
34170
4979
74647
68729
93668
99480
67411
72521
59112
67593
31242
91017
29214
30052
4601
93862
90300
92488
43877
16211
38727
18304
75922
39410
34510
47507
54887
78596
23072
86913
34221
66439
2100
8027
16464
38474
4958
30663
46053
2827
17639
27478
43069
58832
56845
3196
48582
74875
78772
39101
20153
34569
76455
50865
20612
15866
29057
35236
34219
46160
44592
88814
49449
72198
33371
64803
88916
21186
13588
66127
88904
59637
46434
41049
98571
11249
75235
17089
82565
31313
98924
80012
99824
83970
66759
99651
89983
51235
87415
598
9416
69721
96444
99892
58234
28825
78028
70870
25460
92041
14279
27396
61287
12645
50196
60516
88134
35406
52293
9363
40630
11967
52671
2905
47236
64580
88990
65478
5439
33719
74820
37681
33771
12989
56711
19183
63193
46542
82815
69746
33220
4364
91628
90523
17034
71528
18725
87179
33774
6243
11516
54577
98941
78052
59967
97449
17049
93538
52656
93654
39835
12550
65431
91741
17221
76597
93625
48297
55933
31012
97322
41592
52590
82546
76142
36265
20338
62148
85871
75707
45854
1811
31704
99195
22202
20243
38740
55718
53021
59261
2134
69654
93885
89161
29911
20670
38933
99887
73302
40436
77903
70427
31245
2761
8920
69924
1986
16394
1909
23702
77110
54901
7667
76948
47799
38023
80845
66235
69538
96977
37857
37906
95275
96671
28877
27668
47707
63429
52635
55472
97332
20451
88845
45435
97804
75426
70565
28942
90274
52278
18256
22345
53809
29319
82151
47233
61987
16936
41361
91887
39824
72697
30348
76324
2578
39997
75152
34573
73883
81252
22217
38557
63759
46437
26370
56659
66055
62232
79144
72372
67458
51903
75961
17260
78720
15512
84097
65956
14520
81644
65681
30770
22067
60747
15647
24634
90102
12521
42856
57806
274
35992
55058
9022
30061
79699
58585
7371
2949
25491
81178
99754
37791
68989
24429
87920
96736
13088
97603
87066
55900
9195
20052
92239
15571
91446
16489
3012
30789
1735
66557
53534
19376
21337
72097
31465
96845
66939
87199
99021
56926
76725
63007
89028
466
65926
92978
53078
36317
27726
27898
77013
14917
55789
1906
91079
15939
62818
93450
38614
63210
55572
76581
1213
58934
27644
80378
16454
96891
92964
91075
29796
25889
98582
30139
79174
46188
31024
91773
49645
98468
63410
66694
3063
73837
89543
38616
63586
19430
81018
15525
34026
73488
48584
35810
1353
143
61793
30093
72822
85547
76524
56186
43353
36651
98101
51124
16334
25650
22732
44891
84915
71045
43805
40146
99799
88878
73518
27376
69391
89027
16792
97023
15873
77438
57048
56308
77304
62772
28785
79030
84395
930
18951
64097
21943
7224
23340
66412
75735
38418
22282
37935
96698
36127
30609
62981
29683
8438
36011
12475
26625
34416
60702
83794
68754
79501
40313
65915
79602
41793
73819
53562
96864
43702
60495
83985
52094
79707
18203
92575
65537
7106
51640
30972
66744
78856
324
79745
46828
94067
26624
68866
26760
16310
52404
49978
40227
35156
95343
42442
66910
57425
86809
33942
64599
68719
41071
52996
75631
46624
10886
49976
90235
43435
46938
19519
82775
29729
17050
89898
79176
60568
19086
85534
15168
4953
26801
80554
91297
10517
43757
16938
84364
75761
25665
8111
20296
17698
66373
98025
37785
47328
4114
204
83180
76648
78631
83325
69371
32885
67202
10498
18106
5444
63265
6342
38338
1275
18774
59645
41917
60516
61698
65113
2866
93948
65612
14473
17770
38826
99223
65077
63356
19024
52112
31848
56454
18882
2353
38520
26321
43476
11182
58412
43315
33259
98832
78919
12495
19323
69773
19020
98924
6727
56107
77268
85629
39000
97337
89232
11035
64157
65554
30545
33661
2124
47142
99081
53331
31417
49888
19455
98921
80253
33324
98441
49334
3286
21798
69607
95116
86692
1978
98447
69052
80202
66153
56628
62917
74844
46218
17453
21545
13121
27484
62163
77921
80636
24750
41190
86117
99750
25587
81078
69435
50317
20099
18670
73403
57665
27934
82342
17201
27729
94115
24342
62179
67107
61492
53459
35971
90513
36164
78487
85198
32434
97910
85799
52768
71160
20519
68697
78536
80608
83490
95365
61105
20899
29012
18735
60102
47483
83225
5251
46910
63875
252
93815
19006
3141
99984
10814
19144
71291
5218
95603
63586
47100
95879
37000
52406
34299
65901
2242
37145
59237
3806
36592
44239
98749
63237
41279
38095
42757
93356
88488
7288
30912
31577
21323
32182
4095
66793
49626
71176
9705
49553
7244
75389
87887
31779
14005
25020
92011
66328
25802
81581
80982
68105
87673
60068
63659
49576
20256
39904
58705
72719
76386
77934
16730
88314
32674
15522
74556
4818
48311
67506
16274
31066
27440
9683
96562
61203
56352
66970
49231
16259
46083
76429
67553
6906
26305
62806
43903
61254
68522
54518
46537
9722
12471
36986
73166
29309
58659
99572
99104
98482
50463
87192
18016
58296
65306
49915
40665
77989
63506
2456
93223
53285
90673
42445
26635
99957
10381
9823
62008
69867
71618
13302
36295
93792
20968
6552
18595
90453
36517
67252
2543
56780
67865
50748
65795
58890
58412
9257
41600
76389
22140
65914
97748
66066
61295
93251
19049
70025
10351
73209
18928
48835
37563
29237
26863
37161
50897
24223
37327
58753
31320
50212
41471
96253
99912
36443
85419
39924
76649
67744
41544
1124
68223
85618
47726
5704
15554
70229
32497
27717
87503
48570
80102
63307
48324
53708
19217
38628
23885
28634
7993
34189
71929
82847
45069
71928
24442
1494
66154
24852
7832
79124
93375
42606
31664
17804
80611
51944
81510
21159
21607
80667
91726
9610
71249
82750
70110
78163
47929
46203
17226
46790
16039
48014
59750
7355
29194
85375
40549
75798
81261
14059
4075
7645
19884
8378
55194
37495
31643
30519
73096
67272
57118
2725
7027
27325
42463
62319
11597
62319
1818
46278
53564
19950
7626
61041
63085
45361
82856
24309
88610
95235
11395
5711
39897
7547
76592
84080
89725
62870
27555
32614
46520
17409
73106
49953
89672
13313
40987
32425
64892
66874
73778
78229
73980
34982
60495
84124
19
58843
45293
9833
54639
7334
41909
77860
55877
51406
62827
99480
50732
58382
72593
48726
34763
69203
99758
36155
46843
57672
71369
49772
4373
50430
59416
21735
21457
33165
31731
4915
47052
92468
84061
30882
17577
17722
77975
39186
75499
95245
94076
38265
50485
41506
81692
6509
94281
25051
43466
4776
35224
24340
37280
42346
87473
95520
5459
4208
47917
20174
56403
22712
19675
57912
52428
58264
74320
41711
31149
17040
91227
60571
60655
51598
63596
33103
99286
62866
68738
52907
27454
96406
89698
26954
69690
22712
55187
41714
43408
22056
12263
73767
91269
55325
38842
71363
18590
92573
89078
23427
32189
52569
93902
26425
13549
74653
63685
85682
78750
54369
96233
42592
35469
95010
92719
59997
33013
92720
88221
29716
3077
32606
98302
9092
4777
17460
69301
5329
12756
92232
14513
6713
73788
45311
20718
74884
2503
63273
13405
95037
59027
69505
62964
89038
25823
69670
38297
96259
62605
78844
38350
25869
4351
59362
20350
99583
54267
84809
21647
96089
5351
58355
72926
86518
39855
89519
68804
90158
74292
17835
57493
69739
79315
93184
70689
33572
69641
9263
83269
35107
79162
73042
42723
33911
53881
88644
2362
14425
24961
21135
20616
17694
41625
17315
89685
671
96579
76446
49183
36303
866
48139
21967
44770
21351
68610
46554
11166
88673
86777
29941
45004
1540
86540
16927
32309
15632
39015
32636
51211
87156
54378
65196
53156
97218
39799
28114
61999
3498
70017
36993
93195
60080
46965
34240
31022
51074
97953
12559
85271
42090
91196
25752
38183
91193
75612
16153
55085
388
57376
85039
57563
43810
97971
49146
46487
82943
68810
47552
81552
40496
84554
7667
18655
49784
36746
84924
54575
52299
85904
81234
17678
26455
47365
9120
95960
28626
27013
61963
21605
23645
73028
61610
46122
84978
79429
49385
62108
97818
87752
48079
82264
50401
31007
44774
57535
83528
7096
88398
54447
90688
61578
2785
14484
76141
67360
31108
96444
88851
53185
17861
55929
6847
25946
57906
67467
22944
61544
33677
70355
87360
22815
56756
64546
37825
98970
67277
95448
2590
51584
12431
21529
38614
7515
30916
62067
70243
47126
69981
17617
48320
52940
73257
44633
69890
92149
75416
24454
73100
77307
34591
21984
73418
18042
67086
67873
4821
38239
76658
77171
82
35660
93854
37266
40754
96332
17315
99331
95029
95838
97224
75817
91563
16060
22035
34420
49558
12123
94655
45675
23553
42822
22347
25282
16993
90447
48110
20571
40429
63043
57246
32003
70467
92809
17534
12660
59085
35991
3878
73558
74834
76085
29425
77262
80083
58773
30420
57358
96007
32665
18314
92698
43583
30983
53617
57260
13312
68571
20272
50306
48221
96743
58902
31985
38592
65220
5350
98753
98525
9374
75335
13567
8244
21097
70841
47468
13397
45085
45199
58219
60027
90752
24564
7763
44729
64547
88420
39484
39192
60274
99347
90513
15718
53572
25337
78090
17183
97440
38669
14862
53423
31666
58832
86632
57330
4747
84453
22486
60141
6149
43862
68227
23371
62053
90278
57468
72179
51139
87256
74044
76800
65865
59561
38250
10027
84821
97848
54671
95759
92750
30285
15957
6415
30337
4795
28361
31919
37931
50432
39981
80093
65933
79342
33043
16411
31120
67141
53665
63294
67868
5911
66044
10184
64624
38062
87558
72105
20581
76605
72509
6899
29782
26726
67391
75864
27905
61811
93034
57257
61917
25549
34247
706
47274
93950
10866
86522
26518
21839
78907
17679
44183
91377
27891
86838
64241
5773
41790
92274
17237
56256
11337
61326
77923
33082
50311
39206
11951
57179
88506
69308
74107
96407
1376
42318
71664
65337
62909
70673
27196
1035
45587
98742
97697
54830
62716
38404
98835
80552
11623
22132
20020
760
40020
5661
14211
72920
22783
14191
43639
71659
74570
69338
33332
9599
43572
47775
90001
85572
15174
98903
42863
71117
65077
16201
10669
12594
63629
23093
70366
11907
40371
31399
45555
66373
49287
73346
56387
95715
28106
98743
42553
48717
27034
55536
26464
76248
65409
88098
11257
14940
48403
13262
65378
12719
79268
48903
35682
23818
94992
1616
9291
99690
43825
31732
31287
43171
23782
66959
60311
70225
91387
94286
57465
16430
56350
94146
44082
9541
89737
34420
47185
75530
11835
55425
63503
27109
66020
32836
87105
383
37663
32569
722
26490
89452
42863
4891
95302
24249
83293
52465
98450
27786
41031
23553
54117
55796
48948
56369
85122
4821
26141
34081
60571
54431
33761
87855
88400
68228
4177
77150
90946
79853
59927
32561
58818
93563
30975
26977
13486
89254
48779
85291
6443
81955
48734
47743
70803
31872
9386
71313
17072
76467
1982
95562
11522
98488
40151
72058
55691
55007
16491
27074
20071
6142
61518
18596
67859
8470
64734
60554
24820
21970
42882
95868
56041
40849
27637
78615
5697
86017
17051
56527
58841
32864
60078
14479
77871
64365
21039
60330
53411
58917
71286
58479
72762
21705
65220
301
20437
30137
79884
62333
67138
48832
46493
95101
33584
6114
39521
70672
70850
61535
66361
69674
37955
59964
68232
87207
46064
47039
40725
3493
87430
4404
7142
65902
50683
84403
23106
34336
75629
27336
58178
75559
6132
54718
89389
10008
86371
64976
80894
71757
24843
50366
89479
91876
92556
1612
20523
12798
53472
78013
54236
73398
89411
76390
74902
62733
41690
80590
44418
49181
83008
5185
95042
43514
3357
90801
63541
83237
70574
58223
835
81088
66144
68968
78650
37063
14924
15266
73346
49071
63879
10307
80863
97616
73099
84780
86148
29741
79816
26655
68318
5781
20558
31713
88749
19658
55324
45965
88518
1754
38071
37286
42224
95248
77177
73148
7253
20443
97740
37838
47809
26424
7243
95346
85301
72700
24321
97426
70415
18576
4653
33799
3421
43918
89905
95054
60529
34430
80219
58991
81739
68959
26747
71591
10999
26593
68083
85615
20438
99950
77526
65704
32001
41977
78846
41894
98537
25211
46412
16048
95337
57897
75550
69941
97101
4271
33865
98305
5343
82122
12618
72823
40223
38749
56099
78850
99676
35651
84346
58708
4617
38705
76987
70464
41050
38948
1798
61443
65072
48011
96517
35318
88018
64171
63653
23842
93408
56805
74490
6728
92727
69777
80272
38316
87331
4703
25481
93251
85878
99995
42217
62885
40864
87703
11431
56631
80910
5085
28891
58153
2472
72421
33233
57331
85605
77300
84804
76052
75096
32257
85441
42871
61161
77618
65980
34839
58433
38671
83132
36347
13467
8547
75565
65077
5793
33631
94454
314
52739
7021
42931
88322
27914
16337
4255
20306
36544
22940
52710
10031
19898
49428
18155
53620
14553
99346
1724
63245
21723
76592
98198
42238
21953
92544
44685
93925
96855
68155
51538
51974
82845
84490
23313
68074
89325
97119
14957
44824
73362
45673
98294
35493
85960
73101
16449
64038
90392
21944
50523
6447
31906
31208
78591
76147
8823
693
66369
35369
71651
10330
23450
68388
71402
735
27185
35407
26115
50080
64295
17434
84388
56900
89883
76049
78298
62704
56278
48851
76095
80646
3533
74910
17632
45090
20067
51637
5898
47165
59251
88632
30749
79587
73172
63032
22223
29905
64091
85224
45916
81041
37923
40311
57648
33089
22058
75006
41325
2542
97849
46118
44415
17517
59274
91004
6796
48539
50756
26311
80668
75547
29509
78949
90828
75663
86684
4801
83727
26850
53826
48392
98613
71053
2935
95053
42723
63221
17262
84543
23031
45061
10312
3356
49316
13132
44216
13231
20312
82168
56235
73683
79148
37779
4556
70368
51532
58973
49482
81985
46404
17257
91279
14474
48715
49456
47504
73361
14581
64221
48281
43575
31277
66212
3279
35606
65235
26152
29632
77696
31446
73452
84488
1558
70615
80143
69243
60834
66496
32567
43521
83749
13738
35276
38139
5774
53781
95837
54641
99860
65628
70855
98650
56091
33887
12660
42405
12935
34499
68949
5132
25379
29340
71786
50538
72951
32768
89720
43859
68572
80212
86670
6865
82014
20699
64531
29836
96000
28073
97505
81825
69398
71511
29772
12068
60591
74802
28397
67671
57955
37737
56307
26334
97546
27435
18141
54408
41951
84738
65188
73005
64061
51978
86068
19648
78957
63989
16635
35391
69355
82823
46404
84862
36993
87124
35733
53868
99568
59718
89946
98148
4371
22049
85904
30835
23904
60336
9318
54578
2558
10122
87884
11262
62885
24500
17764
17420
85443
10123
33110
96601
58167
93005
98315
75131
91333
71445
89340
10421
91701
64272
54840
82233
94791
67039
68634
42011
66073
55233
95744
18621
54671
62057
32833
59233
94938
35142
21976
12493
69360
18313
68425
89445
26607
93344
39981
11365
23733
10772
39502
52458
70995
98896
62876
38285
55282
5651
16470
95845
55866
75752
51346
30209
14379
14489
41930
96109
60172
39082
80193
56190
49469
76847
41061
73388
95847
65395
55625
1447
27058
57269
18278
55301
15730
43285
47625
55774
99180
94548
3951
89287
18671
26130
56627
93608
66966
38215
75065
12118
51414
43871
51192
84650
30579
83311
2989
94148
57835
89488
42437
89887
50025
15023
68787
98597
57473
96044
14478
71093
66864
86155
96929
65624
35131
90905
37518
23338
20219
47452
6421
57631
90329
43507
50032
83187
6076
33627
24722
32419
40296
53476
97939
9692
52110
14064
39261
3648
57343
58030
36135
70921
23736
3971
45253
65258
46941
85568
49519
39673
45792
79650
73928
10382
83066
84806
99557
6518
64990
85600
92520
23845
71322
82059
30797
13387
88215
87237
13513
21066
51644
33869
65995
62189
11317
35500
33894
86357
98253
84773
36245
20507
84108
85049
86626
60645
79547
87557
26625
67304
14506
32743
38658
71742
65509
12289
99599
41677
73174
31866
77043
59704
72054
28452
88028
11922
13655
11739
99064
47566
50911
13199
8265
80216
49355
72013
39737
86273
95432
70152
33839
658
60611
46209
6560
18901
95211
94252
96680
99028
35900
92217
13183
66386
7730
76540
48452
55655
97020
74704
46989
67808
88492
79059
16392
1307
24478
58441
22387
93496
72552
13326
46244
3022
98026
76384
99092
25845
21892
69127
16711
19402
15058
36
11665
58694
16
41878
72486
72814
23560
84081
89252
20728
23162
66030
12165
81551
29817
5252
94423
36770
71865
3184
26475
22574
45972
10161
68359
31345
77448
22607
33762
27892
57993
27587
52750
88456
67394
57698
1290
82599
85954
49572
69935
88470
24073
25516
79859
31996
64218
17540
96027
16639
74704
79940
47536
11874
73560
89090
12721
89855
73518
41140
95366
952
50319
61360
62735
95575
13280
23709
14157
72118
3962
11823
50815
22293
33248
38005
98501
20455
30301
36363
67127
59907
26579
17122
53188
78052
80050
40875
14895
78304
44976
11435
9081
44814
54205
68982
38151
62712
62781
84284
18715
40509
3383
23908
12677
62881
29125
25243
78625
35555
90588
92265
59554
37154
74013
35459
74373
33196
8172
84682
15524
72404
8813
35853
27142
92526
2741
6000
68087
64265
99854
35788
57674
46016
17647
26618
56523
2670
4445
90306
48926
54807
62249
79340
87715
52710
51881
71926
70801
18746
94609
4955
54540
78098
68760
46311
31695
67530
96766
20151
60139
23124
57155
14360
35701
54800
34591
13537
19507
47395
78935
71702
28750
17865
35755
60717
10154
29472
48137
74431
40645
30815
35199
49340
69656
94898
81247
79575
77256
71336
94922
88992
5904
84294
30167
25802
97651
47889
43639
32914
18119
38343
52419
23406
39810
22907
76204
36675
42343
8042
36156
2222
19392
22335
79506
29324
87925
7814
44704
40802
73552
55016
36281
48170
52472
89942
65798
44456
87697
9953
63065
62265
85833
15222
56312
2301
78395
11792
9529
46749
18694
44572
37232
69213
35180
92699
69600
83568
4788
843
37876
89836
3185
2837
59362
63103
2062
4249
70933
49868
57108
31748
48977
32389
44977
73891
16389
4169
66022
77204
50929
76132
98284
97955
22108
28979
17783
67067
12990
59772
20342
82229
39668
86854
72076
73229
59079
82995
55860
93209
238
74145
40858
59661
89640
86946
95594
4842
24236
61289
76310
65430
17546
27583
49914
61744
91551
5230
80729
30382
45319
34995
91258
11160
29525
74878
92079
62123
60313
71748
14811
33393
48309
72813
76966
76783
35273
38623
8314
35161
33385
12941
42831
51701
83462
54912
64683
12084
36939
10332
81677
53849
2266
25477
47889
65242
82887
29697
30136
14761
94866
33470
44529
52488
46478
42916
17120
44732
50616
73131
26470
52928
96915
45567
96997
32377
92164
39557
27698
74613
10195
79994
25184
49980
90070
60961
31127
22832
24923
11723
93895
5575
8486
93553
40295
99914
68412
90343
5223
40546
37791
19951
61468
63808
83862
28748
56933
56698
28480
15512
73078
43329
1999
55523
4566
14871
8286
94548
62417
85516
11789
94288
19808
38892
79235
20894
44441
3362
5272
97082
63965
1821
34334
87152
36821
90244
18526
61375
66118
61321
4027
74428
94352
9411
38645
50566
3576
52963
88986
25423
91628
73863
27925
19706
28757
43503
143
22575
84573
62967
84307
53571
51426
31397
51546
71257
8994
14847
18701
14322
96345
46911
28430
1095
81488
37360
99936
10396
247
28668
17318
91478
14375
79848
5454
90102
73895
14627
58394
93317
90100
95950
76802
3150
77014
50456
23002
62954
57865
67387
41571
88728
34261
74664
29078
44717
45433
26830
38217
91396
43567
89746
22328
55904
45649
92828
39195
71577
25943
61443
97362
94367
56452
25384
24221
394
70108
25279
24080
31032
14358
36981
52530
32860
87097
28589
57216
39710
50770
60737
44669
47065
76409
66998
49749
353
73622
20897
57500
84185
11260
51424
37010
96421
70024
47204
32275
8877
50443
28683
74608
20153
2749
7185
77037
6585
37216
89467
68807
17060
35612
99485
20807
65206
16774
50296
17957
89454
75634
23867
26772
49210
67779
39895
19771
62934
99971
56108
62835
39892
96313
48339
89266
22087
86128
24515
44316
69224
89960
43164
63137
84154
52090
40440
48573
11775
30617
71804
79646
19727
29246
42821
33242
26576
1910
25397
52374
62854
87413
14103
6614
81107
26632
28914
20746
87273
10218
98720
79077
92258
5980
48733
99493
32470
60729
42618
97120
27338
91321
7995
32317
28167
76461
43107
10645
53492
15096
62689
20176
60731
72141
81461
81810
75856
36549
82030
57521
23175
19694
61300
1557
31896
92726
87388
13747
80513
43328
772
65847
59292
28277
25035
71532
79417
81786
78447
4645
83525
18268
67253
72176
47528
78544
18346
20116
24519
66923
23636
95920
78699
85096
73944
7643
30021
6438
420
35440
89073
29360
30132
10164
14324
96842
60883
32454
47106
9929
2392
94070
58102
77384
73996
4907
52440
89123
54028
53352
74379
67271
89227
13590
19691
4851
87147
74196
54332
17391
41511
72979
81366
43006
15571
54164
88136
57089
57851
50685
17660
85892
73010
14590
64531
29566
37818
1314
11099
69037
55202
40897
52409
47067
61061
21802
40132
16541
90472
9473
9694
86686
78121
29714
68417
29412
12704
15096
61812
19831
16770
95351
31272
3343
35691
88487
94260
74637
49059
90125
67033
85833
63097
85295
62188
613
20569
34298
81945
93769
14032
71594
66616
48378
40991
30974
7771
43296
46172
35118
16861
22722
39501
91267
52266
59851
9625
49066
11376
72574
27542
65494
67482
347
42439
23861
23589
92826
67525
67804
8843
78406
33151
68043
5799
45176
28734
82893
62352
4717
80716
50963
28465
13941
73263
44311
46331
71829
33028
2337
90988
71503
22921
9371
66226
48537
4111
66269
5938
17129
7384
14944
75771
78367
26274
38455
89570
71458
85467
7090
31116
26731
86714
6659
91858
76578
37028
53541
27083
98128
77530
51759
59797
65187
76815
37340
55484
23780
1817
57262
41064
62465
76955
45222
97332
65771
75191
50098
87666
34808
54740
74873
86361
25938
71220
64256
84789
16262
17512
89647
11508
50570
39185
7809
39599
55625
55147
10583
1551
88934
82970
65790
69640
28205
66026
68651
49776
41491
9326
26086
1386
86930
65875
92275
43388
2656
65397
33859
93967
12559
52551
39221
6267
12169
45753
90493
23280
69145
5623
41706
10623
64608
48546
98731
51837
88949
5232
58155
59911
2568
14480
43297
6935
91426
88260
24578
84695
46909
64421
36942
90227
21287
16616
88992
36383
43748
59523
57471
82452
75532
45371
80631
35868
67620
15462
36778
38384
67143
40437
54438
97424
7242
73947
91398
98079
9253
32286
14840
23908
21174
5798
76370
4723
68681
51479
89335
47991
59553
62347
8088
29425
47761
75703
84379
57197
33848
7429
39315
75963
51481
86194
17551
6472
9982
39517
82985
47340
25217
90913
27130
11462
44682
33562
61277
69733
69001
75907
67187
16140
26127
88786
78830
4796
32348
25013
49663
31538
89568
34200
64230
1824
92970
38877
72426
34980
88247
69897
94740
29163
68494
41995
22773
68640
35217
96625
84742
14198
14425
14645
88196
57940
40242
23175
49836
62695
7363
12755
74123
84969
89854
51446
57772
91017
26683
25306
18492
5805
61135
26297
81486
99103
81167
38023
47645
84131
66013
10189
69578
35722
40270
35464
17113
74922
46004
6289
61581
69795
89041
9731
27616
75491
95774
9771
39308
17048
84223
31756
41957
9911
78133
78937
53063
88127
33159
89093
76773
2218
75529
65704
96681
97174
43176
38400
44698
54389
34332
82849
45012
20393
63724
48697
16763
51403
98680
5994
3328
71396
98715
30597
99907
34256
68232
59667
57589
61333
82401
28985
41762
56910
29515
59363
94265
23336
13049
30442
32314
57374
65072
84918
82715
1373
86743
21563
46186
29436
62174
1659
89447
27164
85764
5377
3503
44932
65796
62425
28941
83509
80811
83365
71988
5347
41086
88102
90878
4360
54431
93426
38353
68237
73679
45954
6323
13796
47882
98534
47512
46669
13480
28152
99159
80741
39538
14598
71146
24138
55860
49333
57540
50624
1501
48805
76562
81706
12930
77368
60286
98641
30685
41826
75004
68747
63305
21210
53484
39809
99053
89706
97050
67262
14913
82272
70028
52658
84206
91247
65809
26488
16955
66739
48499
5098
35886
87729
66736
24874
69391
24616
866
70513
38247
48870
15984
71654
53148
30411
17436
18327
61113
31336
25084
66154
52283
90277
35711
19229
78776
23904
97500
21682
11559
33798
81685
63945
93326
69905
32861
75575
54473
28610
70418
74437
88839
26536
29015
66042
66287
98374
99509
53795
73811
47481
65375
85619
41655
82345
52815
45608
52018
47506
46097
45486
27116
79183
58954
4449
67185
52038
78327
83242
97550
41860
63854
32502
60918
50647
77314
25746
61262
69668
52941
80401
24395
43704
47871
64077
68422
96066
22289
10980
17090
87252
23557
6967
82512
24931
47320
9656
67581
24565
98857
14248
20047
16267
56244
31950
83627
32872
24701
91008
5031
27068
84345
82349
94565
65696
21091
83411
31311
94876
36026
71118
29749
67347
66151
10297
18302
56886
49989
35986
3327
67657
58165
36697
70811
38692
60354
8127
87460
15920
80450
35549
71365
31281
5949
90022
2907
41207
12401
16816
3839
63908
78344
72704
88539
27738
84499
52699
50115
45947
13647
26740
82883
88714
87681
37373
68902
47648
11538
55872
5341
12963
95951
15390
14425
476
99753
98467
61398
76129
7389
77095
44485
33172
32146
39418
89312
85460
48157
43073
54192
7654
58012
41512
2273
53710
52666
82650
43600
68575
21119
55259
29669
56529
11475
90876
67956
62954
58278
88062
27985
86032
91301
73986
38557
36552
82254
49710
56567
48262
48060
83442
99490
68465
1680
97686
54951
54439
13117
60715
47810
17103
54866
92822
55010
52130
47426
87956
21697
41270
71462
26358
27181
60095
15087
68160
16352
84026
2955
65720
71455
2956
26082
95338
20514
37677
55769
61203
54849
13788
35924
13517
49836
97563
40252
10882
31165
98479
18976
86427
89125
94298
28012
15296
76799
21702
56260
39394
53377
33520
81333
70925
51484
47396
89259
44854
91020
59528
72308
17332
96361
86222
33107
7908
5345
57945
76522
29618
19843
4205
36994
17873
65050
16527
76594
77156
74943
10785
18538
98812
81416
16374
7826
21328
32454
64999
62033
2439
8304
95397
19861
71636
26170
1643
90065
2903
61191
20104
9950
18854
45179
26642
19551
49171
96525
63460
5875
34956
70802
12102
69911
80234
40990
73496
35916
79987
78396
11778
75453
40346
95912
74082
21313
24445
84344
65357
91702
63406
26462
73691
15964
54838
834
99683
53632
54773
96822
58655
24803
68994
59124
27076
31637
96201
25486
39626
30645
52674
65726
10078
24506
49413
44650
69604
22942
71096
5328
95105
64827
31167
71757
42468
8493
97110
96137
15072
79400
41307
19863
81142
83164
19741
86974
6459
81221
68835
42445
25112
98958
44717
34711
39027
97680
16383
49184
66550
10188
31230
76740
82535
49445
1717
93827
93635
97236
16656
18583
34527
63
10414
60226
89338
32811
84583
26914
4765
62438
38191
88382
54107
28651
80215
96146
20109
96456
32729
44787
92110
47925
29587
4883
48170
64566
37327
31697
81446
25913
93339
9222
64565
50251
7918
25049
88544
84490
45373
6216
13096
89469
44419
4111
71997
42847
22633
53884
69229
5570
73717
97179
64507
71868
26472
86602
70476
5530
12056
24771
95484
52886
45467
78852
69099
28968
23817
3855
20733
55166
7602
35619
51082
26513
31691
2640
3506
25475
32886
5322
41933
83442
62468
75876
52195
96160
44715
92696
23778
21316
54573
83013
72433
20601
10732
60210
44002
65566
35012
43028
19029
18777
33151
14062
97967
38098
46096
37993
40177
23832
83095
45001
72643
6733
82837
12041
90417
69590
26657
72938
84253
31121
80076
99417
593
24589
63186
30481
15780
71480
58638
37939
90462
89858
86293
23156
50291
48405
77908
14097
50064
6721
52519
99946
38220
9571
10369
65699
37763
98691
69792
74411
38909
62073
58775
87908
38700
33733
13469
73378
74912
15615
22213
68696
65193
45156
54538
82785
20440
59681
61749
42012
91681
12559
22874
77531
78601
80129
61197
91021
14219
97486
92717
17089
1688
84227
99030
28388
31083
98385
84455
16558
34935
4530
39184
34449
84508
83822
34752
93063
55033
27584
45259
78082
36942
27779
82729
26349
39199
81243
9306
58570
72536
22447
59158
77425
22897
5124
67007
80966
46125
26150
51702
22055
75226
45190
7076
87151
73375
88425
93023
94779
45377
68133
35988
86635
52227
14635
80147
73908
1497
72680
89189
49839
89078
25884
44021
12487
45371
61759
11551
79384
16814
53786
46938
28882
75882
23203
2856
91751
20703
95578
52974
50774
88220
14527
13193
4403
86459
72523
25198
8262
24976
93099
79468
73445
36961
1862
32976
49341
1169
94588
41779
11616
76873
13639
77964
91591
21195
7105
10752
29023
11778
88395
53205
5919
19706
38414
61619
74551
12691
39618
26028
72848
36560
3288
54407
23715
74317
73492
91921
74019
90227
53514
90582
26114
53798
41358
73900
74580
36562
21602
83208
79353
61770
96175
96483
36581
39893
73549
53738
98546
40243
58424
36650
61550
68560
68931
75055
73584
59232
54249
17273
47702
15184
36733
38795
58264
97813
27090
52120
78348
64513
87038
37989
91088
56410
46674
11077
40385
6805
17826
83821
767
19754
93375
33776
31802
16864
29031
57554
84867
66302
315
15348
82313
4328
35505
64169
25037
57379
38219
38767
12802
21428
75390
34032
53205
20435
45561
5139
21885
57854
34669
66779
41406
70427
16506
27947
21809
2956
6992
41400
68782
69536
67253
12045
64197
71689
55675
86759
20904
82505
86039
83006
68585
79058
71018
79339
44363
59342
80571
11367
71302
23891
35668
27013
31632
33536
73942
11886
87822
7557
42360
22080
50386
96819
69985
43266
54175
63344
69834
81515
64759
58801
84234
39380
71815
51663
98194
62347
99408
37167
83584
62466
22385
95625
70098
44890
33867
40240
80412
30661
97747
43789
98937
13347
40144
63958
32620
71766
9073
27752
25163
81018
89507
99055
46608
12500
39656
96288
55198
79969
35342
11595
12478
50655
23973
79893
99694
54761
26720
25094
9398
13934
82932
39172
83768
20969
59864
70887
99235
7856
19043
26427
53273
71655
12003
2565
72958
23330
49016
57597
5233
37578
85042
443
95319
86152
31311
48282
89373
60250
64263
77859
45045
83978
18353
11228
98086
50334
15287
25638
52635
68769
97052
47341
60925
8914
58321
40822
38651
21408
6934
76364
5744
69122
19861
71820
28892
82489
43853
97615
89658
11581
81514
38985
43593
41184
81381
69295
53302
774
4478
22624
8042
23377
4962
36464
40526
37700
39517
86404
27831
90488
9630
67964
53316
87898
72114
75922
64116
46533
82336
15597
6481
17671
35980
41054
87254
58067
3747
19741
27532
89025
87520
37877
16930
84310
68322
82367
64160
83397
31293
91191
42971
57448
69784
99169
1950
13549
85669
55694
69069
5459
5178
6768
18438
88881
16142
90370
87396
63907
49209
82458
33952
19775
58871
38805
2968
71753
51034
69005
19576
89747
11761
80719
15239
91144
72625
49033
47887
36811
39103
73705
72398
48053
50671
22073
83847
80751
19439
28048
68168
77951
94970
253
34188
48835
57238
23196
98576
30979
96200
30197
62514
16663
36118
79322
93697
24459
91528
27293
16256
67109
42483
50585
24804
75504
10060
85899
69104
36797
54958
22216
52313
22986
837
41624
94777
11508
46531
66404
33905
49428
50456
16907
40610
8905
11190
55734
11934
71348
28376
59387
89222
92145
11792
1058
35468
44384
75448
58683
38774
71338
54092
61778
76020
73984
77883
39528
15826
94494
84545
82188
77927
25124
93388
66827
16653
25575
9975
15898
64313
54325
73965
97755
8421
95570
32993
60168
11193
99778
6155
50392
36059
87847
27629
62566
95336
88677
40887
66626
31021
71662
39908
17439
86803
46187
81460
64098
98757
44965
84405
9892
34409
59549
94370
84449
97373
56337
53357
80450
40990
17715
28335
16047
88339
34152
46128
90080
97494
30821
71490
27975
84688
43348
84877
92651
14416
56526
10951
62233
14110
68895
61411
66227
15373
96262
15983
76510
93477
43179
65193
38999
35320
60437
25635
13306
43326
23860
29100
52651
59
91380
66603
67935
73475
56429
25204
91060
74672
1718
70032
40847
45385
91123
66339
72095
56304
62107
674
92076
18169
69618
96602
54314
65628
32490
92655
24251
17713
71570
49324
90555
27425
58300
62174
22730
2291
93476
92752
58943
71057
24922
1837
91758
73146
24346
93613
44196
94097
53540
57002
81219
23186
37023
34482
30440
94777
12288
2306
40984
63774
953
73347
3101
52393
79477
13421
87085
28949
43609
69804
62828
69354
41730
21018
93246
67780
4843
81168
41282
38877
48458
30153
64172
14568
68105
67369
90402
23817
31734
27952
90002
91169
51768
95169
70104
51575
98735
39365
93669
10925
6528
15247
50487
83735
94174
11864
81456
16004
41235
62659
89933
31120
61024
2107
15315
70800
9174
88532
84288
12107
23018
63267
97214
15656
79801
71658
17586
46560
50914
41671
69045
65478
87498
30357
32349
33211
79665
80437
20394
56240
85912
74397
82582
69074
38018
58881
30145
49660
79854
99304
42400
10202
55076
81562
87906
43260
18032
34831
3934
22515
94277
34895
65090
99564
93614
24455
43622
30666
69758
82103
91134
28737
68138
28048
26195
48621
80685
28140
77637
20919
41513
67925
66705
51610
99270
58842
10402
5936
42451
89088
15178
44834
76502
97879
61962
51016
9306
83017
75460
13563
15259
99478
79902
97750
8169
13662
42064
27028
55366
39284
62574
89892
57193
83014
81002
26352
68190
13480
293
34772
14052
37686
88215
80669
66924
46299
52234
70259
66085
75178
39314
97668
52679
64074
5660
42034
88022
68954
43440
85608
16777
83374
50569
3166
26513
25286
87641
93488
16876
35610
82826
95826
82723
40688
99511
77572
11262
99233
30826
61870
61427
71805
60942
80188
99970
64906
37212
93119
77354
38967
38329
99235
70039
14685
17994
30678
87117
85049
54155
41638
58658
58746
53382
30475
92351
43487
14944
11991
64562
28087
30771
88789
38128
81570
24180
44972
22431
70380
3196
61607
88073
94522
16133
77908
97280
83591
25787
68038
22693
68832
90455
26213
45078
89187
3211
2681
18423
30467
87836
56482
49962
25221
28556
49266
8196
49540
61106
88468
90505
73022
8247
16736
81853
92547
53564
64135
42612
75473
33194
8760
17700
46906
89297
95730
37632
4557
43710
48940
78358
21498
26548
91964
82543
46714
11644
62851
65966
66867
69712
47740
22484
37318
77532
49671
60585
73718
44360
52530
35623
39075
60068
42949
97272
79076
38781
3056
35924
32825
11634
3638
5829
12165
10109
69006
46473
16282
34192
35138
80903
90712
98169
75745
5761
85454
86275
80382
69373
39626
35144
63913
60197
91180
13317
39283
61430
83599
94691
3467
7932
8588
26927
33140
55232
66073
41910
10318
27208
8526
3197
44302
39525
9221
71627
44910
40905
84322
37187
11818
92801
58398
33683
96297
97680
47720
43441
14649
98848
70826
7576
62873
21590
30725
27206
72314
63785
65029
20512
39687
43543
75956
53174
60847
36428
90841
24388
50975
19552
68407
98377
77107
46411
82873
10665
49533
74905
30629
35459
7512
22632
27261
11470
56381
949
40323
22712
8799
82015
99312
81124
75876
63810
97500
68275
16845
5224
72835
59869
6838
23332
92465
95096
30440
72449
30468
16462
38717
20060
77672
97409
33155
29570
13000
17054
16281
64485
96792
59897
96105
68129
15588
68959
20240
87282
22500
13297
48911
14598
93820
44309
2069
70760
28620
84180
30167
32164
81029
83932
70481
23861
83995
88739
4343
1902
47969
46306
50809
80445
51993
52359
8432
12938
63764
38709
7744
23505
74856
43158
49948
17170
67550
24118
26239
33362
95340
62394
949
28820
86887
84117
83456
12860
89415
72243
84134
26848
64616
18337
39313
76194
62487
68465
62604
41460
35877
89130
6996
89911
76435
6661
57308
37871
33983
53310
56310
59876
62499
70980
6562
85574
45356
21989
93558
67876
68903
95571
23522
91520
54574
80895
58889
56518
3845
73753
54682
99084
61514
84778
97485
6209
55398
11038
52384
80225
26808
45584
78876
36105
15932
24258
64348
93635
11775
53738
30838
40498
74907
94728
72557
40305
65607
15476
35336
95540
47772
789
34026
60229
98627
57225
98361
77720
73494
352
30176
34317
69604
13332
41067
23318
16694
87417
75587
30316
16546
65253
44743
50106
42915
14184
24177
66786
12221
57180
40602
39922
75702
56844
32453
26019
11558
18647
37477
58706
25896
86628
20140
11423
23562
96520
70893
61575
53660
49239
23610
78190
39888
5020
78993
82518
56046
83919
17314
84443
33048
31575
65499
16314
59750
90254
58615
12760
80878
15048
11759
98047
49939
16880
4419
29918
45112
33320
26544
46394
43290
62601
13125
62982
33569
62411
33
70681
77851
49934
69972
27639
1332
53034
25658
94321
21128
3826
51672
33308
37905
58132
80697
38612
37479
25563
28250
23007
601
49074
37406
22726
57375
70920
41152
70446
18450
2517
82744
97338
90220
87933
34909
30943
45075
84120
96715
96905
91222
10098
8790
41286
81647
93235
8488
85157
81904
74512
25502
8006
34161
77026
70080
28776
12528
47246
70263
30412
11881
55211
75870
18611
21081
54334
43088
49971
23223
49753
93536
53359
28848
31344
31784
90502
40284
96119
41079
64139
62431
55994
88542
43937
77014
74738
63177
13193
17852
6133
18415
97829
13856
66302
85024
36011
34227
90178
20205
27312
50147
58516
61934
32151
80976
72143
79158
2816
45241
79578
88491
16409
6166
6124
67980
55886
66669
31933
41596
46343
91156
29894
32118
17090
31337
95707
39503
62545
46320
95773
56275
50105
75913
13766
13991
3914
94060
56390
62961
4871
95579
60361
67951
38274
17641
2006
91662
7731
98322
29137
69342
2294
48582
73862
36156
20253
26398
44844
813
85268
32640
16613
56495
49468
23302
38385
40495
92400
92132
64065
61826
10278
68971
36724
50763
30795
61942
93843
99448
29331
4044
31771
64222
17183
26431
53980
1523
2051
77610
93738
77516
49215
55576
77692
72231
78966
3865
18483
14971
79255
61511
99262
15599
34256
67310
59063
33323
11858
23098
5360
58310
32554
45395
71482
81224
868
52390
39312
23037
69322
36862
38443
14789
98394
86549
12610
54701
91278
64492
71797
26930
43459
78871
20192
67820
4781
16171
29965
49872
67367
20657
89665
78952
72250
35427
44962
3819
84094
96468
71362
26575
64553
95445
45649
42393
23067
84472
17204
47707
54699
4361
42044
47365
51301
78430
14851
53682
25203
3662
76442
84696
22425
89439
55669
48665
47197
59490
42539
62967
41587
8791
70607
94810
93129
45221
62376
48013
33222
77799
44752
20309
98967
82258
95172
63005
78613
42299
27651
93819
20575
91279
78616
80431
20025
86665
4150
75113
39776
96984
95195
63577
41932
54237
6120
45908
33754
47233
54235
6080
16053
66838
20460
47403
58909
56133
85729
40166
94267
92663
70052
4898
31839
48720
42391
50307
30174
90175
74785
6463
41070
87263
8237
36238
82604
81175
78376
44730
76137
49264
29251
31379
88063
21570
77766
53737
70819
31213
21521
63891
936
63983
80846
47112
26931
90297
31737
93212
11845
55812
15733
43578
72448
47772
65009
28790
58600
84221
64799
77734
77756
40999
64029
45002
63412
38672
16834
10268
70953
88653
79488
98961
68653
10893
5527
77087
6416
61124
9306
92306
49437
85163
32884
20324
33530
85673
58931
40291
56561
48975
95136
86597
66413
43787
86134
59937
99954
35843
83700
88259
73462
21468
22258
23191
76324
16772
74924
61554
42244
87922
22374
97476
74915
72492
28296
92593
8114
43704
11472
77739
79741
76543
53707
21978
93517
92890
32547
24866
24758
45590
77132
70572
77424
21047
18844
27968
62905
9693
43999
16758
10748
97376
98046
68638
26601
97660
11682
93921
15490
93541
51823
56249
24371
5961
8517
96919
67761
280
29674
83434
84224
50058
36795
96654
10789
51801
20051
53867
53648
327
29687
98420
99704
94714
66990
82364
78496
85068
95377
95856
81207
38625
9375
31216
93766
20883
46201
71463
12529
21924
60207
62624
80018
60565
32534
60689
60581
1392
57849
74800
77608
57814
40273
15163
63853
53402
56544
29656
38970
26153
18423
82693
4903
33817
2226
45598
40683
5578
2887
89906
5599
48588
41338
31723
40120
67063
18401
39139
62180
6301
21783
77104
27218
20576
18248
23392
98352
94212
67362
40364
64338
16544
32493
86376
3500
77514
57721
46201
58338
86935
20006
55002
98504
67943
69200
29019
16476
8549
75042
96790
35000
17405
67476
32669
4369
41318
55474
84326
15569
78833
47245
46471
38216
62523
25567
89054
16095
54961
28223
62606
9341
72200
80800
75244
86294
66781
78600
59275
51376
89228
6915
89803
19169
70572
5364
46933
49067
99824
82006
62182
22039
73394
30631
79505
39689
73535
16785
35981
42376
80145
12924
61515
80326
12436
87448
62799
36605
92232
46374
37588
62718
96198
32950
26341
71918
57442
27301
67643
57159
78633
39986
16271
72955
66041
40566
35946
41568
1295
35554
12758
49995
42618
16899
71230
76303
45400
9476
6732
83123
42564
10328
56835
53449
44417
99463
25840
40444
4290
7587
82247
46233
49142
78822
63742
40158
96653
88560
14285
71870
51501
21230
35310
56677
33616
87593
20099
79299
61719
50037
26517
47965
20569
84520
14594
68305
83151
62821
28537
66577
14725
95501
37278
93708
53307
66524
853
63796
53156
31071
79650
56840
95191
34862
31621
21333
75018
157
19833
56824
79363
46540
78725
54253
81069
34281
25664
64621
64227
95436
57007
33831
60022
47707
57144
56000
83952
41601
3370
67091
86740
56303
26143
30648
70386
69677
52774
85706
52899
93261
93287
82993
42988
71713
87214
68184
16776
83024
12638
19026
40860
36231
99569
57719
74064
45818
96817
47483
77718
75621
37380
33416
96786
52741
70083
23059
20397
48077
83867
11392
81506
39957
11721
70966
2149
74013
90843
88309
60492
88959
39223
928
28963
84344
26231
50508
56733
68423
56584
24567
72860
5290
7988
77278
55880
59871
86207
90246
1629
64154
47786
68699
99157
1246
37519
902
24509
28603
55570
50
54975
8507
86990
88758
36397
36452
4453
12442
26509
19575
66326
51974
91493
59299
38531
76215
31969
34443
15085
42277
87806
596
86680
96338
41172
70524
1771
27716
46825
25329
25998
28130
12852
56533
69592
64352
18299
19229
40880
19428
55418
73764
63736
82053
97828
95812
77205
39857
62714
61303
68933
90066
13518
13293
12243
54378
21826
90652
47586
65873
34681
76736
65617
1180
93576
38196
39122
34959
89707
74179
57916
12739
93563
95656
86859
14041
36859
4626
98509
45360
93318
61913
65001
85521
56395
35932
14612
99558
44289
15213
42526
27646
71643
75007
84747
78681
8147
62556
88477
59632
56689
42246
50149
88535
3387
56194
96502
17861
26434
98202
17519
17200
92143
2225
72554
72767
11734
80095
44785
57644
23583
39563
90670
74494
31653
30269
41095
18556
10909
8177
5894
74303
16149
38877
88670
51072
11764
76466
82134
201
39429
96751
73124
46087
97693
25325
35503
69417
2452
11980
66947
28052
17770
30832
36048
17125
51575
75655
56882
73117
15098
77946
6951
18257
92307
43215
1050
53265
13555
21482
61002
35268
97960
44583
18215
26832
66439
44582
76800
6327
94765
71678
16103
98929
41229
77841
56532
85317
2828
71544
99496
36109
19584
9016
85102
61482
89799
54867
53779
54478
24275
82237
55862
80970
50977
31678
30092
73187
12617
9215
50686
6993
98854
50555
78352
43420
61843
8021
77027
14466
86682
15733
50437
42010
21985
24893
15684
88943
59480
56732
37032
11571
90802
22322
82051
12527
15815
35133
47952
9550
47749
83345
72699
93612
20857
92503
37254
69028
30664
41682
99639
81777
77840
39313
67795
8542
31800
13851
58984
26083
15994
41148
13706
55885
72183
39114
16190
76532
68503
65824
27604
26709
60069
67476
66716
3336
43033
56824
21153
29482
87639
46655
58279
17798
57092
55254
33731
51489
54526
73509
80727
1964
76148
21868
93556
6600
69639
16814
21429
81743
76312
60721
525
64839
14077
72929
21708
10363
72597
64458
65508
74976
92697
29501
38444
69339
82869
95907
98792
16928
5383
64701
22006
94994
85097
25639
50560
38201
73919
60115
33697
26218
35394
39410
53170
26917
46130
93439
3720
84162
33546
23367
78891
90067
8000
5751
9266
46647
83424
24217
23731
73732
18022
4501
76360
11610
38715
5530
79742
88438
22369
83507
36444
12481
30761
39289
39581
53287
76331
11526
23208
89430
92186
14629
83381
82015
85809
31938
86994
79346
16372
3913
54776
49702
36384
59964
8196
30893
63050
41559
88201
40599
13696
15282
61793
50039
86923
66410
59305
68710
66169
55979
70315
71898
1008
34300
81545
3392
21120
94344
25801
6777
18536
396
72065
18455
28730
86741
76096
70796
31093
8687
90237
34772
23324
82609
75733
76904
52835
33341
95091
19399
72632
18283
13176
60393
33598
82878
48694
2083
78419
4803
9773
68705
15757
81424
22062
13300
43217
43338
21309
182
90313
88508
37617
57482
65741
35542
48573
18398
58567
4641
50557
87778
99253
6401
34144
252
87219
11671
84856
45852
38046
74013
92377
26289
98914
21532
19014
41900
60546
62432
33687
9497
12032
94909
29086
84124
80666
55694
94652
98056
34305
30295
43516
73778
54246
21994
69451
9356
47280
21810
26081
31545
58481
75456
62135
16300
96131
11327
58567
44208
16527
6672
57852
96134
70954
41060
75746
4344
77315
50020
19586
31525
17019
86800
11547
7751
30496
18599
72043
76920
52080
9658
94619
38736
36351
2141
51016
36575
32773
12786
87993
69338
97126
50443
81529
27632
72443
47381
2823
13186
46247
65107
32041
97260
2224
94555
14526
71680
63909
54384
85803
77531
39284
81647
92128
6868
12052
19115
59783
68812
90044
39171
71570
64528
62026
50247
34398
66575
5271
83914
35307
83114
15775
58857
30672
86972
77617
97359
36512
41795
87615
79335
72665
78388
26982
10461
30054
15479
58314
74660
15579
53327
87598
34011
23142
7076
93536
67512
35233
51977
60157
47950
66409
79994
19077
2689
61755
80427
50974
5155
29251
14693
82603
17988
81197
10708
66505
93181
37546
51565
20192
18918
8260
30610
68335
81979
95516
81764
35714
23595
93435
10104
62126
84535
81638
39665
12926
92670
59311
24293
48705
49627
64505
53159
45408
885
70724
69610
52813
12433
40570
355
29966
83668
31784
41238
39689
35798
11659
37097
7172
79990
44712
27378
11719
19146
52567
98068
36349
41532
97782
73835
33870
13252
2859
70565
54413
55101
85202
67449
11255
25906
28951
23281
83025
93080
80138
78458
52750
40399
99975
77127
81011
22214
17120
68715
4914
37126
41439
26261
48318
72655
33260
11281
14650
66735
66484
16713
80808
61218
86825
84587
50596
44209
25842
81266
51039
21430
44353
18639
39008
74109
45317
95949
41556
20654
92823
11655
96131
34144
65650
17286
13662
58940
19130
38599
92646
17669
8630
16289
26595
63424
97649
91531
53574
15387
26531
36801
96371
35854
17675
83483
92773
22800
87253
74209
27338
37310
69724
93996
73911
54828
20581
46664
95567
69538
70925
91656
25079
87243
88619
33369
12800
28064
92043
75583
76459
53785
42375
26169
94122
56022
15284
60276
16468
82167
24513
90862
71686
44920
11260
55335
47945
14634
42377
71766
42843
50985
95964
84036
44461
34875
11721
9128
47235
84305
70683
64709
30756
11669
97750
73552
94935
43555
99873
17889
39544
60304
30195
13400
45025
80063
19969
80158
75982
33284
85424
98166
85686
20276
32740
25474
57821
58338
81707
59246
44300
6156
13041
32162
11483
59804
60105
60017
47170
37708
60400
4390
14760
24487
32222
82538
20790
82563
39011
64398
14906
31563
33145
13950
98881
72517
79022
10480
78929
72276
15730
36596
61847
40626
73588
33388
47262
98032
1916
85220
19958
59952
32987
38274
72884
81033
83405
61198
88054
50201
4683
75258
19327
17309
44340
12736
73010
99091
33281
38966
80781
49624
81087
74894
21977
23803
42542
74133
50899
98834
35276
22757
80646
53790
44439
54954
98576
94871
41066
17847
89111
17823
22426
28727
67592
40472
17269
44537
96286
60851
60377
48171
64750
62950
4439
70333
78864
58093
16296
49080
38491
9272
10299
89219
14925
81926
94611
65536
72869
89386
14160
78139
58024
15433
49854
62958
27198
52360
7302
81505
6533
98005
77846
90047
38456
87104
58006
17695
49351
74105
76089
40482
78575
91985
79356
79838
7523
33206
13802
85665
45860
51732
71668
6899
46691
82237
90146
49316
13095
41480
43135
26503
50791
34790
42547
40485
31425
20252
50763
27821
23919
76916
16185
98763
13296
73678
99564
66038
36077
70016
55434
93991
38558
21636
35645
54800
26336
70947
43355
56218
96957
8689
4600
7870
30970
49585
89691
43784
49438
38870
48413
87270
82443
85981
61746
68944
35547
72904
93603
73013
82673
24108
13239
43079
86045
49144
87945
29154
99145
87746
14149
60478
76897
94544
30863
15229
72316
8314
67793
63710
83986
55779
16600
97206
21602
68164
11547
52577
59889
66701
19253
53432
77343
70342
73544
72849
95450
61520
21824
81825
61640
60536
44639
61692
24721
87934
10373
87899
55117
46516
96627
27232
5110
29892
89026
26894
7508
16032
21476
17881
37596
35368
69265
32444
68492
60716
83134
6554
20999
58013
19779
10795
86489
85968
2070
23449
11139
54907
72485
33668
57790
23648
97459
13373
70073
92020
48322
47451
81315
46650
65341
79418
40043
3943
44228
26271
91271
12195
93200
64005
4800
3819
66900
97103
26737
85832
40743
19142
27821
65577
15754
52600
43546
87808
60090
13948
37908
55891
62370
76471
12394
35683
25238
74348
92672
40361
70752
82546
41739
75798
32178
98944
61707
8480
28868
53971
56748
355
86635
84240
51277
29180
19629
15738
30896
12740
35871
52234
43853
30280
88363
35379
49824
16728
51610
69116
78580
92551
4431
86375
15080
58196
77402
52023
33398
16809
90893
35066
58940
6119
57200
37552
69255
78129
25193
83214
16053
9499
43452
79931
4490
18517
38693
11459
87435
96798
49120
44978
56869
59751
75390
64196
95924
260
69160
93080
51777
67606
82339
14086
21847
804
93294
37734
73079
50810
66123
71694
91534
68396
53063
69081
49098
24499
81885
96562
19503
65942
64587
36600
67689
45914
78196
99189
30728
93003
41628
68995
8968
32112
31436
48447
27159
29366
58084
3685
25223
959
38379
36625
30674
77425
53443
88473
6687
6309
15098
71425
18374
72598
73576
85835
3019
45739
46396
75932
22608
94104
7005
80076
9182
97127
62725
59421
36959
4616
41921
19731
66414
78200
71339
18544
27562
27962
5925
90264
92470
89723
92501
24419
77904
70202
50621
36370
58536
45601
45427
81420
82970
82152
81077
31118
93953
58303
27443
33546
14699
94022
51513
2071
64387
95366
5010
40173
1258
55032
58272
75057
39813
56131
83461
32885
1602
82586
2171
38979
46506
26355
885
91358
59188
60501
36761
84262
97123
40221
24591
69259
518
72378
75564
98448
38209
90430
60031
82538
65192
10447
35112
3503
87329
70370
41606
26838
98691
48192
29515
11366
56132
88463
87040
88344
93136
60155
42883
3885
58605
20748
43050
61037
30440
89013
74538
67435
80567
85012
94675
11172
22555
19633
73786
36058
91243
97381
4029
88817
18895
9923
85571
48931
10705
13224
13126
12055
85337
87220
5312
78054
47547
56145
23933
44444
67397
74074
73063
98315
95832
74170
46271
13678
53516
18342
88811
36499
14677
50982
97101
95754
56125
54065
84990
48681
35176
94119
50331
17215
75886
62482
82097
93347
79700
16620
63625
66409
95700
29342
68660
17168
24318
5713
92984
44724
63652
71892
95414
92362
24413
76627
97377
34355
90118
9557
21928
93481
71155
75251
9267
73277
23743
55847
22429
33349
92072
52923
33978
36896
54717
22401
40799
85335
82321
79933
71436
50412
61081
40265
85029
63283
98705
57968
92801
99258
65105
47742
3228
70142
94691
70144
95254
20448
20074
95382
93425
68470
83284
59634
52651
10728
37914
58517
37645
2012
35828
12042
52033
10185
38121
71516
32400
30889
90221
45984
74572
65774
63046
23170
68244
44330
49695
63835
42204
84573
27146
20350
65260
86939
86507
2966
67127
1446
87613
74301
25368
40187
20323
90789
63430
53062
95709
93042
32021
23174
37743
64365
30227
74090
20810
27650
5424
60113
91389
8321
61032
74079
16313
53072
74865
15478
46781
65094
23677
35154
4388
30953
43275
15920
20615
34385
45451
72256
59740
15182
48620
56652
31813
19029
46829
62781
90123
91170
66128
58856
97541
7013
10056
79292
13268
51289
23874
67251
15924
47951
6280
30615
69365
96866
18786
6790
21089
14306
53475
86425
82199
33167
373
76207
59700
4379
42266
97283
6242
12083
25355
55611
98965
64820
37612
97374
20896
63983
2651
69325
10510
78200
56331
11788
8901
18005
87287
34946
243
40039
41691
75816
37695
79703
76657
64374
6639
33849
19591
8888
9022
26591
61008
3840
22596
50669
31650
4544
59253
21411
85893
57106
11654
84149
75914
3999
76836
88585
67305
41695
17092
7319
97039
66203
70392
49538
17915
19261
88163
73238
90734
87047
44391
93763
60303
83919
17191
52491
89191
58231
86354
82743
75692
78832
54146
84585
64161
53546
3789
72657
87537
18054
66543
77895
91796
1702
29551
94805
33448
73058
32754
12388
16380
86014
30676
98846
12714
17891
23845
91994
86808
24345
99394
9074
55340
34348
31627
18207
12057
85807
85376
64369
15472
15506
85701
72680
20503
66496
1967
58600
54368
22386
19042
16133
25477
73966
66362
89677
48156
55299
71870
46270
29700
11794
85849
63192
18659
57469
22554
57447
70075
11344
82748
47641
87681
68384
96915
874
313
57995
78342
46218
15924
65245
37626
64422
5302
83261
83596
81374
67986
41949
70051
56757
13936
39106
34668
3678
29656
22508
54021
63033
43941
44519
88524
43023
39637
71401
28451
57092
77050
65487
89363
90160
76956
25652
30345
64454
74167
21427
57890
35398
73872
41180
89461
28126
41293
25991
33705
48574
33715
93237
71217
77805
3974
15308
2276
71404
76721
94602
24784
33900
54809
26503
4324
2498
52585
79890
79800
88283
8760
70214
29511
8229
64618
18622
89161
2761
55058
60398
1730
13646
37696
79876
23376
83812
94269
11558
86186
61648
23376
58940
87733
79564
96642
23989
80588
47369
36855
86962
75540
61402
46190
45421
39813
63501
63726
62988
13186
85351
26147
99515
16346
16322
92872
11137
96204
74933
3127
20511
8228
41027
93704
18152
64907
49820
82480
49946
11586
40628
38034
41791
65905
68095
84858
40327
67455
92274
40062
59874
20086
31281
98371
834
35500
23860
42594
71411
86692
85505
27785
5655
44241
16344
78734
34513
67698
28038
80514
89993
81021
13779
51402
72558
47316
84355
33610
48250
31464
52544
43681
3929
34870
43252
424
76946
42655
92869
82652
41046
7225
11069
63253
26081
12843
32379
97550
49560
89360
50344
72629
39417
11760
50069
78853
6306
79879
25813
53517
51144
90250
94343
39946
34148
41823
23856
70784
989
15919
1787
91858
74828
45386
39467
82767
69952
50525
25321
59715
14937
86805
84049
58890
81119
79914
4264
92168
84801
64398
94118
97067
16842
39352
31507
50795
12882
71122
29105
84257
88986
61594
96560
33641
87573
58486
97801
94030
72292
67301
8901
55780
54558
66097
38580
64338
6201
35453
58827
54234
37558
31687
85983
36590
21801
4719
75015
35475
13878
88672
69884
98829
21420
41063
70728
53342
90245
50408
71316
22632
82113
10233
19876
17499
55497
38337
42509
50744
772
67169
44594
77429
12294
74871
46699
57299
75611
59969
11839
82853
83470
62325
80151
83620
97416
10071
34360
13495
95369
85237
74093
55793
64136
36194
72121
27324
11810
68483
81093
83464
62210
24271
34703
46709
44077
92455
86534
46549
94364
13428
77730
30275
38568
88463
39162
19787
30082
36256
20083
45425
3976
29014
55374
15534
93075
88801
13293
76100
2750
19374
45489
7127
78876
28375
20642
59198
27622
33442
39542
4961
23536
87811
19130
81940
7506
43818
17224
75672
97032
52333
97242
75554
48400
35668
79487
33196
68897
19168
53634
55276
79162
10434
43798
74989
67939
70603
51398
10193
67820
79963
92165
96639
96713
15121
21888
16164
9883
73433
8027
49256
71576
37620
79067
50416
22131
69934
58726
43208
48887
87446
90301
8453
79807
84265
25798
13102
44012
44141
14001
36903
92419
7031
7852
17069
60167
602
78840
33279
13779
63322
23312
95463
11140
4377
83700
41541
31366
93382
52858
98005
11876
8190
61306
80373
89661
83712
16832
12447
89322
8785
72152
65742
59432
71124
56837
64544
29768
61998
90248
21528
91093
25447
29428
85564
64134
94838
97312
75430
565
84256
81735
50630
91282
15995
25026
84228
45725
27478
27407
76455
83770
66393
43956
4993
91170
57570
36030
40016
47540
19155
11773
69368
3133
31329
6911
86429
78762
75741
16239
94823
86399
41401
11882
5066
27050
21522
74459
43436
46097
72608
18819
2290
34590
13793
37757
24700
81491
24434
94393
6564
58807
57295
27890
81409
72483
12367
47496
59953
9084
38597
5466
69983
11238
32584
90055
42369
54510
38890
77943
69648
83110
92594
93918
74931
336
9483
34777
89340
93571
82211
4938
54327
81348
9675
36016
29103
13511
30473
32582
14682
74025
14506
34352
7500
67141
48835
91051
2005
23737
95388
70189
42601
46491
24745
23453
66212
63377
52958
81072
62999
77589
58156
66381
26872
33658
51139
88635
1563
96568
60952
28858
24037
6307
63261
95622
68604
58241
86417
7790
51500
18431
32771
65603
98183
12021
62336
7836
56602
86221
69803
65726
60552
49400
69582
37092
15869
48124
7479
73841
16002
60200
89488
5437
62785
66530
46152
36293
83230
29122
54849
7971
76959
45168
29572
44568
44818
92552
68197
14851
71322
43303
32032
15341
26765
95225
68305
74636
36724
26168
79753
20479
50761
12575
91787
91299
28943
27334
2818
31652
65868
26042
24605
27479
31371
61831
88766
15383
19828
25014
92274
23316
79927
92628
2519
72698
28167
74146
78672
67559
98224
71516
99569
57061
49369
34370
57209
64383
53380
38272
15624
17484
89734
36544
48982
45279
18697
4552
83969
64933
6458
52922
54808
11709
33894
56437
40552
58133
10055
19089
63132
54796
48661
35258
33428
94352
26473
67544
78110
97001
4622
24382
62002
81555
9390
74789
33582
43382
43646
57240
54001
23615
90176
13739
61101
45302
16707
87859
23167
92932
93818
99076
54328
34291
75140
60828
68822
54475
3116
54630
18805
51153
26442
86968
60310
82075
90919
73252
2319
59104
22854
97170
14486
52815
65088
39517
64619
34922
74157
88125
77644
38614
44377
85178
3183
5546
70054
27710
6415
48561
5967
79106
40265
89016
38435
2847
97172
3208
53428
79025
54382
43455
85539
64062
70077
96648
84589
1512
69203
35623
96208
33900
80317
14990
76985
80191
6776
41263
83785
54764
12020
63208
66837
53758
53137
43748
56904
25470
14380
62240
42344
61411
81493
95132
33743
34189
53074
80314
15101
6535
20956
68542
58507
70792
52352
72066
98789
25274
12030
58243
96071
55909
19423
98664
67004
91173
76617
31781
10925
26329
39743
59118
87132
6963
93278
34797
52406
85185
81247
42796
27117
26461
26161
77250
33807
43478
4701
96044
1405
81070
44958
31630
13440
56136
66169
86434
41988
82829
28127
42569
57571
21292
69389
88772
66791
61838
81409
51544
77513
17554
19660
13604
44026
69234
31126
69609
29747
42172
64856
23526
86472
80573
30376
29854
81370
8112
45678
30996
40793
6844
92809
69577
57057
38678
85224
5824
57072
37389
10458
71969
62069
53157
18531
83850
61410
31354
87603
44206
25009
96559
56686
99815
17972
4601
56097
76998
90916
39534
7401
58679
16159
50412
10750
70669
24745
50083
56547
5348
84009
25302
12537
92357
31714
92887
61456
33314
62042
46526
68444
50016
20509
1472
5987
44234
50157
92994
51604
52455
82581
8226
14908
17537
29988
51779
55809
11657
42407
47861
59105
11327
74807
82255
60196
99707
84021
64329
68101
25085
43145
22782
14955
44390
71090
57385
38169
14687
44425
66515
20511
31750
98478
4091
22767
75782
10393
95000
62369
79934
37078
49799
90906
14180
87420
57117
75208
38254
41275
6279
60212
85828
24893
26519
9310
59798
93270
70518
46446
72602
13609
41122
67231
75891
27349
27354
12848
70715
59487
84414
89313
89021
1959
88166
88006
93345
31876
775
56969
13972
82176
99915
73411
38145
6303
34683
6857
71958
94781
62969
82511
39875
48553
89766
66325
95955
82567
15015
86830
60066
44268
4493
78766
56861
16966
71191
83868
36726
38512
15964
27922
92495
13548
32474
90426
13693
67710
29085
69588
92666
20496
40890
75934
96518
1902
49437
40467
12192
21841
92050
10778
16861
13945
96902
69704
77683
21149
16550
21179
35112
50815
70131
33445
78817
35047
90016
26327
16079
99340
52631
28245
53481
45426
94164
39569
3378
28558
82247
54959
67528
30723
71675
14885
46461
5186
11060
78549
16645
62770
12742
92544
51159
7906
34476
41851
50365
7444
97117
61471
11885
23110
24388
12851
69209
63805
57296
71434
19781
57333
66325
49124
38901
61591
53651
4389
79139
55246
86984
73630
23986
11466
9681
53309
86598
60087
77086
45575
10950
52313
89204
95934
31441
20776
43073
44417
6334
58823
45675
82656
47889
39626
58768
59312
96444
63617
53642
89568
54255
30087
62711
95119
20460
23486
37485
418
13429
71079
26253
9121
86718
11721
60483
67467
68128
70391
17683
18125
18517
9233
98054
20315
9570
4327
25740
84359
52698
50368
56864
22981
6445
87518
91319
80863
89601
94085
75473
7954
83290
42655
30988
35255
32570
36553
95938
36168
79142
91300
91184
26053
45933
35516
71050
45022
32032
42396
85548
16133
97745
53125
47720
63060
14214
3272
2676
99200
20401
79620
77866
74043
94917
9728
34834
75862
78244
62798
87745
73016
8389
89571
5217
61397
59184
30811
77047
70928
16467
46297
48830
47205
8536
59340
10209
30165
94935
67927
21041
29297
33877
96737
15767
99521
13434
17140
31135
36205
681
95188
66777
69234
54650
12531
7743
8173
47908
86322
3876
83402
26225
31747
82733
74103
30789
30661
65506
35577
99519
4669
80926
10317
41757
58447
39139
11651
73804
5695
47963
42043
99676
40841
70247
21278
79520
79596
92554
96004
51596
2035
82257
8612
64051
37638
3072
2130
14004
41664
68732
82772
51634
95557
36685
96012
14261
56459
27477
96203
73392
96092
34369
42212
38359
61832
83726
85383
61500
61454
94582
51193
38106
69501
83980
97484
22411
72314
46265
4118
55374
37009
97647
32140
36963
65190
90409
4118
4156
74234
7016
23060
52119
96350
22612
55504
67665
40044
70252
2219
53912
17688
40629
52549
47081
17538
44665
82133
11577
39201
73600
41947
10194
23358
40828
36383
98444
2229
5249
73169
71423
79607
81227
87265
54438
71521
99074
41756
46888
28476
29818
82367
2062
44046
50206
37685
96379
45097
85058
19424
20524
8275
92541
64954
633
65069
12866
28760
55522
86229
57059
65436
34795
97083
30795
74304
36461
53364
98111
75559
18464
2909
35244
83101
9382
91233
39885
66147
73152
3142
40003
53347
17170
85825
52644
63147
87066
16272
86631
89368
58655
70313
86233
60659
71416
64382
47571
4978
13250
75901
1224
43015
46985
9499
959
17614
73031
9440
55572
9400
25184
46719
55608
52379
46226
3712
48265
48970
44438
67648
87238
20189
66732
8742
16904
48150
16676
74584
11684
45000
43661
34906
52896
97250
1918
96987
6361
7671
84865
35030
90115
77625
60700
77231
64184
11936
14705
33853
14433
67703
16116
98601
60539
45602
88663
81035
76283
38243
92595
52809
938
98446
97755
10571
65738
90277
93822
58357
50461
49238
97351
40594
64104
9408
77532
9612
59489
89500
44558
4968
33445
82822
60151
43980
28883
45059
74366
7294
8587
20883
20704
68118
15076
32056
34091
91668
79869
50128
11493
73907
18113
56347
83392
65194
70352
75522
34496
51131
68069
79050
21545
86782
93685
87626
19363
18115
38295
53774
81688
20678
15910
86527
49770
29578
28533
29233
25517
32048
75317
85864
29742
9360
78007
70650
86854
77098
99430
94956
73628
53360
10563
23235
39225
29537
99337
33921
74433
27449
12692
15975
53373
26095
68440
90814
57996
31585
6577
53813
36661
41119
50005
2448
75814
82204
49307
12184
8775
23034
772
42265
18685
43338
80146
28327
10115
92675
47302
20233
30241
94612
54800
98068
19356
59341
32491
3647
40920
87192
12653
55268
70521
45616
58295
32509
3355
8115
47421
57020
80229
87152
25145
51398
26676
70427
97290
10034
45948
40112
80699
65321
84283
86343
23572
42049
86319
51936
83091
16472
49713
45659
71263
21583
10380
45503
71744
73068
85043
47637
24971
2000
45254
90281
40003
43088
69466
3401
71391
48929
62051
22456
57698
808
6492
47332
70984
84177
22044
16246
46190
51419
25023
30948
7307
34569
15888
3562
41018
81173
98682
24221
24991
98311
15141
78699
20067
94002
46340
80483
72582
82917
80545
34162
54421
27256
87960
70455
15091
63047
74519
87567
51024
68796
1447
73552
76976
14305
82973
5433
27199
65904
62383
90218
50246
37830
97465
59387
85666
27793
27265
76981
37837
41560
43663
63272
70873
90860
76526
80050
46609
45432
88470
77970
6653
11115
73196
56194
96864
41589
1722
5761
11028
40906
53283
6678
20534
90327
83916
16591
29791
28573
84789
87298
35782
97537
49729
9463
25133
38174
2678
86116
37778
2923
58824
81767
77433
84413
83564
39130
64633
41271
62522
44076
26070
21503
65953
96930
88276
36985
42738
80546
6943
59935
50259
18035
60643
1172
42187
9116
61385
63733
31060
58690
38910
15605
67982
8105
82081
71516
29244
36120
6762
44785
51957
88520
66050
40712
61227
14279
31584
52799
21186
88147
95435
22132
79172
77843
52664
40789
21123
76260
42225
74448
77745
900
10210
3832
5166
10464
53521
57847
14849
16760
7740
6617
73783
62157
7977
61738
51984
19930
39945
27907
77531
8586
42546
42913
63254
16778
36432
90139
55440
41292
50392
52984
93894
32314
67040
51057
78309
62218
35546
50762
60758
73736
37950
4426
80407
88818
48349
17014
69865
90925
88804
1193
36315
14318
96916
69158
58353
67297
40578
88388
74031
63381
2407
73556
66367
54756
12723
41468
95117
56920
83429
89766
84384
89182
67149
3795
70636
38119
62505
74436
68428
19417
20273
64515
52488
49199
16668
79576
35398
97882
92703
11012
21639
47158
76730
97376
71329
64393
38058
25651
76095
6881
21897
12945
7496
99038
16808
47133
47168
93120
98522
20233
4791
66142
19959
54614
43108
37892
21067
17168
38087
33146
6070
97234
64216
72416
68126
37226
12451
69773
32466
6242
61
36854
98341
61547
97520
7327
57018
53450
32390
69535
32408
42277
99360
72469
6221
55497
27198
22116
54268
33436
43325
20890
87563
42948
811
24662
48729
35079
30911
79582
34681
77395
60654
92279
20172
67937
67801
58412
57093
35780
80873
67617
84777
68552
737
63792
97874
91746
66195
12628
10027
90335
15505
99029
62916
79170
49290
55392
60736
72857
58598
21938
22538
52807
34854
55013
81623
7080
52297
38283
87696
68786
65022
18487
52563
75708
36112
19011
42210
37018
26788
56983
68884
18282
69555
44346
61890
61624
29362
41001
18646
12408
97676
84236
77182
58934
45079
31970
33697
45724
82169
90794
39449
27911
24932
41241
25312
97017
46466
87208
43058
30279
13181
23717
46069
1615
53054
4255
83252
90508
93123
19998
77718
11295
19637
75287
71110
80786
41305
93628
30628
4142
85313
96486
54849
35993
17533
40972
93350
28314
19034
64872
15158
42154
97943
88366
99227
73958
38167
75567
5880
40823
48717
43189
52601
62171
13075
28153
8274
49644
70130
44526
55712
52838
56579
38916
44966
16695
68868
10075
84081
12081
10904
54938
71473
28250
4839
35563
13352
31270
76060
97151
42618
65738
87747
89805
55424
42123
43884
92677
22918
89380
32698
43706
58183
74507
9160
62319
85574
59026
43400
82532
5090
28092
91485
93798
29918
93779
71715
24351
57331
77512
14801
77003
73584
72979
1907
89974
65090
66774
83492
2842
72811
76190
87157
94701
79383
67198
96754
96966
19090
42520
49989
54325
87869
93528
92061
14526
74252
93948
59886
61644
70407
19533
35346
45405
74578
55694
70121
85203
72600
19185
97229
18800
75534
40558
9721
28899
40935
96784
14415
62720
97024
74749
5260
14811
27523
60475
89133
80055
80918
87380
15721
71142
6887
21847
32434
53277
40843
41751
20122
23688
97076
11551
24365
99904
45291
31188
78791
47311
83807
63161
73591
77468
79533
97166
64620
95657
14272
20535
17882
14102
66561
90066
4285
85219
3464
26087
11912
53686
8123
56443
88056
99183
76661
90726
65643
85473
50384
5356
69520
96334
81684
41822
96248
17757
13789
38253
91608
9721
57227
36776
39005
20308
23868
6020
57127
7010
7265
39145
96440
19203
19276
25104
39187
27364
75105
74407
806
88807
31522
79146
45273
8915
51014
21548
32417
24738
93817
86528
71430
65210
34478
2190
96459
71346
17437
67747
75315
70641
33598
58632
78207
11238
8915
50316
77058
56580
2634
68884
42651
39381
37447
2800
78199
78080
91503
30089
69293
2319
73602
32389
13193
20736
67715
31230
84725
17085
28644
67840
9927
7357
99092
30165
55208
72890
938
34034
0
698
44490
75837
22104
24933
43876
32048
27763
31677
23991
18378
79843
87347
98453
72995
97038
1209
45439
57471
43523
77685
65591
59973
27935
34793
58957
35294
40289
7281
47591
5308
77142
57468
30089
68595
57829
97764
10284
88260
76860
35666
3466
53047
93093
10265
87997
22579
8904
26096
33126
53999
27451
43467
90511
22314
35107
84517
47902
87310
65975
8582
91759
20481
84085
18682
41236
22374
57257
29858
15165
99274
90924
57178
80610
7856
74219
12543
66879
17669
46796
36377
26389
14192
74155
93592
77857
33674
66957
7775
33487
73312
49862
22973
22284
68277
43907
82985
68961
74410
69029
65622
65322
79046
10930
33851
63074
70272
62856
82654
48095
22563
17637
30232
40514
29598
82192
77566
46325
90493
40825
7562
55417
49482
96370
41853
49411
67951
34894
12333
63948
91233
43581
92468
48640
81173
71055
47343
3261
40303
30517
7585
70817
84302
59680
10923
55674
19630
82459
92685
86085
66341
36659
78468
33585
61466
10205
15839
82675
69077
84440
95123
35377
50523
18706
56861
78981
25169
81591
59341
58543
34849
74304
6022
59975
33239
36744
71114
89802
85446
86178
29781
85492
42208
26248
97607
54573
65113
58882
87173
70967
55215
64667
34184
55863
35394
72207
20293
65596
2818
31941
30505
38038
23117
34142
51235
92036
30637
18492
345
24722
39091
26037
97229
82899
54658
9631
93169
24275
21099
2287
13868
66286
94418
88373
3327
70181
40120
50158
24581
61032
16450
5518
86983
53504
55672
91743
62374
8065
75012
5570
23936
46621
58537
62451
31876
29177
67438
51284
1205
25762
79038
96018
44497
530
18073
64219
43620
34744
30815
81054
51916
80479
93910
39313
8271
33573
39054
43725
27227
62914
47257
85103
49263
15529
78351
67246
7748
31966
56496
74150
2743
88835
48953
98818
81994
20432
61021
86453
35430
91452
48123
27630
77250
93957
53653
43457
52710
19224
54180
98303
90123
23712
24057
38290
78505
93934
46754
28967
22179
50827
56470
11653
78247
56664
78310
63080
31525
95092
57318
87838
72551
52601
8294
35774
14791
19626
7852
55305
61875
34894
14536
88524
77786
58193
84026
79030
64778
10663
20312
88059
73678
32053
64273
84603
34981
36469
49382
20585
15646
90573
11931
57618
61905
66341
25751
37522
15418
88282
23498
58878
86082
91448
67092
87284
36290
67946
33867
20053
72638
99280
98301
20862
74779
69258
14160
40498
88327
23690
792
78321
70244
87266
39659
71302
22963
56918
26618
11444
32441
46504
63612
76496
87164
61433
1977
82229
64961
76988
48312
67035
2602
29329
47947
16366
92271
91068
82838
92646
52181
85252
49194
91727
87490
45176
88634
98815
51789
95789
64321
79372
41327
22422
87611
26133
35668
21805
33697
13345
67281
31930
75537
11338
75378
33756
75719
40914
39318
23292
79031
31894
74079
33971
59263
47188
97309
71884
89006
41987
72798
3161
30440
69171
12667
68940
25708
80179
41717
21814
80697
70465
57370
69492
25365
20250
9715
37856
16349
53733
69457
47720
59496
28496
16758
32427
5292
7355
63159
40422
28824
63783
32799
91710
40546
64119
1490
6366
98671
6437
8048
95539
99197
17504
42594
8565
74523
4587
8606
39012
37473
59452
55535
35272
72530
25078
43665
1944
52412
80239
63647
18352
17020
1294
92989
16914
37666
65660
28945
61246
18760
3349
39185
9911
45684
73918
48522
41992
85901
8192
57904
705
98749
24146
2949
69371
8248
97526
19179
15467
20454
99545
53953
18431
42790
89696
78518
97903
24515
25680
70899
8862
75641
47360
20251
34124
20267
45624
89588
98611
76556
1673
16042
44220
22335
62941
19602
92873
98345
23618
8665
40139
46480
13477
40791
19214
49395
20753
67120
55988
95399
50619
17476
60220
37293
49041
25064
51389
3895
68824
49103
62624
7938
20568
38911
18781
83503
9733
96096
79848
70093
85644
99557
897
17014
30760
62381
62163
6568
1037
84728
99514
78503
33599
3211
25936
84196
55821
6927
73293
37877
68213
88978
29520
74514
46041
32201
25912
74566
22010
35711
39662
24656
87272
85895
9755
51061
16579
43206
6532
86660
62900
44820
2858
84096
49589
84121
74338
17357
12974
34585
27681
2805
22803
41971
1879
96666
70037
26382
70972
98558
36469
87596
84558
65325
45066
74857
91230
47704
93456
74875
67616
12615
394
86633
74976
23392
86120
45423
24924
61920
57863
8555
61591
87424
8029
36856
1853
45301
84015
13088
81024
90197
72233
7974
50191
75304
60262
37532
39030
74731
92890
26633
23900
38099
66968
15066
2411
36170
66994
78486
10545
24613
1457
9052
40695
27913
26004
97133
57296
8209
73004
45929
63688
80367
93851
77419
40381
92419
36441
99672
63130
48588
6393
50193
69030
31229
84654
23492
20456
92962
34444
65682
78306
5529
2542
56410
88739
63181
67279
22277
49299
63129
80235
30820
1726
46960
62945
43532
44247
89549
74684
9991
99728
67322
15356
61957
18220
51264
40021
9465
43259
2512
76677
64333
73764
7321
67622
58159
77825
37441
88679
