98800
42964
29415
85471
29231
25386
80631
10935
72982
87520
54889
66565
92692
75220
11394
69177
9759
39263
15546
76785
13310
56301
90083
64085
60482
41920
47627
59648
35891
12186
76001
8647
63016
17260
83428
41860
20556
18096
96841
94403
17287
11286
75978
85737
89090
82049
49046
34386
75367
73208
75873
89222
36030
82120
93576
42499
52880
65329
24989
87311
77758
20983
75043
60796
11519
46241
3548
75432
91792
69533
48621
91662
42422
21142
59498
2024
80323
4345
74995
78432
92874
13241
84281
62683
36313
86778
72616
80895
23683
40929
88979
55226
93106
9529
16644
96304
36242
15181
74218
42848
78500
73613
42594
5833
24586
84210
46800
14888
22622
91552
62176
48535
90334
46556
94437
64517
36702
12359
24483
24740
73625
22653
51748
50862
80554
93394
98555
32892
4497
63194
65781
65141
30127
32146
99932
19260
70647
78447
38096
52102
39978
57728
58272
32131
78753
40443
64891
46550
15092
52127
59601
23882
90698
49477
69223
55847
21865
91731
25278
31191
85654
13907
10390
59428
25770
97034
18408
58188
46624
75177
93870
58254
74263
72380
84762
15897
64380
19617
72109
40110
28503
52005
17800
52370
3592
41898
74442
80649
62923
44084
97394
78916
53169
6904
66448
26070
47337
98844
6360
81718
22035
6703
99925
39914
58256
1347
49619
18318
64715
53325
91467
2247
19621
85167
2688
33649
96107
58019
55836
83872
22592
37758
95264
2540
77782
14954
5085
67358
5932
58692
68559
65536
13257
90391
18075
21799
52080
77885
94114
2245
92279
56123
15934
9597
52617
95147
59294
68001
4215
32799
29962
89318
43008
22488
59125
84276
11438
97385
62132
43301
96261
82260
12386
6022
84766
25930
88990
29229
67092
80888
81568
18222
63905
53590
91592
66468
21824
85667
49922
82635
55659
37083
63142
73133
28729
79241
22528
90769
31265
33798
10361
54695
15752
50812
5983
10018
43737
9911
24831
26686
6157
30064
909
23327
51230
11740
25413
89417
30895
92657
62451
25771
47462
79497
87642
59178
19118
39253
77292
5525
3402
98220
97964
33293
70527
26873
2469
13092
47607
81573
22731
11912
60836
23235
76478
25595
36174
39815
21902
16989
53828
33110
59873
38608
71346
84589
7232
36255
63170
46805
90900
4483
32619
19305
23283
7936
32100
67616
52800
24356
9270
12320
41809
49321
69925
50539
64935
24226
3018
62046
23004
79302
17350
60302
51697
70292
38347
59355
61946
85937
19640
66213
49922
802
90673
18248
79293
41530
99952
68542
93495
68557
87015
97545
7718
41508
91300
10551
68683
20807
19654
83006
33236
1123
23800
11597
87132
72316
67608
52991
69589
72744
5669
66862
4716
43057
62397
41007
58648
51677
71245
23405
24274
34476
68551
54446
92287
19805
52584
10189
78991
27795
90672
41138
66282
36634
32976
48799
77001
79075
31115
6977
73921
46960
98953
20750
62887
20152
92829
64661
79110
50293
51903
17006
49562
96249
58731
98759
32571
69354
19310
67327
19732
57419
74000
41793
82071
64531
580
68081
10080
13598
64005
79573
20561
64268
49483
77313
35523
47801
91558
72135
26975
87922
31078
28697
75892
73666
91575
70033
77902
34216
16227
7647
59765
63788
87245
16501
72960
57159
38679
98356
19572
24748
54581
65511
86287
72329
96444
85294
46765
81418
63236
84770
77795
47174
40352
31809
26341
45302
65901
8404
72955
30547
90178
75863
97371
56358
19807
56772
77022
32982
4353
78364
9122
93202
52563
2227
33341
65566
42409
3562
77221
6281
23267
96484
70980
31456
29851
12590
23436
55435
90160
27657
91258
30274
25400
89024
34569
78717
68140
29929
52522
39672
8271
13783
77064
84871
75648
84593
94611
38124
98468
60774
2892
62338
31182
66674
7279
93694
4882
65914
26506
7217
33336
21587
42821
76696
87106
78847
67801
63538
67657
54624
97426
12480
51040
37549
98009
9483
19420
86109
55808
45258
17979
85311
56967
29386
24764
28919
99091
58726
81745
40875
73834
2226
3422
45305
6336
86684
70962
367
97765
96800
16791
31073
70467
43843
63347
90412
11298
93633
68664
97796
74274
18773
10106
81248
89237
48024
64619
13434
51932
58186
79756
9074
81793
26782
80789
95200
9058
5735
31213
11325
38521
19052
88343
59007
28466
86906
14844
13123
66038
34352
17621
5458
90062
83949
66601
55060
92119
22173
56067
58311
22064
57527
48435
39578
17044
7717
49280
43685
63054
68147
81353
5563
62419
57338
59274
55221
30430
51098
52782
2331
33180
51496
47395
17580
40565
74298
19012
97843
60180
25729
3080
86885
49667
72901
89261
80993
70616
48764
41962
20749
37625
71158
50069
97891
52998
12057
43038
32723
24674
11379
24629
41021
69391
53735
25131
70567
10131
30854
99013
42746
88704
51436
83504
37324
65067
94468
55895
89517
68076
78281
84604
81665
9135
32032
64705
62021
1427
49504
64581
28507
31259
86288
73169
48801
1099
62059
17493
95932
47770
18693
70861
39762
49751
99216
32044
86189
87654
12744
32824
58530
56162
53520
64647
46392
26774
42964
31885
37358
89029
63109
69140
60627
66273
70505
11486
2416
78266
34702
36225
3007
76974
59963
41746
49383
7419
44842
31913
9918
99988
78516
74367
88682
16680
6051
72344
77739
21641
26777
22027
58135
30173
80135
6902
84661
49553
10234
73489
79246
87730
29628
7923
52951
76519
29816
81556
96199
11773
15263
38972
81931
11050
21966
37370
10513
88742
80457
43946
60221
98160
33747
80774
51489
12675
78090
72833
96838
53060
57085
99830
97184
71353
52667
22188
70360
70592
21415
12163
86863
24494
76145
65965
6377
87804
40095
47084
8207
42765
96388
95919
69095
66287
13267
81085
53983
48853
56434
40275
98428
56982
84717
43138
54688
15433
41788
10578
58382
99777
67009
39921
67326
68294
57083
35727
22015
67782
74397
63684
72580
31005
64626
54073
56672
61165
30735
30897
58086
71581
68205
21506
14158
81139
13734
29880
39777
33006
11276
90944
46016
29517
88701
8429
75755
56467
28592
800
9204
77539
59070
86201
74456
92749
67695
67422
92356
30643
86466
93522
84698
10891
52491
86801
31572
45503
25762
86186
54559
27202
95950
89009
56505
83452
17668
43063
42304
56196
78318
204
32573
29934
21692
80546
12511
82004
47050
21409
13444
46311
37524
9133
46539
17754
6246
35125
77025
1900
76857
30252
30705
42405
46241
82001
81589
70061
29695
91003
75080
24632
25118
36159
52325
86261
60949
54763
89198
71945
74290
49568
98453
4352
72742
8247
89678
86816
42469
38751
77206
82543
66037
40403
79339
48066
69499
90167
83693
39690
98956
42449
52308
56046
46328
88811
21193
1364
56807
60277
56804
51482
45926
5080
27610
27288
31798
26352
69662
37993
92323
94773
27591
90944
13796
92536
58594
84715
56820
4259
16761
70782
71069
49507
72988
31840
97260
42406
58024
83931
87054
88313
30009
82191
81946
25723
36616
60957
12793
52051
16267
43147
20504
45700
47367
4183
14857
61363
42249
53791
30217
36477
44544
52547
43515
86022
80412
96419
32092
95769
30028
89392
68328
85731
50938
4009
64764
45399
8998
88072
55920
97636
71921
4769
87992
73614
50277
25369
2139
68804
16982
35896
156
4232
53713
50576
43769
77461
38676
95923
45311
40197
28865
17024
22022
26874
74819
34772
94761
43357
39419
69458
52365
54176
97871
32580
64556
39775
64555
69901
35744
55043
94279
63287
78787
94131
89235
64096
32018
362
60240
87303
6723
13074
42761
15722
68771
54897
82746
61117
98794
15505
30608
58782
29384
47524
83531
45979
6360
21133
86020
3993
12905
68774
60178
90267
45917
65577
38237
27890
37639
10723
2754
94399
83116
52116
62734
39290
11415
82148
63808
9659
57029
3437
71106
20239
24435
35497
33902
31262
10600
43255
57735
10885
14341
56247
74397
37948
52895
52493
69805
3194
16660
54855
23478
88071
12750
36208
75665
77268
84790
44240
34564
24211
57324
76360
46964
9468
97668
39938
65832
10420
31674
6974
17289
94383
52987
91869
80057
26869
77719
24785
86394
58921
12343
60614
92999
2173
79959
83034
7489
88226
59831
56634
46472
66360
8691
33523
53560
37981
9282
64929
40280
12956
86661
59384
71519
9685
37565
29094
35083
20881
56151
48795
99549
60004
57845
75643
11868
96709
83361
44791
29508
14633
32449
77606
50589
75040
60502
50929
85692
19464
38308
42076
17587
12790
84505
73437
72260
52959
89095
83313
64607
50864
47951
86607
32075
11035
57085
86467
8515
33048
21655
56851
54619
64491
35420
25646
80507
9054
8795
96479
49183
86636
43402
15619
82572
14074
31208
86759
75499
84407
3382
58908
7614
48
80183
78644
66682
45842
45531
39553
17955
74034
42414
52644
97808
81457
87457
53096
77369
58858
92930
63205
44163
92615
34130
77971
7461
32331
4035
18000
79827
70325
10968
24107
29665
62746
49237
54571
84308
56776
58964
34665
63523
69241
78524
75148
44222
90758
17811
1115
26617
78112
9389
16641
91476
40177
14745
14998
65917
2212
71182
34350
41807
27530
59725
47629
63066
18306
22978
35061
32219
32885
68788
20592
99893
58265
99682
74922
14091
58981
33749
16703
14520
2919
91383
1715
60936
94327
32630
89488
48001
34238
88653
82096
85594
24613
92858
35993
9516
30895
12081
25915
67779
82749
68895
93731
9324
88796
16747
33211
40495
39823
907
6935
68462
54479
19829
38887
36147
58009
86692
68739
85676
33490
87060
97981
44232
86692
34998
75280
65407
63689
65405
83195
46899
7833
48923
31771
34023
97651
92391
72139
77579
99419
48993
8178
33330
81717
13633
31114
4784
53970
99845
51506
44202
43342
40239
34289
95689
70914
49499
22632
53797
41467
67803
76805
74417
17711
60036
60629
5555
88058
4864
38495
65618
14553
91159
86256
84497
78881
64650
62514
73058
3884
70496
11437
63843
13899
38993
3557
67594
14634
36082
63109
48152
69759
18341
36112
31615
72187
33761
15619
21681
53004
25559
16725
49106
61349
85887
29648
52182
53982
49791
16807
6263
86984
49573
49913
70971
56366
12962
60518
78717
56478
93034
90921
51976
41754
90343
95859
96212
55046
54640
12310
45120
49031
40833
20054
78325
53770
62330
2493
28011
9344
51374
13611
64842
19274
56846
61167
20186
68427
65141
75249
59224
73242
36901
65202
59969
34637
64749
7351
71005
90028
33436
97136
99341
37480
71687
57232
46150
29518
71588
17200
94035
10468
32507
69373
5104
79422
26079
32701
84908
29175
75673
27784
89904
79391
53086
71877
12129
75630
60085
43687
89021
54978
31487
37982
75907
54238
14270
27361
47587
99614
15017
90667
96838
47941
81213
48755
40735
67528
60098
80546
8558
32047
22443
41830
14355
5652
7231
19950
84394
99809
45102
70520
69433
27901
28179
39056
78980
94524
93465
50865
65152
98717
85113
85294
14158
85005
30945
41963
98177
4330
31141
44601
15531
79538
35129
56973
32535
89657
23626
70255
47006
94319
42966
47777
54511
44497
21234
68937
19761
42157
69775
46211
74063
9233
15393
9840
46934
37149
27671
29350
74706
65267
21772
80064
68668
500
54988
89894
92771
71206
6521
89323
70898
23209
3858
70833
55750
37336
30782
69661
63770
62008
22202
56020
34554
84930
70538
6298
64144
25289
10039
95385
61985
94276
95548
81739
72546
62902
79109
54010
89508
31340
76166
48555
35635
80452
75313
50853
5374
44560
54089
9597
6366
58010
65579
12698
43065
65752
45509
83738
29962
48689
25749
67482
61167
11135
27337
76621
27661
22119
98286
92848
58227
76771
80152
32430
85841
73646
20384
54102
9616
19685
924
19584
71199
441
89019
3975
28696
82849
38673
6794
17392
95370
24048
40819
5590
8683
87387
24500
53114
98691
23191
83254
46274
61241
51370
29595
77858
33149
26857
69418
45367
91406
74121
10277
47765
6165
96283
60725
22116
23362
47925
44811
83446
91491
75456
62856
52723
39333
26839
77157
86259
95884
988
10925
96493
17669
73309
9957
49070
59424
26117
95547
55992
69254
61427
25985
21248
13770
93053
99425
12400
26662
2383
29752
50766
78379
99808
54783
85785
88513
76871
38524
6309
49699
83159
49483
90418
63196
13783
30095
32856
86325
11654
62692
97245
52377
88818
14191
30064
49470
41607
38952
46279
27414
64756
59597
93500
71236
60159
18113
17861
18526
24172
60557
82552
87592
89238
6293
86095
11944
35566
58052
99986
62958
66569
26075
15007
39691
32507
98388
89560
85617
24718
36314
46906
37918
92245
78894
84942
23562
55982
19182
3037
95670
12233
14329
62153
51097
80139
9652
63139
82525
28095
18120
13904
83555
38965
83320
60845
38681
44589
53808
38728
61771
28552
32244
93807
87857
13650
44633
95346
10343
21351
62533
55961
16384
55015
4316
50724
52239
63922
63909
59551
22854
35248
7035
57521
6598
22410
63351
98952
8924
18048
46260
78972
2173
80453
41266
67117
79989
20522
74295
37447
35506
14305
52795
61174
65562
62159
97520
28539
34649
32595
8606
74759
80680
94256
15874
26522
21517
74722
87209
65447
50299
45680
86422
92295
75090
83560
53787
35930
13749
37198
70735
31716
89626
26462
24045
8548
82452
45861
91958
44439
24890
34811
64303
76328
9442
71501
98291
7916
64579
14743
45600
5267
33312
8848
87147
89825
27883
60500
86083
82002
8371
61589
14790
97450
61860
76889
85133
54218
70210
7325
44070
75655
82763
42770
40557
15488
81377
10093
82853
3589
85268
45870
71350
99006
91597
65467
98404
80778
39314
34220
80665
21952
59777
9956
36067
63300
20020
66852
14468
32552
86368
44073
37706
57254
70672
69945
22503
90542
68291
71658
8447
17790
77647
82494
96733
62500
90238
15784
5853
96392
78485
4354
14903
35989
26659
22118
15878
72806
6702
77256
95467
14525
95625
50300
17221
41195
8164
14096
28333
21652
42964
7861
12487
67655
25773
62875
44304
77283
13223
73567
73061
4235
60999
18075
54067
82013
29169
1716
30594
48554
54066
49696
83840
91034
76190
93922
22165
27346
65272
55537
54336
76142
87451
84200
53428
70623
91867
47247
10216
63784
77813
38594
59582
33135
4195
91232
53525
77550
96233
35208
12025
6448
83502
79778
67585
93267
24021
21452
91464
31851
40710
16958
12010
57686
19230
96919
16784
76799
64646
83443
90145
81922
91499
66809
70741
15471
90113
50704
86839
84958
40396
44614
31112
30064
43512
47887
92640
7672
16614
60160
46602
70414
55782
78365
23074
60855
26584
1896
13904
7275
74447
76726
12903
12790
45062
30103
14948
16692
9037
52114
3153
73317
34613
6506
91454
96095
85845
81946
14173
71342
4279
9111
60184
4485
36840
19731
26139
13134
43734
9886
88887
88217
36799
79563
10511
63669
31711
18322
85001
13408
32939
75947
98635
64500
57007
73285
35801
49276
86910
26979
75009
44638
87722
42561
2996
65335
16542
8417
75949
25331
3963
1814
72958
99151
63226
14936
36517
55049
95994
27784
64383
67522
96944
765
38403
28332
10476
95684
47478
63555
83929
76863
26223
16755
34876
44249
494
94238
76566
45175
47127
23293
42372
59670
9444
31124
2988
99484
1274
42070
36768
80751
53281
59125
62595
7486
47693
86957
4158
74664
54859
20857
60939
12393
41401
27100
75590
56203
64274
18976
14442
42278
78483
50818
80656
41090
25149
37273
91320
7278
25343
10992
94410
5407
26787
3178
23581
67097
54159
27389
96555
13536
90080
1902
90316
26270
62353
29979
18268
82343
55534
46785
35210
82297
27628
94489
2267
2463
78469
21505
82336
10419
95637
96879
49321
43866
26447
55532
85606
38222
3519
8493
2043
36884
22420
905
52198
76580
60501
54386
78736
95170
19005
8976
51744
78557
75782
12112
77778
32298
910
21117
88628
32654
45053
86136
17899
93200
52580
46450
99822
6821
44373
80045
78824
47040
44741
98325
59876
26723
42290
25687
41961
24082
42768
87166
91414
86660
45134
70763
68084
14334
77753
53308
37312
82401
19864
69389
91831
36284
83005
58997
24000
14051
54564
71914
50797
38959
30152
4703
33815
77456
52236
51055
90007
75223
79156
64546
89885
57887
94721
31239
48065
81817
78365
85488
29068
91064
42733
96422
27175
75352
6494
23591
43717
83293
1686
27909
69518
70854
36368
52455
56507
40431
36947
90628
62098
26697
63300
62088
3245
55318
79503
33944
41563
51766
10932
42182
35686
69075
42846
59732
96225
33730
77527
58462
70962
28644
7338
6714
73536
51247
95028
19031
21518
42265
74731
7634
44869
87736
23389
2370
27764
80645
93176
71857
95849
72550
82028
91950
72361
59504
92222
442
28007
76635
56229
22777
62903
78484
19666
33453
19359
56586
88551
51998
60290
60471
12425
99297
77035
3297
97313
47949
45686
40475
31968
15580
40553
5670
62613
98411
46616
15387
34353
14032
59024
94586
91023
44882
86036
51954
44731
66384
68070
89935
83010
71177
92093
41178
11566
35377
60124
82730
14915
69063
62190
44273
54755
87532
44667
40649
82223
57232
15871
21254
86837
3971
22233
74518
92974
65704
69448
67542
13261
25080
58566
30929
79878
55750
57464
60791
23486
99375
94103
27236
38287
63885
472
65289
51842
14750
39830
3491
215
45386
69731
87498
50513
46816
3098
79039
48943
17574
48204
45862
65928
92581
69469
89834
10497
31261
64394
99005
30067
83876
17163
82848
63128
88634
82966
22952
3498
56944
22676
78223
25873
65956
67327
67875
55349
71067
80416
33062
52652
78425
11847
5911
51170
48240
61307
45705
94416
10638
54792
20580
50356
40824
73423
16339
28223
86882
24369
61878
63849
80145
75540
91999
94897
69981
19988
99972
25254
1594
34484
39429
50845
31331
46353
51642
72028
11251
31677
14887
27327
37260
28536
92860
2152
2096
27866
85049
92533
50988
39651
68467
46698
18537
69213
72506
2884
19848
11013
81189
28252
61335
20451
92822
76153
15362
69735
19024
94471
21781
44311
16971
55204
9481
34550
26588
51609
82679
89847
92801
42114
34939
7439
74266
61942
66017
92730
32307
62118
73846
48757
52179
237
50488
86635
65992
16809
35714
16707
86789
32360
8841
90577
70751
6676
22680
13262
37216
83987
42624
20897
20204
30001
18212
39074
93312
53896
46185
30879
10135
22632
37427
56906
20624
73024
92131
16734
4715
22845
68558
9779
15894
65972
3058
60440
33272
44362
36687
67589
39261
52755
55514
48319
19493
52948
28552
22178
82025
11414
93323
12096
70623
4834
6571
64157
94933
51935
69952
97726
14545
5945
8546
14371
15429
32845
5003
54232
26943
57771
5802
48949
17208
78596
91617
57380
67118
89107
37412
67676
44471
69952
34708
93301
29521
56462
39156
11060
59401
38901
65507
81336
74409
38960
53043
33316
44208
41142
32890
86648
47945
74320
95235
24254
5611
44373
94887
92026
13216
49190
97038
5825
14522
2276
53254
44592
71236
15244
84849
58966
93689
93943
94830
88042
92263
24465
74540
78247
25553
58301
13171
25975
56217
50764
19730
70151
74717
10454
87690
85148
61574
47129
97843
10210
41862
59682
66814
72132
85705
8450
62079
28964
56293
73923
92959
54002
79489
7193
31990
81146
69833
16639
66473
54914
36019
71063
49608
63758
82546
83103
69875
60781
27554
99701
97392
46559
96099
84619
46179
32581
57651
2407
92541
17102
96222
84207
69682
82293
57805
65727
90662
67524
78464
6543
15314
44934
80656
42928
74191
70798
10073
3055
89586
2602
38575
1297
1409
56591
76531
46399
57902
94869
61013
99408
23494
67426
24098
49371
58692
51811
1381
67315
5952
16818
92441
2351
82317
21010
84386
52457
65903
53171
10428
75381
22507
54595
12820
89939
78526
94924
82798
13090
5761
11405
7825
95792
6510
79055
83048
47888
20836
31284
84236
22380
69416
42758
97102
72768
10161
36224
18980
80398
72205
24073
80495
4731
84441
85631
76901
68899
54605
34159
70845
63767
69012
88291
61553
94546
8993
96648
95840
3261
37961
36498
31621
34618
68935
88047
5964
79748
57492
40052
79777
42302
75944
2399
40885
81688
30910
3093
11350
20878
2154
14149
93283
86677
60439
20468
53367
81125
81205
2556
63774
13512
40384
15718
42437
35706
92452
45877
35796
96393
79667
97152
11406
14552
54381
28542
87822
66613
47406
79865
63636
5899
85298
74961
1107
23812
43214
44944
74179
48466
34680
24838
98543
54936
76277
66265
1917
60226
59962
5178
89235
85032
67297
14956
41211
5001
2742
78730
32295
31896
32646
86753
33719
1340
38919
57875
28214
65422
14611
18625
92491
47508
71698
87330
61713
54828
98609
56470
38274
88116
26625
27596
6651
42227
90629
78604
38602
70341
33749
96105
21069
64483
12648
42282
15820
47926
91119
97202
16017
18402
38050
36495
45614
41337
12686
41727
13334
79966
53243
86383
6392
46272
40456
44179
5271
5049
80102
91491
10710
60315
19272
57873
31672
18506
97555
28007
34859
29415
71509
13787
63709
1406
40452
19871
50065
90129
81981
65314
29540
48901
65269
58635
17097
47366
89713
74797
24027
68468
37010
10770
67823
99627
86491
55702
99130
80177
4822
27108
43781
84678
6867
83919
8457
39455
22674
4985
5819
20584
94114
15142
23068
14788
61950
61809
95045
60636
40775
84306
28792
22758
3980
66391
92404
60739
45963
64081
14915
84750
20741
69887
85307
54872
21532
44862
42033
81350
50178
77641
24692
84727
68977
3442
74353
21868
87701
53035
37676
24682
60656
38493
39402
20516
98315
21023
80698
40476
91514
47717
93492
58592
90070
21068
99843
24227
29834
68196
93255
17088
19775
13695
10457
63133
59613
44065
53780
537
92037
70536
73037
92928
26405
90232
24094
82247
30484
64790
56556
509
64163
1557
89835
2461
84149
66100
94657
47908
3598
50126
92033
19505
59779
20587
4907
46960
28036
76269
60902
54250
67242
80160
48438
20978
74680
563
32186
99837
96974
17596
93742
65044
11639
92746
52924
18217
23860
7996
78983
93513
49407
5871
96938
41911
78502
53532
33148
5817
85325
77133
54211
54215
3888
2305
33266
84003
53118
68857
27780
83585
33913
94819
50934
86002
56383
26989
7865
67033
67662
86689
23100
20039
97285
67389
4843
61370
83221
6527
42476
21147
67415
26369
14512
19841
63385
39527
61155
9334
59479
68921
65099
55002
80215
95397
59599
54587
54937
10936
85527
51512
45666
66114
38154
98635
54032
34172
56929
36499
97462
71896
781
46591
26381
6633
16170
7544
80306
31093
22617
16855
65833
98531
7554
98741
21590
68097
39823
1888
7789
50255
6433
72285
20999
90963
75481
1300
88214
15877
65808
29213
82598
24656
11871
87583
68140
18507
28621
73582
79227
52055
74280
23844
88318
68672
85678
47135
58560
39413
77045
85935
94348
55041
28710
47207
65462
28495
25591
35417
31151
14870
19330
64429
65285
93404
34257
41177
86659
19971
30600
3082
39476
66240
22660
55733
75974
82588
83966
52327
5285
28346
42739
48800
38832
79873
34864
27557
95946
64664
22120
39644
92916
93204
42430
64356
32725
9851
58559
94914
34414
44501
60475
38589
8812
73962
46458
28108
32380
72976
71233
82874
44528
73264
30131
2805
72130
70529
25597
85411
58539
6700
45230
21995
97851
90956
10166
46272
23809
58304
23007
66122
24029
89051
17912
60784
67871
4150
39987
64869
33414
6756
95177
22969
93430
39246
95115
19651
63072
39625
92226
62196
84253
73147
36375
27714
99270
38479
40737
17856
63796
186
4298
74076
49968
5110
58844
55477
55351
69347
34934
67979
30541
60728
51997
51783
11522
22260
28565
58605
95840
90514
83199
84184
66077
60811
81868
50881
52676
90197
61514
29391
63412
22131
1072
33227
2457
21100
73001
88320
80401
39638
64300
93725
4690
24246
31654
23525
21149
84591
16191
77009
9914
82132
22015
73282
16986
20113
7998
89156
23241
7962
2800
65154
7833
5542
4566
8410
59655
18769
49325
90421
49259
40244
78203
56202
26213
89474
79494
41830
29157
58343
29731
68085
74005
84504
19477
81280
116
27789
16241
82344
13102
83844
65079
72438
36838
99146
85891
99147
19680
23244
63870
2380
35265
25769
27749
69669
3928
65813
47068
27512
40619
66167
59999
64898
78230
34715
91148
23328
86065
23286
8294
31865
2528
66981
77319
65415
75165
5765
19363
27067
3582
80347
22150
5913
94472
27351
32819
48235
56755
49808
77352
34302
80720
88728
41725
46934
23845
180
94207
2123
7997
62563
13082
96393
14950
32004
99851
68284
48450
62334
94504
98163
46449
20001
23929
60271
44017
54085
70425
50879
1895
42912
66572
36257
45934
73991
51145
13799
25256
30385
41570
74984
11557
17240
19070
41018
67265
25756
90963
62468
27499
64535
99785
94421
55303
79188
87853
60719
64799
81453
2917
69759
29755
43328
227
65085
95990
76824
50459
40958
80859
86051
43027
18064
20764
19519
86605
29208
931
82910
93006
18260
63122
7956
23379
37360
43126
72151
80953
66745
86138
90425
49000
43803
27468
71810
45229
68228
17012
53984
45028
90440
75297
50004
81609
41447
21507
81720
73657
35784
92583
58644
59788
81888
88446
84656
6636
21798
19949
62867
21958
23838
95871
83714
54820
90433
37051
99224
90596
48953
74289
18377
12195
46946
37882
2566
42962
13118
26346
81931
15853
61405
98494
45168
74162
27493
30636
67112
55357
42811
65174
23431
48279
54145
32026
21189
94568
91583
95183
91175
4396
22283
91124
24703
61494
74206
46448
12842
44005
85879
41693
93518
95451
38017
47013
60552
25343
50702
9552
27326
59797
69938
43866
47785
83778
50858
70097
58050
14920
16693
7998
51379
17934
35170
77534
93569
70281
73790
83674
99955
81045
17793
23106
69477
1117
71655
27979
10261
7131
71473
95845
43866
82030
67857
31378
34457
78416
43338
40925
10636
4108
88398
97922
27312
77881
90314
75584
60281
60482
53443
90270
51553
67028
9596
46281
42003
46832
74389
46667
12122
22879
59836
50918
43446
20847
64131
69348
50077
3792
43077
15153
26943
32865
73038
95847
92646
19871
95793
91596
10803
96071
67698
49778
53687
81202
44292
76837
72434
21575
89375
87625
4026
96670
28802
87756
44272
37480
54475
6465
13749
20965
25507
56488
17405
38290
63327
18687
93990
13748
53635
22131
51038
82792
35864
16051
55181
10057
97230
62244
76555
87294
96914
28501
14417
55451
11126
30272
4063
85281
51575
55166
65396
89328
77846
89838
70564
11209
32372
15397
17875
25604
82847
58686
67940
67243
36586
21233
60806
12751
32574
34215
40250
92231
29909
26455
24050
97005
42071
61954
27163
33055
14624
8708
62173
98468
56735
61710
4946
46026
45486
43972
77684
81832
44369
50950
4446
38228
60561
47173
18864
89892
69465
91311
52706
17359
14915
73165
59418
51391
65787
73559
69137
70418
88234
84819
10980
74139
96512
69471
10508
74876
16287
14780
67264
88602
56530
58417
47861
78959
22008
85822
36444
94897
43089
37270
63589
23312
56001
44813
83552
83569
2291
53554
80238
71927
74834
7265
93597
59549
39969
30307
41715
91089
36665
43987
73605
54685
24047
64104
60829
56498
25303
80459
29382
79964
37115
74239
27328
50964
21230
87668
18137
51698
85918
26938
72585
62733
34541
95337
13767
49264
64819
88312
38989
91701
44107
45354
58232
99102
63665
8903
99265
91897
83984
27054
58266
21832
24171
273
34812
595
79937
42633
38319
52301
12169
90016
5171
9727
71402
10871
20143
28709
50336
11564
91678
36991
41469
37681
35857
91760
16007
28226
87298
12326
88402
26240
67714
58863
68671
50753
38561
34267
60524
13172
69327
22185
49993
86687
79531
54090
40182
48504
27699
52793
88759
70555
41560
72419
35376
21275
80362
86490
64416
43051
84587
51710
55335
25992
63899
85929
22302
46307
41055
20649
72310
85875
68184
37164
42237
69492
86997
54782
58149
81767
51577
67502
526
34505
23566
17846
84679
95294
23487
47396
70390
52071
69851
17473
28584
17616
66850
24000
22788
93602
31787
93875
7449
7050
80482
2884
2371
4396
30182
65884
34277
25580
28340
82648
91473
17085
51183
20829
2426
46052
1249
27007
22819
93658
50258
20238
16024
50711
8579
24620
2641
62997
31993
64547
49979
57702
60053
93476
54022
20682
15475
80283
65112
57603
13119
44810
23731
87202
25999
11499
66433
46020
21574
76735
92353
4780
71055
13790
56792
60244
86859
51659
95817
5562
63242
71280
93586
63793
32668
33771
57032
57707
66807
81743
30577
20966
61895
65216
80539
5447
96507
28821
24711
97079
58186
56620
41422
55258
72193
45199
86646
46262
36684
93778
33822
63815
84465
59549
94361
41838
51224
59938
54534
92227
54467
8726
79213
39831
46158
71387
42884
5839
33250
51344
63736
58038
26947
98737
47375
6621
29858
38328
91599
87468
47125
10769
21022
73029
47920
66761
36500
2345
70855
38700
54223
36569
74287
32484
42612
49460
77407
1591
9099
806
2315
80806
13011
85339
30041
75784
36867
85728
12174
87739
11980
12896
68338
67065
45102
43697
87703
6184
91910
79397
34886
40538
34984
94549
97121
27167
83751
94463
56125
97914
29214
28266
29228
90793
85153
66318
97757
35682
42987
72136
29893
50772
90171
83115
26720
41327
68230
7221
87381
98914
61757
71223
9680
29702
65919
61776
45822
18461
88218
2874
92033
42404
29603
14259
58525
83713
83667
77545
81911
78784
45939
52020
63196
19774
49503
84114
50367
51868
67829
55794
58936
76529
7081
57210
36157
57990
18586
99526
24873
23377
20495
79296
47464
40112
80102
87489
21169
75912
24589
43006
57660
90685
25310
8597
52974
9736
8026
89906
80198
81805
11408
93953
50631
32424
43938
15504
35322
72392
78101
534
65127
84140
52671
58534
58288
66643
4556
23084
39671
62014
62944
74455
27278
24823
98134
68250
51219
98483
4235
26421
49964
28679
19327
43068
11968
26541
28664
15039
96174
64598
52166
48776
97810
24055
77878
73519
38014
66776
50309
86331
5179
84942
50234
18184
18860
36953
66675
25808
34290
75688
64284
36838
68157
51680
50570
36447
64812
9602
46565
31746
37979
89517
26909
75072
9847
14168
76645
3223
46944
24614
30235
84442
48174
17904
21241
65022
78445
1143
24208
75015
59866
2855
80749
20486
313
15328
80618
46130
73484
41431
8707
28412
20211
18562
48352
15662
58032
75161
8337
4691
60308
63451
78864
9675
45452
79842
88663
50253
30438
85548
58002
63669
85393
71549
71880
35123
8767
6423
74759
94518
33549
30515
29738
5512
15907
1822
64231
29612
69552
5579
6989
3283
92805
19516
14707
96415
23991
71073
75033
20471
26664
30365
15691
87936
83429
45037
43018
48661
46682
13228
6895
51609
402
13818
71142
29792
33712
73351
93768
43629
15610
59051
80701
24858
78558
54718
70863
65877
56841
75464
11132
37693
31390
54287
67854
3184
14823
41801
22083
70869
58804
15570
82929
56323
98684
55380
2880
78987
48374
84914
62702
50639
77305
31403
4861
67612
49663
90833
9378
28710
74173
77141
91819
71217
2095
69201
20218
46115
45963
67957
14969
91910
51267
22898
84825
40
76121
24377
26174
23178
51837
91876
17502
71927
12762
60492
60387
99987
49426
241
53520
23990
32423
93372
96695
81662
23750
11712
54227
29482
35161
56765
33023
80416
69944
70791
99371
54407
46577
4820
91491
25285
64658
86199
76873
82297
59639
19892
58454
41602
8813
20231
96689
45722
14437
90979
59487
57894
26202
3162
76290
64409
70149
96691
88016
95072
58853
37085
1982
41970
61121
5980
53409
44605
8750
28234
59331
46223
16499
14398
22023
3857
53257
12625
20669
14930
60076
87301
65979
78965
11304
41476
28204
43415
28530
27081
55136
67967
98183
81801
23444
22553
17910
16484
80481
2833
66821
52084
36971
86202
31648
13263
41394
11804
81138
72432
11152
57524
76022
73086
34995
71552
71105
23017
30666
19644
77776
9994
16074
81669
73098
91363
48040
34698
90953
99469
85947
36773
32143
17836
48108
7991
50329
79776
47316
98040
81
16400
62276
56098
15929
97611
91945
25097
46805
51892
51448
94893
85817
60837
25057
56827
36009
55302
13104
40284
65223
6696
20850
81669
86485
74378
25381
58186
24977
27003
21222
91329
75700
32626
19562
61375
47718
59975
65739
75486
99418
22943
87893
39061
48021
91053
50955
71305
92778
91280
71981
95027
66672
7032
32817
93385
95549
80607
69613
41550
72230
33759
119
19801
30669
60119
19193
53191
41275
63681
9109
76034
89562
37617
40865
42279
18802
81788
33647
95431
23422
54075
65407
33697
55021
26195
24656
68668
99808
26176
65826
67111
90362
24188
3256
65659
22824
68092
8392
87902
71860
97764
30030
29097
82171
95947
5464
29054
66166
90537
74583
13760
46959
74181
18127
18154
68351
66421
64779
4474
35462
50525
53382
15098
97854
41998
85671
65374
34361
75206
19455
50710
73396
45745
23570
25658
24044
36309
51525
59074
20730
95602
2501
9271
51593
52065
20151
16180
6060
85101
97307
56402
3313
3918
52440
21335
44381
14931
31243
40173
10276
40090
94693
90959
71081
23872
40364
1214
50610
92469
94109
32042
14896
5705
83743
39859
48023
44111
63505
45789
21846
69490
59313
49259
77898
63053
47397
69478
93305
2235
81276
9113
5066
11352
48798
80640
909
11541
38189
27720
11700
18937
65570
13591
90992
65265
41505
97607
20174
12580
73312
270
51426
85453
18327
40785
80777
45434
13061
8027
76475
70886
7909
48375
11193
84996
26976
3544
56907
3103
38950
36481
5921
35785
34088
2908
3920
45722
58267
12633
21547
49789
49303
80724
28922
81005
57687
19612
93025
8012
99863
55475
98480
30161
51244
40814
11028
17194
2397
5995
38289
37961
40700
17071
73630
36830
94349
15640
51365
15418
36864
35054
87167
427
86480
26686
21582
27184
19452
30187
27309
7363
10519
48894
3240
83475
38001
75759
84540
93273
91880
86726
43324
52271
74344
83585
9088
32232
7094
92092
86656
42046
68246
77606
71147
64808
68307
98053
43681
24558
19231
83843
97741
72210
78686
30925
27442
91806
13830
90154
98829
18590
31100
58091
23537
50138
91730
34895
26082
2894
17597
89350
20090
27360
43531
85262
39116
32912
77746
38431
15167
39947
32077
59982
74042
8036
88984
71114
73585
43419
56142
17282
18401
16939
93262
68065
10946
10155
54068
21009
73077
33412
71970
40786
6960
29881
63753
70381
28678
93423
91808
94530
14059
75399
74987
58881
86512
71117
84049
15500
61153
20616
61309
82663
46751
315
70948
3150
34097
75465
74316
28961
78843
56737
65354
81755
67976
91290
53021
44160
44283
18603
42435
80162
51610
61612
3222
43002
41952
34381
81552
39828
26105
38568
59855
52461
72102
89307
94034
6645
58932
60603
36283
53212
19106
62847
15687
57322
10044
93232
90904
95222
18096
39888
71217
42550
78181
81147
31052
85139
97092
27946
61197
99716
93913
34487
2855
40275
96881
12892
9652
78669
97255
46376
85228
83679
82319
89222
61055
88763
45925
45900
32957
48720
43476
86330
21732
86217
67350
17305
74280
90954
58254
8895
9553
30986
99405
36567
59299
84618
59991
75411
60441
97152
83579
12235
97966
71720
54660
87537
60230
88958
20091
42289
39214
51191
94988
12477
56240
7582
12755
16638
72924
79575
38612
18697
20414
88360
36822
54241
84274
45752
29922
76437
28772
70513
85459
35805
65140
31240
88363
50012
31556
79813
57075
85321
70863
15965
69681
58361
35997
86927
80327
51716
71863
43352
2487
80865
58539
64881
91820
9606
34897
418
3263
14478
59036
43654
13516
68701
65732
59183
47337
24999
19219
62743
85081
93111
22500
53291
47834
4449
18679
78461
18243
97346
65425
78206
4573
85419
68025
4593
77265
258
39420
78757
15114
31138
76549
42597
26284
27208
2448
979
92628
76814
39590
55327
32497
9119
58271
9376
58365
5248
17047
87371
90926
56435
82174
5916
49053
80830
39080
28097
675
61138
81917
47078
85579
40461
47629
53943
16561
79903
27006
20625
2000
17699
85832
41429
57755
10097
45708
95454
27148
58649
46228
72017
83211
52048
87830
58678
48963
70633
93544
45454
88128
74351
304
31489
94897
92512
69748
92036
61490
4327
92814
78462
78241
96421
85371
73227
70603
40745
48160
38955
35121
43626
949
42025
14910
9899
63867
33530
52630
88950
4980
45928
86358
81551
32497
27648
17395
54342
46531
65243
40348
53672
33963
22820
65835
67766
93776
86789
66677
14603
88075
8218
22472
54588
10333
44501
73402
58278
16579
84998
28645
36218
39405
72539
99347
46886
92103
96690
63924
57722
55832
16260
94213
82917
98606
81449
9662
78128
76190
47144
16123
77077
66853
38027
875
96762
23455
31770
71218
87995
54246
59116
37763
61533
36598
4130
14266
61424
23473
18949
75662
97085
22865
8954
58771
71814
14004
39555
55981
28884
34839
95273
82087
69435
68874
51567
69364
1378
71664
2585
23430
60332
25472
75928
3476
96715
78497
32679
46318
94475
67182
48238
54655
57241
71481
19037
54212
57898
79255
29060
82757
83900
75788
42333
53156
58972
77029
68327
92658
85031
34766
12887
89759
20888
95518
15329
71613
46937
5478
62056
93317
81324
93236
61505
61701
86601
40618
24845
97953
49837
97355
11466
22123
42604
19827
39529
84544
83138
22772
44503
19685
10169
40021
61287
59709
54295
58478
33766
61723
56151
47424
7275
52420
17199
35743
1433
90664
14282
80632
66554
18354
52183
70373
42821
87675
23299
90764
47155
1060
55988
30785
88474
24165
60975
42370
83147
41303
31948
1796
7406
28122
6851
63122
41802
2413
90080
59046
4923
6860
18394
48865
70261
2506
56217
26148
67502
39795
97199
73612
36409
63530
11323
32706
5734
25366
58949
83109
91445
74829
52596
60129
58715
12486
73225
38432
11502
89060
28571
40408
97595
64253
85840
40294
82665
7123
60524
85968
67948
34826
74867
43351
44103
58336
65386
43875
16798
74145
57388
16436
43463
6970
67601
30094
54264
58264
90150
57775
29280
17784
14646
78441
11223
56791
76016
72156
77689
71029
50040
98610
64841
72980
15161
56618
99961
9244
16026
378
47099
29349
21634
37357
31671
12135
96944
90625
96652
55746
86030
24401
16973
2749
56687
50163
20179
96426
32127
87312
82320
93230
66186
45769
24104
58777
51594
70483
91808
10982
30133
45020
42238
89771
10675
99931
96150
77289
46770
99087
59846
85391
75503
21943
84999
25639
81637
62092
16293
64998
36439
3535
77116
28713
18058
53869
63163
75864
13252
72893
60541
26461
98816
85670
25613
41009
82162
27201
92074
56756
54013
42890
49655
33039
27465
96928
17726
44243
60770
98465
77140
89501
54189
26810
74543
26598
67903
13524
71713
56805
36767
20285
64036
73876
38546
33385
86574
89833
96329
43989
43477
54436
70018
59536
10985
93548
53879
44076
1248
21129
36143
18920
15094
14786
95753
71040
72271
72006
11127
99015
73106
68637
55488
35268
19988
33727
78854
75779
94493
94080
10354
27892
47913
16780
54988
22703
19482
94653
15825
80994
72718
23826
12276
50583
20661
17847
5191
49249
78122
67505
61113
14567
78706
97314
70882
74840
98947
34749
39547
77257
14694
78099
49583
7168
10775
8250
71007
98313
59798
73049
51557
77617
56181
30132
26296
49279
56360
4905
14606
2141
28536
29604
97656
26987
32966
95786
49186
50598
45897
80148
23756
84732
55106
38567
66300
94618
74243
5108
39808
12411
46840
6877
89450
5073
15948
83495
58386
48573
71018
21603
18479
94042
20143
37405
48720
85089
80443
22595
74202
14989
59064
20408
52415
79650
49293
66824
22511
17613
63831
31677
75035
51252
65097
2195
55301
21659
40153
92583
11039
49470
37400
612
79580
24294
61668
29713
64589
17700
89847
81210
14175
51648
30905
24819
53347
26431
54461
9800
55779
49123
60983
40772
84741
39340
46567
67226
28945
17947
82104
27061
44935
87859
11556
24731
77588
58451
40828
28121
17981
19579
2235
4811
27766
82621
17501
23387
20346
40278
48847
28869
67197
30353
36804
61915
88486
96627
15870
40239
77727
94442
768
46641
35595
62785
36274
26316
40092
6174
47230
94896
85603
26340
91818
36199
46888
56172
13005
2120
21839
23179
46880
88667
69100
53235
59863
14582
51055
49640
36245
80961
42580
589
50394
23539
18811
55593
69216
64981
46346
91184
83295
14172
93047
53951
43265
40856
38534
604
15026
32314
83622
13749
18399
54547
47562
12100
77541
82359
2921
21692
75261
90451
69928
66268
52315
85014
75946
68279
17388
91295
86955
48024
55774
30654
39884
32707
95619
15148
9969
19006
76047
50450
34613
3930
97339
28830
82189
95846
75977
6710
78051
86857
62059
24653
15923
92844
44243
26779
1636
58251
64910
70255
83215
23731
45358
35597
57975
87745
14663
14854
16481
62393
72389
83915
45645
24810
55837
65998
68929
23484
2824
80099
92301
10677
13243
98
85965
31120
14731
47039
88464
68840
13511
51718
54096
5791
67235
10882
58571
61741
70855
94444
81183
61123
90229
15658
14467
78144
79008
91112
37007
78245
57849
78152
55426
84810
77954
72537
10488
45260
49631
26854
73013
67623
26389
47640
48882
20671
29818
39853
57575
44955
7426
7187
52628
8380
98916
31178
20448
97584
85630
7821
52112
23618
10032
10218
10990
35359
96291
69285
27837
94697
393
13311
12110
44001
21430
13559
34733
42588
66776
93796
48325
39154
33537
92051
70819
50661
25523
47046
85893
46775
52089
12903
59629
41810
74742
49395
57591
16171
36649
13522
24379
60532
12016
62878
44561
94114
95077
8627
86949
85357
96444
77859
30808
91834
59496
12957
90081
17980
39399
60329
9835
49245
83391
81061
42607
87490
53681
70299
69259
72035
55968
18562
5939
53253
69417
87792
27138
70658
47489
76704
55584
16896
60096
536
50331
74230
82094
67795
82314
61784
59313
39610
76771
76320
3687
75134
77140
30955
20270
57071
40433
24778
39368
14914
29389
77882
71919
77555
22417
71703
85819
19422
70490
62695
4744
92939
89148
82855
30730
68377
5395
85886
87985
7474
12721
16357
41790
29618
49565
94282
10651
96183
50388
90418
36271
30806
77527
45181
71147
72448
2310
4539
45378
10611
75965
39890
69119
14076
71576
10748
85985
94285
224
51893
51676
54547
36792
31894
2193
13031
36091
42301
27989
28134
61051
89636
69034
80072
26424
73938
15412
43966
11707
58281
66066
855
40507
77374
31509
72830
47238
27714
58042
38817
8297
16366
95958
98494
38741
81723
94013
45633
42988
58116
36356
60009
76549
17243
49559
86329
70856
89046
87652
97637
95336
42018
82577
41943
85826
50820
14039
59418
384
29362
65793
8376
84258
89171
19837
44685
93677
70539
41331
44700
79924
69778
978
53591
21924
6057
24305
23264
27814
45179
1974
58191
40062
60404
43481
66278
33788
54014
12667
87920
67684
34594
45248
13626
92323
27979
75750
87378
97406
4874
92651
317
47715
42952
17712
25557
41040
28986
20018
79769
26515
90775
31604
55204
27388
7601
68314
23853
45690
53559
10896
39662
57871
53410
77015
45329
24530
87351
61267
93945
30306
36927
25858
22940
52528
1656
10476
97110
42692
17924
25237
4801
33996
32898
61405
76909
2990
90043
86238
84722
59665
51896
41688
43847
93977
52988
42445
94304
65936
72382
1026
53689
67719
26073
49462
89587
64916
8663
2676
25731
97125
71204
81161
27765
28321
6095
5666
24973
92005
105
42339
34486
1113
76545
34279
78410
95239
82010
28963
99539
59211
16171
31173
70309
16897
71548
37082
7923
83435
71818
11992
94327
87366
60506
87596
88461
70734
13922
15525
87881
47322
17472
2299
65830
30043
66540
52575
91173
91793
71052
94347
82906
79700
3136
66519
80953
40030
10852
10867
56772
69012
97742
41537
20187
88113
48011
47119
40606
88948
45818
7675
81317
66485
41081
52217
41739
13872
65342
40265
50357
18973
45909
16130
12383
77470
29086
14626
84230
93986
6643
48430
59882
3054
58753
18869
49579
75934
82112
77717
82031
19420
11968
2224
45974
63377
13030
16420
38619
50919
24780
67080
74687
70587
60510
37799
23103
81612
29154
42716
59026
33384
62889
46619
82305
97388
47793
78262
7732
22212
2637
65805
31760
87625
58233
30937
7004
43684
70155
49006
64439
12665
76007
33310
69206
39563
73742
89294
42544
20953
95765
67967
46780
39395
18691
48647
56530
65348
19919
48586
15584
34768
8688
16407
48282
58975
35320
87062
12354
29573
30794
79419
11456
80148
78276
46361
57377
29578
77413
42741
23645
58498
35718
86778
26446
34669
19025
92365
68933
9586
74406
41655
23764
21569
33422
29671
3976
59600
85028
10231
4243
86679
76940
12971
90158
16346
56511
66631
61118
72330
91269
26951
87935
77177
24940
57085
99049
21910
89960
13612
39949
42954
18128
2768
55166
89139
55654
89886
46726
48605
42384
97776
44549
67181
38498
36966
81557
22747
96619
10100
78158
52393
31246
96603
18316
47454
53720
46587
96629
76336
30621
82066
69640
71416
70281
61288
68550
74172
57804
1019
60691
66624
19905
12513
29945
93493
82402
20754
38678
87974
75527
76302
25290
79860
35453
87556
11708
21525
84451
7711
35418
9067
93257
70389
17983
60318
28136
73133
96899
77210
68415
7385
64942
95599
49408
11534
32487
18733
66658
24822
65052
32965
7908
8654
808
54319
56775
89780
35962
82725
49579
47025
89720
50093
65600
51624
73366
49515
94529
69627
65357
9268
23854
61468
19559
68142
11360
29691
30451
23919
55068
92974
54866
59629
42658
2453
1158
84603
69581
63664
3543
38355
37170
14174
27630
21389
17664
14848
29999
97783
38168
82972
24203
97031
59465
55783
9111
46440
89095
32666
42958
27083
59328
12043
27656
56604
92158
30091
7435
63147
50466
88763
79934
30865
66083
27001
72098
9680
33837
98169
50477
96511
99691
32668
85751
72096
68771
57835
164
86874
93342
54718
95507
36915
20705
76459
79027
25127
86517
71026
29230
87573
7413
66851
47317
49405
3038
93338
30947
32463
83685
99430
12603
90926
82188
46446
27392
26659
26292
55560
87833
34323
29927
20560
69805
95747
93255
43019
10159
89624
47973
46970
23163
62810
68938
62903
89098
32840
85351
36345
69058
75432
26887
67700
3189
93911
42115
4581
54726
74259
49067
52367
98835
30956
83192
94907
57645
86853
97045
51569
56149
60018
83179
41323
84489
36714
76266
49792
21987
19284
57348
94551
41308
89946
86502
12401
7435
62226
17370
75893
53632
88674
88292
35900
40556
95605
48135
92207
79618
74031
5258
2244
35794
33781
80196
9039
92253
85564
83211
66474
17644
92322
82593
35441
16910
54515
11059
8889
44454
70791
87471
95419
69482
21151
97936
67475
71726
47279
766
88883
88578
84059
70173
47956
14026
55103
58756
7526
9749
77463
20147
21871
79015
50895
58249
61309
6081
52851
18989
86040
84546
39246
47752
8827
86559
9838
32762
14642
35844
12720
37313
44973
84797
94327
77895
33585
22149
34636
21414
61806
95759
3532
99139
66990
50643
65600
16403
18586
62902
36627
61394
18874
28289
14725
4336
49332
36306
61346
61397
4188
22341
44113
71682
97029
40149
75174
37073
84688
72999
24663
39160
71444
31437
57182
90281
81014
40107
80762
58183
20959
93435
14175
51740
99217
51326
18438
16684
70072
89990
28563
97278
60802
73238
17226
39465
51645
31850
2110
26841
75469
28527
31715
45586
38238
97467
89949
87437
71106
24444
23322
9225
55544
3162
40438
10752
8165
92373
72464
45702
21710
58489
67001
94697
44436
27385
78357
98205
14211
17717
38636
49163
37996
53921
82714
92431
61720
68588
13501
1750
61376
31001
45578
45628
66667
19338
41733
57639
32800
6473
31300
59271
59385
56407
5130
16980
61525
37017
1150
10853
19109
91743
73225
53389
85807
74159
71228
1623
20448
48006
49032
39576
78872
70714
84325
90709
12911
21373
28030
25098
85651
20717
65405
7737
86417
79364
89778
81589
48790
65734
30905
24702
67438
2647
82640
69633
57775
92189
59820
92508
48109
40110
37191
84794
57441
91723
80399
88671
72081
14420
4068
40152
8987
76052
25202
98391
26338
65488
66971
6443
84380
89638
52832
54714
17100
24329
72138
76224
88073
14692
32933
20721
61552
35521
76988
45541
83526
80611
50295
94693
98964
1106
9508
34370
61665
90753
15715
91386
77445
84249
43294
92287
25217
53377
8127
58471
87277
82477
67693
33112
19585
4174
598
57388
81487
83347
78600
73465
99064
79661
14865
45727
15192
72277
7478
83274
80130
18462
93048
26347
8613
80751
98779
3824
71398
40645
95504
8175
27393
18517
58263
1049
12917
17183
75108
94790
508
52119
52882
78318
12153
42250
92321
97784
69384
97567
77094
52939
45899
24853
78340
68814
89428
41346
24498
38833
5395
96774
85990
40841
87842
70424
46071
80547
21397
13815
32809
98008
97169
12688
82765
28011
65580
14730
14194
66363
88429
994
34439
73830
63551
42564
62276
2540
40176
89448
11620
71571
92685
36274
89394
3734
66129
12040
90475
41728
96178
11774
76387
55568
64757
79085
55770
33210
42088
50328
3234
74698
27152
58134
50403
4401
62334
12159
77290
45278
8148
43531
40370
31948
2195
61238
5323
60894
23294
79030
61882
53539
24254
72465
70185
76655
24607
78871
9073
84465
86794
29065
60452
89847
86214
36922
44418
34550
85870
84992
41400
53969
34750
45197
33580
52646
71404
44438
53373
3518
73762
94875
9916
63057
88446
49695
50443
54686
87949
73748
79793
83462
3085
92824
58483
79082
83079
50522
45734
65272
16819
70773
75023
38301
37630
7912
18789
79057
38885
17538
5250
80169
25498
5555
10703
91918
19148
97394
1401
36518
86479
89732
46600
12122
5199
57937
50883
41925
86713
54497
69567
20881
98703
88101
86698
2988
19851
71615
25426
80533
30905
71386
15800
70411
68498
99624
57964
97530
82121
66564
59934
85684
49121
9215
78793
27087
24172
62901
33101
79692
57028
76863
92343
84388
47971
84369
81465
37397
18857
7714
72067
47532
71967
20867
5612
15092
73932
76189
43624
5574
99972
53353
59804
20148
94562
83882
71759
89487
9307
59611
78815
56950
38513
45734
23505
54042
79042
31411
22439
84128
18158
20567
78673
74406
94497
12401
13716
28254
3602
63700
53154
47983
19277
27526
79719
3675
17058
72194
89826
64088
12609
91977
28089
59245
28898
15117
9018
26233
97361
51570
36049
42521
53750
59495
87416
79405
74680
85398
25650
82160
70165
43505
85885
45607
6456
30832
37672
10986
66014
19830
36984
6848
41584
58350
71519
26180
92478
19427
45507
79380
3383
87482
30892
52032
27650
10633
94233
59782
40110
314
28994
31660
46543
7665
93923
69104
6092
82482
52789
98066
77444
98031
60219
77531
14586
29201
936
95399
87976
61236
86926
55253
39890
46270
78777
82683
12612
33852
17956
95823
36599
77890
70876
65699
90835
5323
60304
33919
64427
2414
20087
9996
66638
47441
1936
5351
27263
53360
37446
98449
9696
98833
71805
78874
13387
73741
91769
273
28888
11239
56492
72240
64525
56965
61466
99553
27155
94520
86696
9262
68896
67017
30971
85561
41148
76930
88615
92449
44333
73426
55419
59251
96406
19506
86126
37765
6084
92002
52311
17093
13554
60030
5030
53187
45922
47847
45470
9672
85974
2382
78196
32742
66664
28183
29552
42679
67862
86244
37725
36457
85126
99319
55939
55462
55820
97240
75834
45019
70839
23700
93469
35153
42209
69603
95708
8865
61986
77784
39639
93301
31460
78942
6474
41951
95230
22677
92587
68222
89954
43446
69903
19840
54276
15853
31966
14234
4091
49567
97367
48681
72012
450
38832
62273
8912
43042
90533
97060
32475
20686
80692
90078
46605
44424
4996
6183
92844
13988
60232
33142
4653
7611
55065
27392
53797
73629
80876
26355
37636
81473
4774
12419
80416
90957
21288
31009
40110
44200
33038
52187
32144
95526
35747
69267
62754
79825
73235
9851
10857
25782
21389
90103
89335
64225
44027
64401
45385
11439
8476
35283
62166
64178
59424
51001
15912
68273
9661
55647
23135
73987
66073
48643
80949
8045
998
9127
71864
85797
64638
73971
394
71024
15498
11853
60083
14671
23083
16191
46930
56887
85623
28670
35724
97754
90020
67966
36102
84745
53355
94480
70163
17588
86716
36869
59709
72745
9153
81289
63226
34900
92536
59588
46801
34504
34889
91141
48679
47570
90918
1240
45189
93470
8717
66248
88363
37402
12919
83194
18024
33032
73025
87119
32442
70157
3807
82806
84308
78628
52143
87337
5517
41793
52964
12029
64350
26035
81868
1219
62865
98879
19286
88531
93826
52114
49291
76693
8870
20467
48506
22306
59826
25959
63265
30194
61875
5417
27145
76644
30696
52083
6832
70051
95427
3580
95722
3396
40505
96687
1898
62328
55533
11699
20329
19145
13746
84494
93292
80327
20866
27114
73935
63841
30121
29836
27511
79558
78528
22770
50153
58932
98889
5224
70522
10781
92046
49234
93103
90246
56391
45894
36187
12183
18568
86178
66772
48126
5629
44120
16447
77381
12124
46818
55778
3582
78148
42991
39929
65590
76068
16163
24867
17734
46534
42965
63438
50309
41177
9547
27098
64511
91390
3045
23935
74971
90926
61752
45272
43943
63064
79385
73929
34407
6323
72771
46807
52071
49446
66940
32633
49055
9304
27513
14177
40228
21026
18452
65648
75603
22739
16463
6949
96082
17021
51935
85991
9078
22882
80806
12655
16396
97718
95986
2526
96683
42234
90459
11411
73762
96157
11366
863
74236
76913
78043
55207
63876
88868
83707
53944
72473
96103
69669
21203
46600
72436
77846
17386
54387
86780
37729
29188
68639
54284
16237
51336
13318
24987
17494
97993
30567
7041
91886
79445
11373
15599
32712
19168
38978
96728
22115
20210
39174
26862
40181
20293
28049
74782
55925
24247
64388
73073
57024
86981
58428
82177
32223
19951
60676
26706
41888
38889
71373
85714
23377
65432
4216
90224
9830
31000
39724
58677
78407
57658
64665
17518
90013
41777
14103
95944
23287
38535
69061
93247
33605
57493
50016
4904
21016
29195
83375
12760
58492
12271
54840
83226
48837
53460
3484
74748
16076
37824
64952
24924
84522
5710
94665
99365
22316
40910
92163
90446
5848
64731
3419
3352
69827
78125
52109
65884
15416
99311
69207
80635
47624
26964
184
66135
2818
81439
68680
36553
38292
39354
79867
85462
73583
44137
8724
27894
62827
50650
82588
80106
37031
92929
6911
93760
8852
51487
13398
70711
1351
37600
59332
16765
68617
84316
77299
57558
5525
28529
96547
40876
72229
55610
52154
66493
84864
17956
29768
25689
69401
24214
3056
64765
16722
89101
43604
54695
20052
6423
57283
51330
68040
97969
35201
691
80022
63102
16845
89266
66837
51165
22368
34297
54103
41712
7876
81420
40774
40418
8896
90896
21718
87709
1310
77136
34544
94567
42
79516
40712
22604
37506
99102
71246
45216
72836
74260
20409
51463
86470
21761
1111
40501
58852
18235
1846
68759
10661
75010
81224
62183
13921
79634
97527
66387
29612
80331
96658
58064
66147
85455
63060
37329
48554
44233
13659
23266
63050
8887
68875
33615
61011
89311
53947
87135
89784
81216
28856
83074
75290
65784
83905
25031
98291
78528
8682
57872
1575
4859
15604
92504
77602
62344
85315
1015
58701
63782
91947
14619
4576
78580
5708
1774
6134
47609
1172
24609
25686
10391
76602
48395
51474
13584
82774
362
1549
38028
39037
70025
35550
55786
21691
58191
93283
76371
56013
98666
3995
52932
28434
26002
89269
14237
78498
96709
60076
82131
18896
50682
77356
84073
32185
91183
28257
67208
41029
64017
79569
84953
99465
20672
24744
21921
79068
48789
56888
47516
8491
29763
91595
2505
20613
72754
81957
50599
59125
37237
35086
86064
40285
19418
19131
88354
92669
51477
23601
30507
29934
26074
35341
91995
19097
19042
53466
7761
1258
67347
35168
29708
39820
12559
73640
89132
59086
74850
63459
59431
9226
77657
8082
3792
28931
93505
44667
80046
1540
36389
29252
27591
25188
26381
17582
82416
94422
99599
83408
1571
19287
74195
49341
91778
2068
5377
46243
27725
45778
29998
29268
17818
88018
64170
21281
52276
17991
31548
63064
25592
74374
73419
6221
64868
38094
7577
4519
13439
94977
91223
94710
59486
91442
61887
40143
35031
28316
16304
1724
23553
47261
16941
34268
71541
7121
11434
39573
61018
5099
65305
64425
62874
36535
57816
27197
45868
67973
84472
53684
94490
857
32803
32748
54555
35288
69781
26375
26130
24026
86250
23960
1687
29823
39510
78330
57432
39151
34679
57746
26660
68004
43501
8339
29672
26798
31835
22950
33626
34690
94275
67057
43843
62620
7233
22696
14457
84193
79712
36253
37339
85058
13442
36991
18849
41344
62737
33050
97025
79485
69764
6716
33294
26725
27024
26486
57356
24464
3075
27756
3453
46830
92749
91440
29751
19192
80117
39067
22590
16814
63873
73238
59438
98426
20407
41601
54561
6510
89489
88327
64060
98784
25925
54141
64925
87558
33762
17117
35596
80747
65340
89993
81118
51956
32799
90509
92309
22002
7239
99657
61227
23670
10460
80211
15611
96526
47277
34868
6318
85422
71924
50846
34974
14747
63696
4668
20905
38608
26514
42193
85430
62999
3471
41842
51474
73880
92120
7482
65626
29897
49292
32559
99270
89832
27100
40389
88324
45714
38529
68399
40281
98894
10798
50173
8822
14493
55019
66370
88259
28131
69604
53701
95487
65046
14227
98227
20199
68617
28737
41731
4405
39794
69242
76421
36130
39365
51575
45141
87647
23306
16344
75190
78
58115
1911
86536
52201
53297
33020
36980
18860
25750
19222
37494
60293
95590
37072
34223
75605
28873
20190
19706
16977
96798
63994
486
29651
34377
14042
69457
62918
9877
78722
64953
11787
94413
53622
37371
63134
27691
46025
66902
35597
91756
22870
78655
20571
31747
16127
40539
2292
17351
69535
58774
3116
96637
58213
3280
94121
1424
56884
17824
39254
63563
74061
8983
47027
54269
25707
65879
41968
99700
71089
47914
82847
53288
84109
25220
73927
85338
79914
97904
18249
73503
67164
45566
40341
19948
61836
15149
36199
50342
43250
61709
70807
28201
27647
72033
17694
13887
31627
66301
6039
50247
98571
2592
46262
21621
75926
49828
12528
32993
29352
8782
21509
58979
99574
65751
96398
28495
68641
27078
92433
10558
29680
91625
56450
9379
77107
54645
25640
12075
7525
60040
53711
13613
91865
68001
74931
64572
99303
18720
44022
12008
2621
3206
20989
34467
40199
11827
28626
61895
75635
89199
45245
4548
73868
95481
20567
6945
46141
36883
44514
21280
24187
452
25467
69312
55071
7896
67113
31573
90819
31826
29191
49921
83056
80424
7936
26473
70636
21983
69179
65279
26019
63744
36440
18325
14794
49162
39744
96383
47433
67986
18431
62420
74206
22741
87821
2168
77738
51677
79396
32303
44713
97053
71076
43809
60007
95324
21492
93444
87545
94093
36309
24158
67704
79234
95261
60442
64012
7141
54518
5908
68152
70730
84139
22833
13395
66770
75714
60314
92603
5767
48735
18958
42586
36876
20565
28966
92668
92631
58318
19469
27670
46299
8838
53340
31676
94272
94716
94971
27480
27378
38156
70596
97159
73488
64150
73983
12913
48242
30413
93237
19609
61177
840
81777
45358
17350
81571
30827
58669
66295
67773
71381
48823
35048
78238
21852
61891
30799
91156
19122
72054
80743
32834
65224
67611
78138
21799
69098
72725
46581
16052
44425
62217
65080
99859
66492
45458
27061
7981
14326
12701
63888
36302
61184
59604
66774
21772
62110
95249
42297
12092
82114
57086
11291
21182
38866
28342
35616
14166
67219
95550
12472
58102
12087
50243
23348
9164
83742
35188
11745
76393
34829
22817
76829
6420
8166
44440
71650
5620
836
56366
59689
73848
30428
34488
33937
87339
50925
43898
60993
38150
9842
12894
40761
18775
228
5786
24215
10941
36256
57610
38029
26922
83504
65903
77262
59296
80256
4871
13016
94426
56692
29996
13330
10853
35861
38624
27673
77598
16305
36009
58239
39844
74195
73594
66550
21934
82055
58054
6192
2379
20225
60708
69363
43225
18336
32766
90344
64524
57225
74640
7082
46054
30882
66567
81457
79846
99564
29908
82914
61604
78112
46616
94635
247
99371
98185
52727
9909
99352
55327
77240
22202
98679
10636
74200
95983
60632
70104
92517
3094
48280
63149
20372
41664
28926
12185
8962
7627
92136
86704
22370
52147
75139
44587
24267
73609
66072
69116
43853
20151
80039
80434
65171
1897
97399
84880
47374
20245
92366
85474
19214
29459
37390
79819
13324
14963
26243
52970
71321
87186
89222
45099
17772
12648
32957
25093
47062
54091
86369
591
29911
91516
26250
72365
23055
67845
97977
18474
44265
44045
64810
88716
15261
6662
67489
92910
14756
95320
31262
9303
47365
13101
97795
56667
30928
34940
62661
52522
68940
72306
37817
93283
33876
91775
55562
27698
3209
65024
56764
45478
16985
7768
8705
27275
22376
506
29837
11110
45158
40047
10336
51742
22828
77065
53225
16809
93721
69583
41437
88114
5184
45454
49534
71958
6228
71527
54840
23485
51099
39791
89701
49731
38556
85784
92317
39597
4396
70519
34290
30422
5102
51551
7364
28892
61970
86075
70454
56810
38549
38753
33977
33625
23587
68649
40294
71531
58234
36747
21046
50849
45666
6352
60010
5366
50346
60604
13186
37044
84747
13628
12413
23201
35293
11015
83012
53633
38090
20641
9988
20152
1072
98029
84935
12346
5814
56075
26144
69906
45490
20786
81362
67649
49472
83441
84756
98750
91541
1997
78546
1366
72889
33409
72063
24921
26340
10775
98332
12572
85637
86660
33440
37592
26758
894
49776
47636
21416
47663
99552
94270
34459
43279
91554
63960
32265
44764
73728
51851
26259
84261
62092
36093
42094
8622
47263
67662
25966
60014
86005
95038
57743
13572
84269
58829
87346
43770
40890
48578
33664
37119
77334
43877
2445
84276
66906
29609
41855
8102
92655
81576
37047
46480
86313
1376
24568
97347
95497
18136
53630
82113
21670
61401
61657
4513
36526
20887
59010
32724
76614
88495
3873
25149
18187
89139
6927
18214
33648
57818
41715
17653
25807
17863
67358
4429
57991
11262
27259
82893
34260
89998
48272
22753
94947
51550
15448
15932
82219
97932
47749
46018
70599
9130
31488
4160
77702
11898
28293
97173
94448
6353
63699
37679
76420
35976
56306
3806
94042
57228
46521
25263
93628
76117
98464
86615
40222
81119
30201
66636
73690
90994
35995
35715
10068
95697
47054
16676
86375
63198
26726
46093
82969
30085
88444
27906
26299
10593
46333
58971
95244
11642
21889
24991
51410
22486
52390
94481
10666
44872
63938
96582
81696
61657
23482
3454
70358
27983
27610
80723
88922
39630
17431
30844
30501
428
42294
63542
87673
70557
60315
29628
34786
71230
71392
62048
69105
11004
84305
87582
43306
52573
6009
41502
99259
30144
64397
21312
6602
84989
57548
98316
82982
65610
70048
55613
94211
91044
94489
50982
80191
88847
6808
40109
84556
34310
61796
10465
90265
61434
34349
59354
43677
40028
37416
36349
33620
75928
31585
357
36031
20982
56939
2683
13009
61999
46645
69175
1181
15778
67837
78060
16514
33323
7390
54459
45764
65900
56945
64949
68347
53931
31046
45168
50640
98193
54638
42954
28193
33699
21992
18282
59459
94132
14950
59209
31907
4124
27100
22557
87664
92620
9284
74486
93596
56288
42839
10354
32637
82956
90584
67720
18982
66635
32009
82100
89935
11771
52042
14815
7361
3691
40982
67481
93785
49554
18600
22382
18372
48181
22552
41639
38799
34388
77285
75727
44646
56560
51571
94351
55353
44283
10317
45237
43115
54272
99300
92823
62122
32850
69273
20136
52082
12284
15195
83973
51638
41802
80700
44041
37688
20457
91982
84455
60404
48944
28920
84594
89350
56282
37453
33374
60199
57690
59461
63077
93373
95745
24366
39513
50254
25776
60259
85521
78908
2415
89557
26515
19192
93311
24088
2844
75859
7529
56663
34896
52301
25861
84832
94170
25351
14706
3473
5840
95397
35898
59936
94391
52822
52118
90599
55893
17435
41187
93787
11911
60197
6460
5547
57988
59387
2405
65401
96038
32193
34608
57514
52669
1027
24565
10776
67512
10912
30195
14161
35548
22303
54419
90124
43009
42479
95165
73692
67074
2712
68195
85408
34672
13742
44752
74698
45840
20313
26843
34783
22946
49304
7434
73646
60788
78383
7266
93364
28257
41341
23086
44980
87240
27025
58238
89607
5778
16336
62538
15509
64221
28712
98326
93325
63998
49200
22842
38927
56275
49867
64935
47198
84069
95412
91215
86244
14868
80772
29335
64625
35213
1801
45435
25732
79625
23214
98168
7647
55504
55144
68919
29504
57775
11333
70562
94233
50977
14108
9647
11588
55541
68339
37089
78389
76405
75887
60911
91828
35810
71994
74739
25006
87001
97913
80296
62420
83276
72594
13700
40784
51031
15195
83423
1130
80947
35431
89423
72735
24849
96981
35266
759
71124
17746
9083
66873
64712
67045
49326
3737
62303
6339
71836
83509
80404
43913
42502
59862
31037
8141
10957
78383
408
68863
60557
40346
84915
35958
97442
40974
86464
88175
66978
38828
36727
73979
53881
69255
88829
13422
97708
16230
23267
9962
78481
44691
43358
99913
20726
37034
92928
29561
41697
16708
86024
56883
350
2261
57189
68737
81958
28753
69603
8352
17273
74127
39361
33007
46781
6424
90032
73247
71033
17615
10433
94726
55116
90446
90382
15865
96987
85002
15232
60407
48045
56903
46477
50270
52804
79844
73628
51619
12066
20091
31464
68954
46627
14914
92688
4353
5330
10350
53131
14301
47001
19680
58527
24082
6274
91298
1766
9904
11879
41324
71749
96956
13521
9195
60306
60369
27650
89091
80203
66937
32796
38412
61181
50941
86151
41479
48098
40201
97757
86029
10534
86637
31870
930
13405
28365
98375
22395
43996
61506
78077
63724
39740
70741
48341
34507
55432
37431
54608
32319
76702
16239
30147
86194
81505
8589
58499
7586
37931
64794
43199
61565
12146
25849
30789
85112
65086
12591
95790
31941
61994
5255
45094
18697
88859
69071
98671
90439
2599
51643
86047
10667
85593
65438
9326
94295
56490
45675
19425
4816
69865
90789
84463
79201
18306
16512
51578
13890
39952
63229
69421
42841
41641
22666
70324
71447
71144
11449
97335
12433
9917
68059
4986
86288
78747
32532
75971
46707
16523
36494
28622
19410
93165
90973
62075
71205
20791
65893
390
72346
17492
84780
50487
39370
82221
43205
69026
62926
95114
37878
23150
45040
48339
6991
94898
1806
85802
98175
453
85774
40540
4871
97367
3458
34606
50011
49675
50667
60590
99119
50656
5251
11059
24988
94941
25136
17572
65615
4067
35542
63505
13044
51593
78645
13343
83582
71070
86173
96074
60269
85402
22616
65439
14615
31805
12621
87413
47029
4763
32209
93529
18358
2336
95994
87222
17899
33981
23350
12050
69761
84234
20186
94108
64911
22268
27496
53277
18722
90114
51024
78940
63501
54592
321
13717
28039
39811
96443
93183
82319
37722
70543
60851
71857
42012
45147
10708
55598
91422
95444
49600
47719
74123
26312
76035
65215
28507
527
92347
4309
59343
68691
56914
53739
53269
30027
63765
2014
82277
59182
78087
37537
30167
29730
32039
13691
59335
22251
22899
77121
16787
97679
27299
94670
1423
31220
89378
28279
24286
48501
99532
39283
4096
88873
22975
69031
13628
7112
18587
11984
81381
8694
73321
32240
17356
12063
17551
44392
94273
62343
5880
6256
77628
15225
87522
61664
41392
62244
52315
22048
40649
35486
77727
33775
59650
38804
33441
41294
6754
63007
62
52222
3663
10914
95740
8093
24358
95058
77314
89360
13669
44985
34005
61942
42621
93275
61655
88870
1350
61311
27638
51384
54797
96539
71335
45895
30966
39545
72590
78552
78621
76257
37637
31266
62281
53658
2593
66713
19485
79429
37306
46333
84929
62954
8379
95663
1480
15785
91154
66375
77148
44571
39944
45443
35368
48677
97424
7123
39579
49845
77127
84812
22468
98762
10739
37411
7347
2739
99660
88962
90681
94942
69385
21921
24004
81305
66454
91843
88160
75671
44414
15180
48390
6215
1403
34049
36313
92194
95897
13603
56234
95470
27133
69639
2302
52493
23865
86167
52214
70967
88315
98740
16124
2191
75693
82205
75185
18022
21438
54063
82223
5580
18963
63907
5430
61946
36422
16253
97358
76689
1098
15153
6841
86057
32728
95210
67809
99745
19619
71511
57439
80287
39629
17192
87355
45673
99056
46199
30521
19198
58864
18290
70755
41834
31380
50653
76507
63225
64209
40356
16071
7612
88809
75524
69868
73162
91898
30067
69462
80483
14396
75440
98403
49927
96623
1936
65951
1770
76552
59756
62889
90222
85732
78160
17825
82808
44397
65007
54677
82074
18703
4583
35535
79263
55439
49827
91477
64104
47324
14193
53774
68989
76736
50038
4801
83423
19886
20828
45210
29444
84702
74736
86673
4453
77466
25848
21880
10649
57699
87060
28764
26891
75389
87388
61779
9813
39904
19140
94487
46795
10458
1846
54446
62358
5981
93900
13486
35693
73358
34401
62921
23569
19797
25232
97372
43967
17909
31082
1797
29591
27947
80828
6405
60264
85429
26883
93599
89348
88258
94988
43519
746
26341
98414
18985
82856
20290
24315
98471
83565
12361
86186
37290
23297
24138
5195
7094
50157
90015
17812
91903
8821
17343
64895
18848
29629
95440
94182
76929
79097
301
24138
47435
78370
90882
62174
97227
21382
6247
14516
23677
93594
32610
18231
17229
41761
43538
83108
36125
80234
19789
43442
99332
70446
3084
34697
83403
61445
79566
89356
87415
26108
47385
19373
83263
88223
38750
58920
32415
61963
7967
85711
43909
75499
94135
98308
76210
99111
47666
77086
86091
12332
58056
96695
59308
56859
24806
76988
75285
56184
78771
35782
41815
16891
27100
97568
46208
13237
34967
29006
3010
84617
50692
74162
72266
34077
99532
23832
76311
4775
58486
84291
13778
2479
3264
75082
68051
50690
60065
26404
63416
61761
83635
76230
83191
72184
43895
27018
48399
96566
52100
62973
64143
18660
74076
1473
61640
83894
24428
25230
57326
974
677
70509
97698
94480
22003
39336
13626
52018
29517
95517
53171
8562
65589
41248
982
74462
90970
82
90181
72513
75433
79745
52675
95512
20147
95118
28403
1790
13442
84157
26262
34835
69078
62442
61084
13125
78531
88711
50181
4559
13392
96380
67048
56582
9802
55581
53070
32827
491
87177
92924
24345
35048
84812
25541
20932
17834
2185
74332
26884
10932
11835
38576
45360
69254
18335
39484
3147
80164
87856
95930
2258
49901
85622
59121
79052
12696
96092
85710
64566
42048
95576
1299
26264
91233
1917
99787
84265
36901
40151
95291
76346
14379
23296
93626
1556
57804
21688
87328
91466
16096
49922
52662
12634
91246
90665
74444
49425
25691
46488
8236
21741
16475
9765
84835
15356
10535
12311
54127
67337
18548
55219
66246
40012
92564
19584
87879
26605
91995
57564
21247
91007
8764
94243
48470
92126
42913
88664
35017
567
27472
50361
58573
90412
31915
73550
59870
4613
38460
78270
91020
45493
67561
19990
72918
60877
83675
12650
20069
71662
2786
47839
57430
68127
25240
17228
12976
22232
61295
92709
72443
21871
77293
53559
39864
68187
96645
75834
8097
19014
59713
83265
88144
13725
66543
75754
23446
88773
21325
87593
8450
30262
68595
63354
97781
79633
92930
90446
65171
14686
60573
37638
43318
45750
5826
69149
68199
14002
80126
4730
64231
7841
4553
1054
11949
19520
59694
43705
1584
49486
93782
24203
907
73702
84258
42180
53276
13938
55777
60230
75256
6199
10662
93410
58441
22075
39947
42393
7898
97393
7554
9443
8647
16594
23361
609
25709
67540
51405
78261
19939
49225
88861
15685
20904
36370
36731
69615
61492
63645
15873
54260
58224
19895
29473
58031
97179
11142
42613
89874
79572
17300
35806
4190
41931
84338
15555
84312
50340
83649
16470
85736
62532
77516
40291
26031
17337
94977
72505
22071
85343
70332
80901
44252
81520
53294
51219
88752
87120
65330
3430
14567
24926
61531
98688
2638
13419
84671
73753
36565
20814
52418
19274
77843
47175
30137
91727
80708
79603
3442
40693
2201
38637
20542
4530
9240
36399
91553
22670
88637
33119
26803
97191
85010
80219
1903
60809
1001
78827
37653
12611
32666
21223
35939
1256
32925
51057
3058
97077
51382
61566
70511
9148
83678
24636
1228
75929
4383
57001
89448
66239
21866
62001
85116
3446
94011
55227
34264
97623
45271
69328
90726
1880
41950
90831
8027
80978
2697
19286
71605
58182
33340
94475
71287
27071
62608
17655
13513
60374
78990
25973
56425
43999
89378
71414
90745
70665
36106
32493
7244
77697
16793
5434
51806
82054
70839
68630
67197
92846
16609
20249
73232
85097
85396
31266
32898
27390
90713
58044
40838
76356
41713
73889
18633
19297
12902
46727
12501
70536
85
37362
44871
70203
12041
93907
41388
27906
42669
89233
56232
93977
50457
20666
43764
58741
52740
71327
58603
58112
38516
63354
79951
78062
91654
30888
35983
42903
86801
32509
69151
24112
56128
96661
92761
79247
75378
3029
73056
91488
89877
4991
84721
1479
1812
46861
25899
21047
30125
59891
66556
41574
88123
54388
32020
36730
57410
66809
78549
81153
57923
98485
41104
10160
20081
32120
37848
53796
27905
64517
83363
49711
98271
67114
68235
33524
78633
78472
76249
44793
4989
14936
12778
26909
65952
27577
35988
1739
64640
56030
21836
8568
24479
91902
33565
91391
63886
74561
81398
69692
9012
72102
93142
65607
76528
16844
43303
21009
86153
98495
58097
78938
90560
33755
76164
42986
85706
14195
44207
92504
96131
36108
89155
71874
42680
74794
25232
6369
33548
76843
69637
4071
97073
6556
35781
32886
21794
47170
50381
49107
84274
14979
15586
66145
97932
42898
18008
90724
15738
90578
5685
49691
30353
88893
73561
72903
82947
21267
22926
1733
91612
36933
87460
9309
28858
54026
81864
84003
97974
43278
21192
38535
63814
95099
8230
81152
20522
23010
73942
99782
56786
34507
90630
42970
71158
19945
73717
8179
32995
62878
49938
526
24243
48647
57495
47340
27518
6277
37286
43906
61033
34004
92750
72459
69385
67149
85877
35254
80663
92408
52380
59937
47325
23144
44947
57104
46303
44490
38150
8912
80308
73684
51008
35095
93340
20666
14292
15167
37604
60889
53634
14244
85723
30035
38748
22782
41757
18170
73584
4009
34068
38463
27516
40586
10497
90000
53201
1099
3699
390
1037
83028
68126
28374
63598
87349
82995
57654
79119
48719
52857
70710
97649
19773
38774
38135
74214
17289
84396
22164
15346
28132
70906
34141
74844
41844
46168
10421
24598
3339
67464
13192
11467
37214
59852
70606
46118
57349
66437
51399
39786
84103
39051
24864
51152
63357
40814
7742
1812
72361
15786
35911
16703
81534
85043
72904
12122
33984
53529
21753
41180
72573
33055
75780
81255
39664
59243
60435
59920
68168
92017
16865
50851
32997
82378
31243
89081
46041
82989
11486
1030
38426
8609
52237
87553
31552
96489
29932
52170
86947
58484
12133
3819
44684
10218
67213
51048
63270
43609
11487
4114
80379
47821
33643
80343
98921
85060
83705
99156
53800
83823
66080
50995
42043
20722
2754
63964
80818
88227
49702
43174
29310
8264
72973
9684
79883
13045
6167
22778
15165
80194
25810
2432
71501
7371
20651
90604
74965
71893
88631
46492
12783
30776
98370
3124
92403
61138
61775
23961
7463
3248
70230
75043
93906
68312
74804
72114
74848
23959
460
85875
78892
60926
83991
73605
58013
63648
79493
34671
71
12149
88998
8924
99595
3210
30391
98533
9894
69848
17280
18745
51270
82205
15314
11916
9964
50767
8525
3188
32567
48536
15756
51005
71433
2756
67599
51856
46785
24764
45110
28755
81644
27103
23890
95314
14250
61305
75447
90696
37921
76270
62220
4999
6678
81714
34605
96686
45611
72075
63640
7245
55122
76304
2104
51534
96393
37992
37491
96839
35610
78534
51748
85129
24738
88525
37101
24166
58315
20000
97665
48659
75320
17828
65267
56296
86315
10756
44327
89718
68151
70913
6244
74709
61123
37865
73632
5339
24998
72355
98920
76257
23813
78608
55086
59387
24521
77091
80261
18153
44613
10438
38370
25611
74409
14981
31925
37294
11037
45808
65219
85636
93665
47772
28687
64696
72289
77038
24005
86873
14893
31761
99167
85960
21080
21408
24845
96712
62742
5879
31774
9224
30495
26174
45105
57712
32542
80633
300
46142
5939
36338
94302
79190
7136
13283
82592
76041
49920
90389
87098
47482
53085
93388
3259
12852
11270
52410
4530
53001
90135
35213
74551
5157
14033
55994
55141
67491
2667
70974
32154
91655
76738
77863
80933
78555
37459
19976
78824
7796
38815
48804
46791
72352
18781
84292
56139
37107
22914
32253
46442
80131
76102
47299
56006
70726
61786
89144
65157
51141
58142
15101
73374
78945
58235
95442
70744
75221
12454
24704
75393
91294
73586
96734
14185
41331
88421
2199
86376
29741
99854
18034
44576
70413
24532
52022
15552
29438
21856
10207
16769
48314
54819
27682
49654
23714
75430
67846
14117
23338
13547
80917
24652
98210
56860
55148
6545
79368
33114
14674
82304
59586
2768
35415
51287
40107
70524
2960
54412
6212
79890
41305
53364
2247
7934
27078
36474
45903
47080
90470
65901
20574
88082
63037
16193
18936
93381
46366
13553
69384
45476
36184
96324
7182
27902
57182
45546
19403
76395
9546
53190
72469
13433
7904
43448
72241
27553
22405
90275
29781
18673
60642
32288
42643
48772
61729
71504
39730
19222
32350
46726
24158
89406
85027
60736
43706
44981
46182
74344
50752
81532
17071
69507
37533
37280
93432
7141
80177
19589
43951
91383
70975
56090
83771
50711
84833
3896
53680
58409
66173
85677
5815
181
44045
62820
29031
83062
28405
47167
99741
27260
81370
48061
39522
48249
1602
91134
94754
5363
55340
54588
91326
20140
75270
40966
75750
68067
5635
34316
75902
39810
91301
87773
8171
65075
75716
16889
25462
74713
8248
10369
78735
33010
19847
16691
10012
22914
16567
35522
49108
93699
9141
48316
3068
11584
94350
85675
24911
3078
87070
60964
77427
94089
71265
59931
35958
93597
39890
74447
72533
84712
65672
20040
97115
44971
75853
58316
292
58578
30954
52835
51500
70112
85207
82203
30668
42984
84704
96586
70724
90040
91978
22384
87643
47284
32941
84645
61744
59916
80732
16415
83024
42119
62988
64395
28026
89100
51200
58096
35731
36033
85383
66332
72123
34234
9463
7314
8881
89062
29263
92974
8892
43303
3722
82492
92734
43287
32397
49831
12030
91207
96572
40376
77845
14539
69811
9380
7123
20811
54176
41567
91783
26608
60855
34691
4657
25645
50260
53408
37820
25626
75764
72682
30652
87758
7522
39720
38396
80496
71661
84739
56703
1369
46066
44523
39461
45006
88487
57584
64422
82
190
88069
34885
87695
1190
82284
82448
69031
77834
67088
93027
78988
12010
86404
15443
23890
9723
90086
7016
30091
70983
26627
49150
69437
84864
90414
80542
16332
95229
59650
37158
92675
88985
37737
25435
87694
37796
42956
86568
25237
57272
69364
2661
4573
91711
77714
89359
59661
29080
15571
35283
98400
50567
34331
29099
73563
38919
65448
2831
10775
1742
66115
73802
18183
29929
351
90002
74272
60968
27748
86093
66766
3518
81779
72818
1618
23965
44576
77725
7150
1055
20880
87252
79658
24367
38758
42108
54654
8638
51871
48775
72347
40125
75792
23495
91156
95562
84477
74644
91360
87711
15086
98692
1331
29477
68516
94882
68788
61512
27480
49597
94342
87723
95681
9720
80862
78863
94144
93816
91170
58243
35348
65634
9097
78972
13746
26641
27725
58284
81662
6056
39487
69932
86364
19438
85968
22187
85920
50180
55851
43876
73319
93141
81158
2273
54433
84623
44443
66071
42633
12292
1418
90661
83473
33117
52362
49452
89595
22359
15731
41874
67156
10504
79850
21424
10110
24410
1358
76242
23752
58674
92943
43963
37964
47294
84923
42207
84476
6823
24539
29122
82197
61653
15651
69370
4637
48826
86459
53247
67076
36516
32591
63561
34449
13976
76719
62814
13290
59733
92163
30022
83265
68201
42319
83958
19349
57455
52696
36178
48193
10154
64975
82772
97819
86608
59676
5503
94853
10480
16786
61284
37950
48111
9166
87235
26082
29382
9513
23987
70574
22108
28916
24742
14659
94516
45857
13996
19334
31692
50021
47182
96129
50280
5053
56921
71540
49819
65741
47840
54300
71216
67961
2810
42946
30879
92071
35153
59035
55083
57875
89966
47941
28708
65603
26084
81238
40233
68112
3302
40751
45680
86169
63160
60458
69604
65154
87670
43058
52244
15695
76263
63640
61672
69687
99358
54147
26105
81795
83780
2444
10704
54960
64250
73817
60054
99240
67420
84676
78968
75683
31306
81706
62438
7089
8619
85046
4800
42352
73342
65724
4401
92094
6791
39388
81611
26326
86269
59021
66245
71937
55132
58437
84332
858
30047
90719
21918
89343
404
70364
97733
2994
64090
76561
84388
94556
1201
54582
61068
14312
49347
83753
8453
18055
98043
18609
48169
24862
92205
33728
12970
8399
18431
7031
20550
72868
97374
61580
77042
17900
63127
15456
41947
2977
67991
1406
28004
30229
54999
87055
25124
31686
97952
51933
22589
71378
49984
66276
2814
11437
42549
97056
97138
66676
57393
89334
84563
57058
56010
11519
97181
39621
77540
43167
51184
33890
41805
5475
50064
96636
90605
17939
69862
5150
8603
81284
10446
66498
84441
49172
22884
31098
58766
65604
75350
66071
18318
75271
45583
78656
16843
70945
74219
43480
89873
85503
54145
54785
748
88699
29572
44508
16212
6177
20832
24609
27194
91987
58072
76109
78887
18064
72617
6838
88635
66083
80855
11935
67816
85112
15571
66534
59891
71407
79793
19659
43720
26382
15276
23100
27138
55661
65749
95742
19599
78375
14886
52588
44772
50741
38877
26330
17198
69474
99768
98778
98328
67381
54845
23790
4648
42209
86968
15636
73127
63038
84616
44804
26384
1172
80889
811
76711
34972
48970
23226
52315
76875
87239
10259
51197
28266
67163
17075
46235
89240
49336
90417
71638
81014
21331
76338
71537
91486
18452
84929
68692
50113
22614
56560
93758
70081
26204
43599
69851
38065
49619
82226
20504
76542
46463
21452
80142
44585
72593
76381
75046
69892
69400
83886
13701
94199
73165
45370
79840
4551
29274
85225
16519
64041
54533
2202
54261
30678
16500
81115
2062
23563
47223
8170
39621
67110
69912
95096
34550
99878
96195
26951
18892
42070
9882
98800
80712
38727
42859
99559
96915
80833
63759
65300
8790
64394
65706
56463
22009
44261
67191
49464
28085
91477
74319
51482
22668
61230
44265
46591
24287
78069
10819
79962
8355
2323
66332
74449
54158
55733
21489
15533
87818
16941
84200
21228
59804
81923
99379
75227
1403
13449
73086
90289
32687
46730
98865
27415
67751
58400
76131
19482
94461
96267
75272
18845
70013
83796
56945
6466
98061
91256
2304
66276
22771
51657
61645
11144
7277
53090
91677
40745
61850
69038
45187
10837
4983
20530
47274
61624
3458
38917
6698
95758
79601
2007
21072
91551
41669
65354
51214
76007
24978
92913
77165
10147
11144
6810
67517
81029
85084
87721
20137
14660
66722
35386
57632
25423
51080
64434
13862
49483
36522
95320
3008
59144
84558
6546
86674
20764
30585
70094
69475
41923
1875
15670
15767
68936
91872
35040
99692
98172
53012
66245
76539
15736
18779
92037
29035
44215
44375
95648
40471
77234
51491
1731
39485
29657
89904
18021
25588
4598
20135
46753
50443
14990
18246
78214
12784
51052
19618
88695
33550
16039
64741
15690
96470
70276
18780
87271
40365
92521
77511
42459
76389
34936
29623
92240
90431
144
76184
86109
79032
73851
9452
95094
78036
6259
15801
61549
97490
40564
79252
77983
24596
55679
62097
24431
12493
35800
5260
69209
10877
2632
77655
33066
27087
77676
70364
15506
85366
26005
87782
12640
74867
33509
9663
59699
6587
69647
37653
90211
54474
57230
89781
99800
13268
99528
17862
20709
72839
5192
79747
54630
94883
6975
75231
76399
96195
76385
68007
359
35895
294
76183
71484
52781
66611
3115
91086
46016
2398
17844
42845
98147
15049
14734
53646
12851
77855
19797
27559
59813
49654
42667
80174
46258
33151
17757
67892
58277
33263
63504
30201
1639
37293
54316
54179
81047
18296
47019
46656
96413
26775
74692
70440
87347
36901
56483
79834
92241
21585
63547
18340
56587
40448
40546
86240
57627
96008
25226
19629
48854
35222
32809
12752
38894
87643
41206
60853
60732
60554
72599
94554
30835
73141
31145
33038
74962
72226
92826
9356
76668
37923
75651
36692
69716
45163
73613
61191
96747
68076
96552
85038
93070
27389
97802
61190
93966
61939
31546
99704
95695
95630
19101
31687
48986
68992
87504
83446
9302
7508
11277
85400
3182
15869
42961
10931
59571
96116
43036
93730
14029
80014
64105
92656
64001
87560
1484
3446
75338
69955
39071
13022
40679
93122
13661
81037
18821
43963
87706
723
57659
90167
51888
89239
56798
11151
81856
77200
84427
86870
1618
97849
18903
37816
85674
15680
31525
26445
67685
61425
67508
84058
8107
39346
68436
98255
44721
10059
2208
61924
92110
15607
8410
42312
36070
23862
28125
74865
35857
52850
5703
24283
19018
88468
68336
41221
94119
2862
7448
97980
49512
92375
76278
26280
33215
73601
82059
12542
20802
58543
66430
71797
74992
22503
94760
86011
89439
76590
1745
61811
87555
56659
90587
14835
55721
43224
65039
19639
71010
27215
4135
41858
2611
4227
12411
99734
39329
82129
9097
62469
41803
15583
54063
77314
86419
33906
49290
96514
93707
82325
51781
17529
1117
45636
10425
92853
1787
61443
70558
89990
8561
62419
41531
93587
54407
24572
69185
70765
10091
95025
46682
7310
67492
39276
20008
71971
2596
13273
28415
21814
93933
68524
25931
88684
75433
86605
40741
56975
93802
19558
97947
77886
11570
19106
53908
79383
74051
60475
22906
61847
64721
78525
86422
98682
35643
44471
50036
61840
25627
38454
90257
88514
33027
48743
96056
40036
36488
52847
18154
67801
83831
12210
76962
90533
97078
68796
95739
48386
85367
40625
97919
42120
90366
66568
57093
15408
82101
27249
53041
30961
36569
78900
31347
55348
29301
9432
44859
62826
23049
13871
42895
21204
42321
55105
78015
52510
1562
95889
1603
66847
48732
1650
76472
85002
40534
48136
98147
66458
91650
80648
57934
9238
99805
87192
31232
4930
80862
21614
61231
87645
23936
32912
25336
71496
97729
76714
99799
35261
88552
4583
13845
86212
25645
86194
82229
34919
2427
46345
14813
81164
11285
78400
71176
42401
55937
33656
21399
55128
23872
73085
71647
79948
34657
13958
42910
15820
76313
4976
87272
63819
48336
62885
77905
87066
66803
71722
83593
13610
4962
96312
2503
34517
6800
80066
76360
45536
61735
82935
15559
64072
55315
44671
11389
15467
32935
33897
51554
11687
43284
66409
58606
97450
59072
50994
32828
48399
495
84110
75598
84214
50063
7788
50165
27559
70581
37129
73147
54590
37598
97374
54084
93377
89417
23200
8503
3665
51496
62437
54131
32905
20167
71905
70326
38553
37706
5052
75445
55806
47238
27960
45040
77625
7337
31344
14009
47527
94505
83829
44886
95805
60750
96963
74089
45910
12324
65228
8033
35871
42490
29162
96902
38057
29978
42692
64046
78157
37461
11612
89852
65528
61684
17340
7352
9637
52333
76459
86039
58072
9191
60976
9160
67667
17551
58325
72155
23204
97816
24416
26228
72478
97019
39573
13315
18075
31057
6982
47646
64645
67297
35851
10065
82892
93976
79357
34121
43409
89611
64451
93576
35865
79188
49960
26680
81513
20002
29235
20506
71652
70536
40842
80341
13045
85383
17374
68509
22110
4025
89276
78580
45350
28812
21394
90774
73339
50911
26267
73691
38193
24204
28746
33592
33365
30840
90363
93289
47058
12892
31801
98073
1822
86476
75993
94108
26455
55510
97020
97509
76601
10848
12010
39383
335
85871
48225
7052
57794
59185
53340
30602
93735
55544
82312
47448
41789
7250
46975
82204
95020
24085
21450
9217
72223
91202
76757
58874
52819
27285
64319
17829
53890
28758
97089
27345
12194
89362
33257
47494
82614
83310
35494
87873
59551
1199
4338
46278
4163
28545
52318
19205
8534
14815
2488
52516
89397
2792
67160
9132
9113
89351
54233
30509
94865
35511
76711
64977
58454
54967
35254
52427
73992
99481
99590
11709
88591
33576
49665
71023
86864
30479
54711
24273
74966
45114
9295
39075
26269
44573
37947
9401
22201
24124
38380
93263
29077
4985
93007
24040
24487
39361
87823
49196
93291
99891
45212
9053
15225
90779
63925
55821
53126
96137
22268
78633
34640
29959
55542
49751
26215
37636
38707
13881
17019
25852
30225
49868
61100
6327
82632
83605
40569
25624
46535
47503
42656
5514
30982
75074
99902
241
23850
35490
80648
82126
56274
26064
1855
59746
58622
99117
49442
43256
97825
86851
653
73941
32176
67438
69666
95343
47952
8897
8146
80319
15251
27501
49601
74765
35977
29125
98977
80467
49849
25973
13785
3217
33233
34893
69578
4160
48012
1353
47704
83515
34162
97313
27799
59683
46849
68715
73338
63543
5408
4558
52289
14952
27343
328
66874
28772
76463
27090
23769
29497
139
68975
93406
71851
73066
97435
40707
97283
97860
65505
47331
46599
61193
24631
46156
17938
99702
89917
27915
67262
55787
35433
75059
45290
73684
98833
75873
32905
68018
40805
27697
20922
77584
18206
83375
65187
3906
55948
86617
49413
28007
76054
65683
39903
57227
5690
53758
2712
54171
48936
29070
86545
99174
56506
73710
64706
93915
48116
98166
74232
21561
7802
29265
57054
37807
26408
69014
42986
41256
80968
14032
43753
3299
78502
39255
79732
69749
35156
88063
67994
45074
73161
78733
19081
11735
41152
21747
21077
44496
18668
71271
55790
57781
12385
27851
20205
46789
8629
2095
30818
36675
10771
61456
73202
34904
85316
83245
20672
17251
93977
94956
58759
60052
30172
29157
48400
29069
10183
45318
96655
4660
47937
98490
22587
9697
58241
85971
90914
50650
19049
32943
61120
33060
57244
31319
34303
11705
5530
84177
26418
57906
1075
3825
50519
23712
12512
95737
27609
83227
79451
91135
36606
63311
5439
26157
88738
12281
38868
63505
76662
99344
92330
70022
98201
61034
33836
25699
2807
98852
94854
36694
23538
26005
18899
38748
3585
44111
47970
98874
97184
62504
58362
7686
71198
27914
96336
97809
27620
31086
42581
22021
72836
42024
7515
27074
65575
31052
5624
89484
89876
86813
92929
28756
88372
42756
67597
10601
44411
66691
22572
44626
64310
39994
66321
14158
40982
84643
98823
70287
64697
36026
98078
71721
56271
72833
63858
81514
18489
91825
73172
72532
38487
58486
8998
10371
69574
29605
19313
28441
60316
85735
53397
60929
8514
97954
57710
32842
75703
93357
86091
80931
32228
35336
24787
53849
88734
21208
72484
15539
78898
86082
92111
52586
93518
50039
6139
5824
30995
55949
44583
11376
65329
70382
9970
78961
82629
37148
63206
58317
15122
31015
5811
25132
5733
92241
40303
3150
33698
55148
21636
48366
57121
3774
49543
74234
93624
811
67411
58475
91814
51886
1846
19753
48774
74715
15601
61846
25365
45825
71220
51586
58002
14166
417
47882
80271
66978
46852
1277
9735
2989
72126
75846
34312
96217
54255
61555
20838
35736
85337
81817
69737
4731
66503
63236
29169
86057
76358
31018
76639
78456
77785
87873
83928
70050
90364
42954
3357
1660
93962
26646
53959
66134
48739
88825
79760
25999
85441
52557
20460
54046
41007
89628
60488
89402
81849
53270
47663
37180
18713
94214
90620
15834
24637
31278
25204
84253
91918
64262
5853
11300
58198
19177
41774
58691
27858
3603
55992
77678
83476
3169
615
23801
10558
22593
37449
88156
27384
94525
88201
37093
95291
66176
82947
99747
36026
38124
41496
17460
63621
95507
34081
21178
46704
9159
95847
21830
47854
1797
61544
78246
97278
69985
53704
15544
93598
66818
5276
2044
93829
37048
56868
97393
76061
68759
16009
92022
36230
42026
22665
89733
62106
38531
14057
87969
69088
79436
77097
1398
26745
15618
40301
25587
32980
9954
39814
25306
12471
67403
6148
69207
32848
39451
23630
26572
38638
36687
45117
77944
93150
3825
85599
5827
79131
71810
16139
58746
55927
65735
46456
14161
89721
3877
75299
78210
96746
31280
64412
66106
28945
90702
79550
68826
35877
53457
56884
22655
14901
87484
49330
32400
34319
99153
8247
22920
30019
34474
46455
61170
93815
81067
69378
46735
20947
91986
79486
28971
64152
45419
29826
7358
72275
79011
48999
2447
24274
16772
69949
25674
14926
93483
43845
68443
16405
14055
79842
90567
95630
52379
48191
62272
84824
3242
72290
47877
21324
32815
47879
43891
73971
27913
58503
69481
57657
41971
60125
55307
50154
5800
98645
13246
64524
20781
46244
331
37222
935
30330
6891
12143
88918
33341
11773
97227
67554
22533
69032
6720
1121
81123
91459
68893
26058
51702
87012
34980
74363
10785
74433
53930
24535
40413
89829
53733
34945
97748
64042
56998
71958
10654
20389
2484
40987
31747
85052
94572
46730
72254
90103
19438
91092
48586
49032
24677
7186
44352
38465
69078
59231
65351
62858
90149
55896
52961
87608
48504
43511
58039
62282
69806
58490
12034
34761
90466
60733
88974
27905
94311
66650
92439
88250
2109
20682
54995
62838
75948
91381
65152
46546
90592
59282
94964
97766
6607
47796
30239
46587
88026
44138
36548
51061
88690
9971
20297
60947
79057
13824
58565
63943
18211
16447
44154
2428
66791
77100
60749
69467
901
90123
11659
57122
78358
11493
71689
10523
63526
14267
28153
42670
30493
42386
39879
50172
30102
41378
99560
92137
384
94047
83780
62123
32816
1209
28335
74145
15127
92535
30974
29507
87046
60772
45686
97903
32478
79425
72702
77197
38282
9773
97421
64789
85670
15894
33449
75824
76567
93982
72326
25413
77540
68612
69082
6854
6342
49535
24306
77149
83157
97544
95396
70990
83293
98646
55624
69721
96700
41976
17693
50676
68675
22363
53854
90611
96626
18991
76452
16921
67759
52510
97577
21145
20209
5561
51967
18433
91690
38831
91560
82943
55118
95553
94039
40737
14377
26430
81496
87024
60270
63728
79123
34591
76288
21649
56738
55177
14757
78471
10228
87351
73082
7384
9389
30647
99966
74250
50781
77731
46679
37190
78031
57868
50415
34750
95558
73122
28323
13116
76234
70195
37494
89428
56651
4031
73386
62986
44857
98560
48823
96789
3676
13218
28603
4209
9860
47733
86163
63392
40771
40126
75649
3764
40345
23079
85696
21255
84175
41537
26090
83615
26853
1640
2236
40032
49856
83654
50733
5358
57260
36979
29393
52220
28908
49889
33513
64812
29265
46206
24890
47824
86958
64931
72345
36107
94545
33730
49083
33571
18334
52131
78811
3319
72469
65207
69936
2035
10981
88570
54353
26205
97000
80805
6132
3791
10733
23428
74856
90455
89565
20884
91990
37969
16647
78266
96657
61922
29295
66129
45487
16125
34571
17161
87023
5128
58168
26073
79751
63700
79953
31478
53830
40694
91852
98684
50824
6153
58798
68553
25373
71116
58874
58627
44005
97450
60141
40841
86672
94202
68550
8013
72740
44852
43083
38227
91634
79838
93781
1003
45623
84659
43676
11155
10502
58087
67053
51295
46116
17962
27441
90503
3123
60741
40755
74370
57251
75943
73156
89572
44986
17326
39401
85549
95150
71939
58737
8978
97611
53625
7050
70986
12371
57795
22930
40713
27439
47718
48125
85917
30397
8845
94725
68709
66761
78046
4889
11999
4096
68712
80975
15690
6681
4209
56016
28296
45258
58127
16004
38562
99350
58075
53684
92491
10911
56455
78132
45328
37810
42
46930
9533
27818
87238
59175
36140
22601
70692
18787
17103
67050
46737
4881
28898
72649
91359
64304
8162
1778
94633
95455
69312
31713
9562
86567
72321
55161
2233
57797
10305
99914
59560
74188
4054
21781
71442
87872
19443
45033
19875
5695
74566
39339
98900
71512
52612
53193
24785
19842
19551
92150
69969
43550
43177
4586
77618
77819
18256
671
86854
80979
20367
12894
8482
17189
7489
72549
827
7117
1206
3487
44861
63128
81902
88938
20889
29972
32813
38049
33954
19127
30375
82391
38245
18154
29944
16009
31011
99467
44162
93623
69616
18772
58179
38896
85327
61671
30857
81711
64022
80063
52366
17668
18635
16064
47289
6841
61648
54238
83697
47646
45006
80206
66716
67726
50603
37976
74648
90327
87244
91480
41537
1360
62954
7583
33871
26088
4949
43006
3610
59217
99114
51101
74027
53891
66761
12707
63755
22181
70865
23103
54361
76772
15769
96515
48617
89410
52055
90453
88292
47351
87023
40530
94466
72542
38525
51006
54713
11052
82193
21200
1892
18642
50628
24480
48532
93904
6178
12825
965
37896
74220
52467
19462
64141
37118
64765
85590
66438
58965
44461
74033
14495
54713
56259
72194
58583
56635
1484
15365
15754
57993
52703
39988
49664
21211
35719
26144
91289
47983
54713
83231
39230
89487
50396
73130
34556
21068
30325
35424
73760
65415
88275
52086
37731
47167
87396
63929
94368
52286
89949
37269
4694
97460
85210
79903
21516
12478
69798
42930
1399
38620
94301
18455
4252
61230
34803
25008
4317
83128
37637
37514
26310
66060
41604
50339
69718
617
2256
2496
33814
71790
31775
39003
58033
17443
78537
41769
4277
70493
51613
22077
51270
87394
34024
35140
71114
69819
47833
76501
12364
62387
59611
11240
14648
52434
10959
38633
55855
34871
10184
20899
10221
67301
9115
29609
6845
55298
60421
86808
82692
93033
20731
33823
31514
15560
86244
38915
32036
6464
79225
99898
52784
25754
90132
71427
12178
20535
24355
5599
6484
39903
85914
69405
60308
30714
11855
83969
78279
4414
28295
15816
9397
61024
93808
19330
41656
25788
79725
99087
66189
72043
6597
49391
55645
10285
68115
84467
77169
37688
17431
86310
30943
54822
80323
42789
7119
51325
73515
800
3704
2275
60635
27621
78169
63409
90501
91759
31946
70801
29770
86389
40809
25267
39409
34440
33306
36522
13760
50022
62598
27388
6799
40591
86983
41985
84872
54575
80700
51019
12211
90331
52273
78925
95383
63914
11408
78976
71222
92236
19784
76355
52520
6367
7917
31041
45500
5675
15412
45883
9483
70596
37565
23492
38201
76316
95475
20044
40637
36184
78536
35926
11058
80926
58589
39439
34116
61883
29883
75495
23032
54330
65300
21523
30238
86242
74867
432
32673
55941
96484
79197
39162
34817
41536
41615
52765
28780
40724
19067
68438
91364
38338
35037
13700
83858
65297
71594
47777
68478
96924
83617
75791
39917
22850
55152
5295
16042
93253
51958
1448
95043
87370
84695
39699
99339
96763
76241
39390
16974
86673
5336
21158
10816
7056
31667
15991
30262
7823
46380
20945
3273
52654
64195
59017
12866
3405
99245
11966
86383
36320
36723
35527
88766
17618
73395
3993
53642
95337
14361
87095
89055
32203
30803
81804
91588
62458
64975
32860
91182
39160
75032
8218
46873
31012
98175
42388
23175
25678
26833
95934
97517
64274
53006
80654
49949
69808
32392
93198
33660
27673
62349
34924
93461
59285
31890
71069
21850
82390
67428
50408
38429
66385
20783
47222
61287
28504
88653
57753
19443
31006
80818
27964
68504
18426
89577
24780
79196
50149
31855
21779
30065
71777
99199
63508
76811
40107
14756
87587
99121
27105
20538
40785
58249
76425
57504
31132
43491
5784
19366
21445
81154
74638
73754
2654
46855
34384
66420
75035
69707
7109
91872
71701
50534
45648
20342
66652
67185
57274
70411
21180
13747
1066
58631
92338
10468
40033
69714
92079
60922
58445
81289
73412
30783
10409
40624
55426
98022
96545
16653
42426
73687
39721
17880
92012
35232
48837
90250
12600
56082
90851
63947
86216
35373
98186
7697
80088
16007
81416
92185
6822
64670
74340
14112
11262
25820
18460
40917
40124
5023
64915
68630
70639
40621
27984
47492
74025
83185
66619
57105
61631
49782
57113
35996
70071
94498
95073
38039
32597
2712
60535
39419
16606
4359
9831
77756
99346
25609
6618
66191
16772
7919
50125
7576
91167
22221
93307
45594
7388
50693
33671
96903
49387
24310
30554
57039
7557
38343
44040
16763
30747
80420
8320
37412
44488
25495
52023
66279
30790
50228
48145
48416
76567
428
40333
53712
99657
49536
44829
47850
1190
49478
30650
81904
69041
63632
90032
92296
73805
52791
70199
61003
81568
89854
35444
36352
99598
12713
63088
65671
70197
27027
14804
57160
2547
85255
20335
48959
83976
76842
57382
58020
93513
96190
15573
81268
49769
26416
68371
80855
35463
59727
92474
77998
80029
87142
66847
86712
64983
3981
54113
86944
86447
79157
77652
74162
34673
73490
79356
83785
43296
41073
8319
96963
95408
12178
67489
85378
74281
54175
86582
73182
44341
82233
30208
10470
34553
36806
77131
15405
18407
33623
83975
79995
22728
70438
71572
14355
18538
41410
46595
76279
47059
84585
37558
94389
51407
95510
82589
67850
19652
81469
12431
10807
17398
80930
42602
4214
48949
67181
39609
97867
96358
63951
65377
9673
57097
28323
74234
24970
40605
53133
66840
32871
7580
10303
26122
59755
44674
35818
59063
39043
54216
9281
95752
36938
21191
73168
62597
41797
27836
67358
65406
51356
1800
48727
79920
83108
19207
27885
37292
23083
21275
57619
27244
66518
14629
79560
3227
7095
54808
82846
59539
13130
8118
566
43650
87077
68198
28438
88482
83929
65726
32437
97134
73246
87727
15483
31070
58852
30382
43013
40548
16789
98526
35979
17767
96597
82036
29233
22309
41630
69941
55501
86989
44989
7819
52275
43237
1234
5077
92843
14909
90768
39402
53363
57356
88838
60484
53998
78791
99145
48490
44374
76712
11794
42298
42750
14604
72138
82798
47053
5041
38965
6129
46851
13988
10224
45447
52144
65427
35451
72245
29835
53775
37539
28104
49779
77386
45162
78622
28928
36112
28038
50441
23163
93140
25566
78789
75194
2691
65069
37671
71099
18435
58023
87802
75944
84639
92551
39375
47132
43390
8339
88570
43340
26899
18654
90598
39172
83690
92519
65363
69441
93515
53870
10940
77002
88523
82965
53711
88421
31435
70252
49453
357
97779
1146
11400
95751
49737
52160
65139
84835
5787
31490
85537
27773
39467
7101
96264
74485
34967
39616
91504
10171
99705
68229
77583
64565
47083
10799
87420
1674
38839
50953
15696
73137
58885
88213
45560
25753
7254
94847
89435
31530
27379
80528
63654
62024
68332
83167
37535
81422
86701
79226
53453
91818
78748
39281
651
29550
23563
46834
48667
38938
64739
63465
45995
54833
15794
12399
68887
51254
61540
70510
67230
40120
50181
59974
82791
19177
4575
15558
96232
63916
73264
5998
14972
59613
97500
23878
94389
19603
87561
16010
2190
60420
46179
50496
66790
63914
34533
8821
46230
55932
14279
86280
19881
16190
11995
13333
41636
18773
56490
81474
24975
8004
50602
84751
65673
58740
48492
86381
57333
91915
18010
49283
63693
45530
68320
6810
93940
99684
93183
18877
84644
95753
69328
40300
49636
86983
86116
98782
47618
84166
82241
75616
63113
6086
91035
94185
9818
61428
84823
8050
15421
48151
51487
54314
37922
64996
22587
74351
47869
5185
19392
41952
25589
37612
96830
29221
38676
10302
35114
78690
72624
49710
38763
73166
9674
42394
86169
57606
54494
74135
96992
32512
14861
85133
3455
36492
44265
15013
2377
84640
64396
11764
50912
42432
64774
40289
50026
25501
9256
61813
55509
99516
26313
6133
35426
65711
9388
78321
44640
95528
78827
64980
19856
73734
8192
86879
27090
40455
34157
60338
84955
23663
7924
50474
14293
60859
98797
96330
8391
69385
92367
60668
48350
92681
18625
97476
6199
8728
49707
37743
27103
65944
70373
6849
5813
99416
91908
77178
34239
77894
13198
9570
91343
48918
76858
31846
91591
75838
91839
74566
66914
13058
69930
75255
3161
18158
16629
27175
55108
10716
80680
18362
90747
96413
33234
19011
53289
1075
44661
14876
68951
21618
62090
30497
56186
82796
69324
99432
15822
86779
5884
30360
16888
75140
70828
14045
96013
95118
3687
87654
82786
64732
22070
23523
97214
94836
18823
94930
15683
57846
78556
90515
31177
76962
5615
45295
50967
39433
19068
20364
48834
17197
11352
68328
4831
50319
1473
15606
25584
19188
22997
58171
97387
57007
32090
4218
99548
38567
33283
61350
63973
74394
83748
57976
8223
15368
99183
39925
69525
25532
63078
56580
76049
83323
38819
65589
53379
53741
18691
46894
93362
3216
69345
96494
34849
20384
93128
74170
44872
1397
45747
12399
6150
57718
56390
74440
33448
53376
60104
89463
51136
61548
46081
52
56110
66416
82122
14063
18187
66500
50838
45807
19876
86388
67988
60757
5048
87253
23126
87839
22240
25013
95052
68127
79785
50678
50430
18331
26932
64378
32141
3
93636
29228
95757
31813
57134
69293
40384
68432
38261
79064
55982
78372
50558
99940
92523
19761
89729
95633
69391
46194
30250
72265
67222
26123
66495
77953
20266
5432
15985
63791
87131
53809
34359
50835
52170
90648
90631
36174
3623
35755
46869
54693
49577
43175
69030
16680
17569
79845
58154
30669
28601
31299
94987
85946
69753
21371
62005
69633
65317
79180
49026
34951
52447
74470
91933
2173
44012
99722
47769
1875
29129
53555
92010
33636
99324
75556
22687
24046
57092
49815
60384
40420
47278
85315
35189
55832
58822
48412
81082
30798
28642
20997
70856
24442
86728
11918
2246
75107
51242
66857
72667
17846
32075
56279
1540
75045
39288
61350
86621
94196
98684
37958
12541
15502
18795
8606
87673
67131
39281
36101
43351
95600
18640
16971
73232
8131
82699
67567
46907
87406
73309
47580
72803
90234
77148
42538
8344
90998
83775
60143
16543
97471
61790
86886
32114
90684
8456
55354
5646
78122
24244
35115
35825
15141
23506
77067
99206
15104
83046
93408
92346
71720
14443
99215
20886
51103
65154
22306
38354
76257
261
96674
83355
79137
19557
45880
33809
31754
84856
82548
99674
27345
61921
68784
63161
38194
11754
57662
66728
80
43332
93240
7952
90366
67796
44822
83027
62575
65999
81010
25529
86150
16999
29388
77861
27569
51759
56688
95583
77626
43257
67451
30248
498
93733
65001
9799
45659
36053
82692
39349
7492
55577
38273
32925
7021
88722
92988
11340
74735
62853
71234
65754
3845
57019
13524
10345
32532
90922
35591
86434
55065
62078
89102
56822
75880
62991
7454
96633
2794
35022
37367
26521
83307
41660
18036
30572
78725
96463
70840
38847
58771
45347
20848
14773
72023
1697
26402
43478
80209
54656
77267
54737
461
96257
84283
45414
66475
81451
57045
44029
81268
96355
8546
39712
25485
44712
82447
62184
38983
82951
31619
36069
20081
96744
27663
9718
41229
74328
84798
74183
36589
63975
16423
48138
57755
82630
26059
87049
57377
72621
64097
97274
39417
26811
57579
62415
36801
81135
89287
27311
19249
64217
4495
97258
23036
41197
34655
3717
68594
74565
4184
92146
96652
82862
7439
17292
79932
60408
81957
42855
18652
95397
4807
66361
18853
34344
96651
93270
39165
65247
72917
60094
85041
57487
54933
72372
59479
19164
25101
16557
47974
22342
18455
82811
68436
71950
622
56555
19371
40286
82483
76393
99178
46432
8658
23851
59409
38134
78404
88692
44545
41384
64552
3347
1648
44090
7105
39164
27928
35067
57813
60767
35306
65399
94880
96310
76942
21996
97924
46903
33722
40096
73898
98878
82763
96524
60916
38608
48828
31082
12963
21345
40760
36409
72012
6589
57789
15107
81163
24346
64844
61457
28626
84304
82473
21716
41086
33778
51551
12347
46908
37413
40209
31501
54970
4449
67486
65673
20583
5124
83174
68496
90335
96846
22104
36467
20007
98897
93387
88290
38520
61834
40832
73578
82058
72264
11470
89593
16405
61047
55437
27137
87057
36480
84173
75549
81135
9258
81438
67563
39103
92116
94524
76039
41172
96347
71122
31779
62200
46005
1709
42188
40391
63260
73827
85073
96580
66631
49443
82705
92978
77892
49267
59536
49686
56036
81439
53854
12673
46554
55331
10748
17458
25824
49187
46404
67310
64793
32405
