52955
32244
11762
32941
88264
75396
77788
49566
68809
6407
57030
70696
19839
80840
12433
47748
91522
799
65091
29415
66404
56681
8862
5943
63863
77074
21332
71591
78312
98833
51739
9809
18633
35145
61188
19371
9306
11203
36348
7474
50071
30671
8690
17795
79345
24551
33971
37263
78415
41645
34409
69423
93963
2414
9062
96273
23381
5819
69078
11190
54063
6196
71254
69976
54667
47221
52063
84694
19652
93062
38441
80318
64451
57616
79343
35732
47990
91067
26597
39311
43102
84068
93175
36667
64423
82316
15845
16218
26083
64914
95989
3487
42125
25157
53411
43874
59417
38714
63128
32123
72488
49277
17611
85353
3203
54090
4972
36347
23071
73329
48282
32314
79221
29766
68087
69994
13021
34586
5552
72351
31375
35844
58611
54738
97072
34954
38193
39293
4205
35469
76315
9275
27939
94473
66823
93824
66457
7821
33463
10333
77344
79498
93147
52753
16631
63674
24266
12358
57069
83416
30853
24830
33162
90777
748
36643
90666
62873
88280
68249
15896
65678
32141
87601
97014
39007
4375
84747
62943
74262
3536
5199
1122
95218
95006
51877
42697
5857
38106
33398
10687
25835
82223
20788
4615
51484
76113
37161
93725
30179
3158
3584
19540
65214
94436
11665
47356
5545
55739
77624
59298
39518
49414
82806
79879
25654
23708
37943
95770
48870
93946
84808
24766
54882
57561
90061
83454
11352
82986
45529
62893
67213
91021
32764
71104
99952
85658
35907
781
83341
4520
37151
50118
60482
74099
71168
76420
99416
40908
78961
27776
38169
41391
44855
36232
18350
78818
64658
7652
4375
28211
36003
22558
10209
14730
92084
48496
16650
11702
79927
39995
87800
37161
12429
44349
56795
34689
64284
80782
86392
13640
84037
70444
4025
17753
24724
25822
46166
96532
52753
21133
21000
28255
96406
55129
68516
14592
39909
45751
82014
22672
59770
87713
60981
38965
39976
1007
28962
505
79436
83661
14534
83875
21260
90735
44173
65559
18533
92455
90006
66262
2329
20118
58949
58793
18995
59545
40755
57299
75832
42202
94780
18532
98768
63720
53870
96323
9462
65060
77777
23716
96859
45661
17095
69092
6599
37124
6994
5670
10956
2957
96059
47453
55745
15752
20342
39651
28764
2187
19969
80430
60251
71663
24672
37233
88881
96001
85107
57539
36864
47849
56097
53473
14678
66289
69403
56668
3023
89857
52193
81870
52550
35084
46343
72875
46143
47326
62787
83016
43378
14218
67559
7274
45090
97346
63464
25196
20988
79861
80211
10598
52017
49455
68806
63106
46860
42585
32775
89455
46348
63673
36628
38907
49994
38098
27880
25167
25320
51796
91090
41554
33213
2091
14161
22646
80290
48822
8382
17331
2824
44206
35679
23161
9646
41594
29853
3095
66278
83236
26015
3558
14551
73332
36667
79704
77589
28651
57280
6991
69466
38297
99876
69191
88771
38656
77385
49925
35293
46159
82815
98037
34203
15443
86631
2142
27994
13467
29261
8399
8245
24785
58888
42083
25781
87531
27003
59881
65424
34456
45056
51639
91542
1391
47865
64526
44330
66487
34390
70989
64209
79927
67801
20118
421
27978
69354
99107
86701
34525
51710
64122
99390
48880
98746
44680
79409
57793
43410
1239
11652
17504
84501
836
1103
31176
6495
32812
67577
22104
57811
61506
79076
58271
44190
28317
56984
38770
41661
97803
18177
27896
73179
30899
82746
80933
52248
42661
2645
3185
85117
86537
23076
33150
59337
46704
95425
66964
19014
69245
21482
36542
31529
64596
76713
90203
85045
41119
4690
70428
87696
40638
16131
45607
83062
83756
44324
53602
18090
20170
78927
63834
30166
64392
36986
71274
38429
45925
98933
97485
32892
90019
19755
72416
76320
81634
96366
8582
54185
92542
95887
11129
37970
32216
15488
44478
70405
77469
50088
75581
2380
41823
48874
98844
90317
57648
6375
67136
27610
5438
51774
39120
42185
7205
37536
97677
20883
43715
69286
1428
87389
35741
99416
25547
24282
67798
25863
97950
48904
92507
869
60960
95837
23352
95104
91069
41145
20910
82099
18672
75258
29229
80972
48747
40768
56767
68943
30765
94680
17811
23595
26690
8182
48660
88191
66638
42406
23326
74562
22518
31784
8425
18232
35102
4569
90814
43282
18833
12100
46467
56531
99973
61615
50614
26169
58159
54769
50669
84778
67515
98855
95098
3269
31093
68912
74178
52777
47176
35160
28466
48662
17818
46348
59581
86887
66832
10997
45869
44177
49954
13484
50110
18664
48213
61279
23621
65074
57568
22490
30032
11869
91736
38548
7046
23662
36686
5156
87138
66190
30390
38036
96106
83672
83634
97804
38713
53624
2034
63727
59337
47161
8899
6492
34823
54030
48744
76434
55055
69813
45290
9103
95208
24685
5128
16596
56926
79269
39301
35918
50201
61675
23858
79678
13786
11918
17378
66437
35030
50409
22566
69997
63040
93841
63153
82870
2969
85244
3725
53016
74917
60252
50101
17324
20900
21287
42827
71420
78544
67037
40878
59443
14323
66116
13526
97661
23302
29221
92705
22905
36652
82307
41404
4645
47247
75293
46063
1367
61531
22257
13627
71681
75544
86285
61000
89948
11574
6533
58778
92499
69090
45958
87893
67992
9531
63122
55674
96924
80315
65492
59568
73748
92538
80819
16364
92610
18848
45455
70077
45606
75223
41460
9888
56287
53410
69196
83899
28037
5115
23577
86087
16768
70442
206
53815
90693
94413
73411
95114
84125
19619
49138
21052
96039
62689
39879
79142
94724
69921
68389
71100
66118
36456
13171
17275
27630
36069
31605
14582
40334
79223
27636
91808
56737
79405
42799
3306
92332
27004
25670
98197
45436
50341
85951
25987
26085
20407
13848
93598
13530
90053
89174
58116
36726
52476
19968
80311
57270
82930
26184
54623
62807
58828
54779
4901
91982
57330
64314
16634
19889
36573
86810
67719
44250
70192
25664
15776
50504
87183
91190
7222
22221
38007
1051
50281
90049
69519
55082
4261
59436
62487
46035
9401
819
71046
35389
86608
95561
81050
34004
68754
56092
97214
73708
76957
3243
21454
13866
66533
26812
4192
29806
70086
91740
18962
32402
24800
57776
4498
14852
22463
2247
60053
57198
57402
90537
77409
66899
73203
34803
39056
20215
69454
53179
22435
51130
25006
64298
24093
47038
68594
55653
88549
77449
55244
32680
75948
17660
81857
38644
10588
28831
91063
66197
11541
66507
96039
40015
16306
86420
25833
54554
40662
31730
87755
83977
60352
16907
69305
67831
7395
60501
33683
57460
46258
66810
13698
82603
1954
24721
14588
59748
85042
34559
24214
10225
29151
3257
41637
55928
55091
84991
47992
37673
21204
14039
14990
56818
89693
71267
72328
59041
48355
14026
31248
50087
95147
33602
19939
44730
52809
13435
38061
91584
71831
66085
69512
6102
7515
77530
54825
57095
75269
13377
12740
22404
12508
96009
36255
32218
51820
56879
92909
30687
52393
55546
11392
71015
3311
74127
15077
95548
83317
96907
3119
41655
46929
56408
65841
55119
44527
8888
49303
12162
16441
15233
83772
34978
1285
8843
37578
99138
97347
87721
92910
95929
20525
7374
39190
16284
54692
98496
2791
33387
62453
59276
73777
78361
10257
71084
75475
56100
30168
81136
87691
42932
7575
80747
14245
37160
71774
76414
69730
94467
36548
15938
98201
95596
3997
7189
21130
39554
17217
49556
426
46030
6096
15915
49708
57164
41455
5410
24720
30201
33368
81477
68969
16210
30
49978
88353
39778
93129
2030
44510
78278
28766
8323
96838
46514
61075
78181
74364
3068
49954
35920
38883
80611
80709
41661
36835
91660
31038
57080
95704
66364
51693
39528
61099
55070
46969
81991
95565
54018
18835
81351
46425
15186
5046
22148
17263
97773
19076
3193
96089
63273
31045
21652
80246
97447
42594
88358
35500
58369
13143
96693
8740
36049
6325
78145
26584
89238
47223
41767
99545
79083
82615
20346
84232
68603
89495
23696
75565
58561
24397
39061
72583
27844
60990
32431
35319
30041
59282
63652
12476
58610
46491
37196
40875
22142
72611
10376
8861
26901
95564
28025
50549
77308
3648
17006
80658
10699
37419
11643
7951
18898
12792
76939
33971
74081
24110
80896
75058
73894
42825
96542
29955
83571
29291
40934
32592
45418
79470
62090
95992
79119
14835
48664
62996
96372
88512
95274
24196
43984
51772
24620
92622
47638
55700
93578
45818
69552
3225
66794
98032
91714
35317
34966
84075
99021
98069
66977
48017
62713
84413
35239
31228
75328
15651
28831
4062
64128
13942
37599
85569
28835
56700
31074
22121
18205
3920
82317
27870
35713
95116
63040
42193
12676
64058
4277
43802
79868
64588
63974
98303
21534
47257
61482
59570
16533
93391
17293
31987
26869
89515
81689
55609
65626
81224
69196
35014
4242
12845
65869
95101
15751
39106
12303
67596
21373
93046
18551
11270
11374
85029
24194
99539
49967
39295
64034
81578
95217
71504
5588
24813
86626
50330
1001
46198
13427
7430
76566
31451
94861
69262
39559
67023
98718
68873
82551
82427
34953
93886
38197
23486
74839
6023
20612
41840
65321
82149
5641
26330
17189
87618
39797
32738
7256
41056
8474
65421
38105
66105
54169
13942
16479
87099
16408
42111
45469
57170
821
81093
56744
81607
46624
1330
33307
82102
49973
80603
29717
59161
80876
31277
1789
50236
14262
7243
29464
6820
59767
57662
60399
17129
44322
68847
39716
24254
7007
87739
89614
78500
96370
8150
81328
24547
69585
35582
40993
38466
99431
25154
91082
27870
35704
78943
85228
22892
12153
66242
72837
9164
12647
38648
97403
43158
20694
39615
37285
77777
61614
9052
75094
62233
90988
51216
62790
72726
49948
77241
80650
78679
66250
90997
7389
34612
66580
32528
81425
65378
83618
16824
12101
40764
14902
80450
65853
57722
10746
38169
3853
29970
98297
63216
76852
90379
50059
28848
36881
84487
16153
12502
72943
34912
85591
94158
42914
21649
31259
62790
76578
88166
58189
71906
94158
44789
96951
34330
47331
10538
85362
5068
61979
11779
73388
50680
80382
3034
14144
17009
84553
37731
95646
96937
49224
71116
43881
77189
55172
20743
37535
44204
26462
47956
61591
15687
71780
26390
69057
32063
93428
15729
81516
26342
99124
11085
50522
61164
61524
34911
13775
39879
7504
14249
78237
38846
92519
61251
22681
23041
908
19761
79157
26587
73003
41158
78605
14023
50187
57700
78899
53991
33976
82081
23581
68823
56214
69303
97812
38139
20594
82716
15665
20261
6968
97655
36700
12212
69719
22744
23167
10528
3709
46016
31155
73666
36572
54929
53339
57966
32479
36498
10976
3823
56011
59784
5903
25422
90668
9413
82632
23215
63438
84541
2446
18191
4096
58896
19619
75347
4458
66393
44304
27443
34533
68370
50282
87960
50926
49914
32251
1285
15964
39846
5660
84096
71740
11842
64249
47183
91752
11277
21543
60305
40112
99952
47089
19167
43569
12963
69570
77675
35309
77992
53508
66086
92193
83533
69290
87640
9501
17942
74496
40753
77161
81346
7251
23592
78881
18350
46451
92254
94646
72436
83594
93180
44849
83998
87331
34580
21281
31115
44390
37962
80344
54575
65975
37971
86337
39574
91902
88206
42552
76609
37681
73809
36780
80790
83144
58765
92701
23497
40286
25218
66512
77316
83029
62873
94397
60327
21236
8194
96202
34709
66359
78386
73552
36534
60409
22585
15370
69279
37255
39306
26448
58244
49702
18036
34754
9785
56400
64059
854
28565
41879
97783
90829
19172
71449
3028
71546
3102
43573
26009
18337
83707
92004
7842
10249
59295
257
246
20380
60559
43394
23421
86241
979
98769
8268
27614
64992
28119
84612
3927
57177
7340
67636
92830
68575
87557
54379
65084
57380
51039
12268
25706
11245
20968
42741
66239
41859
7786
75458
9527
56154
43678
40294
85171
18458
11542
89849
20402
63181
75414
6553
74983
58960
22082
61160
76366
24368
15012
41674
71737
45877
35162
62999
9520
31126
97715
74995
80010
56028
42029
85754
57205
52660
75085
47773
13498
67045
82465
74372
57033
97707
33977
1903
81966
44485
37285
66745
89163
59808
66374
41870
26847
66112
3720
63650
20992
80678
30774
54045
20742
36546
9838
64373
21151
89660
49347
22322
83875
74309
47661
9320
41903
40639
84640
74030
11900
33258
81033
65034
93840
30969
85832
20202
89653
158
58906
91093
48939
11434
26781
32820
36270
28419
53629
20486
87868
69603
80751
92306
95138
14962
82869
14853
12146
57053
99967
86207
81471
29690
51749
87733
99645
65740
60204
89773
50713
89636
74720
20992
30753
58253
73383
72440
47528
14841
73050
13483
87010
64154
86161
42296
52506
88727
69895
78878
48100
70978
8056
32599
191
72699
9621
19248
59684
39047
33175
70530
68215
63856
69773
98232
94883
59759
61553
36884
41578
10428
67325
97304
84003
86483
99196
17317
43528
9453
35226
10918
95845
81325
41672
79734
81579
42120
20801
58053
48632
54134
12755
8480
81666
2519
45268
23154
94380
87929
47413
92747
27173
33010
37299
37671
3653
10751
48595
13707
73502
92303
75719
50231
3820
22257
74684
86889
22183
90038
16652
52762
38957
3499
88252
87443
97672
58844
15638
81484
41215
76042
22937
55599
62039
42478
83744
62834
44025
4000
76081
70828
93524
7093
84551
56328
78414
62524
4659
59409
27834
58378
971
4342
71276
94650
53790
23673
44757
49855
39999
44808
95112
67111
72492
97460
69366
20120
88191
61342
38512
11850
42864
18182
13956
45824
59238
31864
18948
31924
9028
35148
54185
56229
53649
82837
75071
18594
84322
67389
88688
60070
18076
94169
64001
31273
75715
26412
34601
87090
86961
58294
74332
43317
20896
15984
15513
82788
90385
25452
35412
21925
4725
12833
40826
4851
90623
38883
13462
89654
22389
50772
35797
20802
72653
78442
93773
48694
54180
82682
70108
32825
97263
31857
44962
50734
60815
10867
35332
37664
67323
92282
28209
58870
31976
66763
55345
5242
53342
59150
40650
36832
12950
44946
64701
36189
22497
53530
70664
42454
22211
66819
28607
7702
55343
2587
24662
72867
67871
90092
44035
79755
3550
75798
22331
30106
22563
76927
88825
5890
23097
88530
95351
95030
42032
33276
19874
52317
67156
8772
28237
7285
40203
92878
15453
504
63674
20506
3526
29389
42100
82477
37371
63250
15115
60894
33281
37152
22615
34595
13626
45569
64704
64773
19357
33680
71467
33577
65670
22067
82712
72345
5711
59098
61855
36749
39552
10671
60345
21826
66432
2056
73401
59435
63789
40619
51158
32101
79915
81138
99995
82722
29702
32560
95146
82667
42581
75429
73521
81772
29036
30097
54836
81458
46677
69755
76766
78273
1394
78365
21342
22609
76807
788
68163
11569
72168
5268
984
78737
82521
39366
53662
84532
22072
99989
42643
73150
63952
79187
94168
64122
37150
78572
92789
36334
47220
91942
12758
94033
63852
72885
30706
1550
59795
77385
5915
28913
64397
83576
10499
37312
74445
94783
99250
89670
76434
70303
59386
46687
27112
3616
14320
22207
84196
57219
85459
98234
7998
31828
64349
80225
92509
6950
14885
9636
8659
52112
24736
44686
94074
13729
8752
80375
68687
56856
89677
42366
79322
3119
59900
76916
32555
66071
66921
60235
58564
8499
17353
2576
91925
7681
20914
32569
19227
30274
44802
67495
79898
89614
81011
24322
45567
14699
52613
13383
94864
33945
53519
27340
67542
43093
18911
4879
71928
87432
47669
26438
40029
54649
51071
160
34758
22159
52760
86392
92814
76183
61147
38413
12053
22182
62468
89708
22107
35577
31349
17855
13457
53538
65371
24619
54979
90012
35034
48832
88770
16035
60641
31794
82604
18363
27465
25248
38542
80850
89564
23407
61939
66221
20568
18680
72797
15106
15287
45359
80624
29202
82771
36350
56083
29813
12981
86491
89277
26451
45181
44746
87125
3927
97622
76779
15541
29353
55809
93689
94716
37219
51165
41257
46013
7941
55916
47236
32969
46690
51821
39873
74725
89674
68207
59567
33263
24290
75711
52790
5381
40974
35970
12091
35669
44817
36282
58011
68598
43789
3139
43444
59297
21597
50643
43405
78036
41514
90337
48142
73897
65745
53521
42587
74629
5308
70020
97450
35720
38054
43515
91251
53641
3018
88308
53741
1249
39074
5588
1195
71658
97905
78637
89180
43551
8377
80575
53127
39030
24802
81531
91749
33952
27569
78893
39636
87453
93383
37461
30360
74796
38831
22291
30544
273
11887
89803
56278
33289
96902
42156
38961
35926
89142
76483
75991
87108
64341
99035
66252
24732
16893
58419
10917
56523
51766
57299
26072
24124
48671
66288
7865
1613
75227
26398
32827
75614
48092
88907
31663
18574
24297
19838
42128
82646
42569
55822
44809
51086
2902
52528
23111
94347
71208
5628
57903
80411
11373
74021
48506
54588
63730
32154
84617
30613
34290
37347
60698
62744
43655
377
39015
75434
67371
47678
435
97054
16291
28270
13953
95944
12489
74985
21222
96142
43176
13518
30405
69598
68494
52416
64240
74071
40400
77075
54843
92142
35220
11515
48356
5221
95123
82065
7430
2525
13513
47677
26975
23529
5193
60849
64120
83103
60068
52562
42098
88744
10931
88474
87436
20772
6942
91100
94249
91239
36136
64944
35033
90296
92835
8292
61833
4775
79914
8731
820
30424
67555
18697
82629
95499
86542
6875
64405
7645
88295
81137
14003
87838
34976
66098
81211
46745
24078
27584
98279
4023
87815
16191
66388
48568
12643
36679
30694
96900
99015
59344
3188
51336
51742
11674
21189
92234
5845
91937
34229
66
26694
86604
2943
54999
50941
47195
55319
26736
27081
15087
80696
52329
10452
96796
42608
51363
52308
34060
82855
49862
76180
67504
8629
28951
77948
62666
36096
23301
44908
88976
40900
32141
93354
98212
77329
1210
13247
11389
97627
65448
81359
3957
69819
83928
78647
50858
40884
54945
69065
69825
39925
71784
9081
84367
23886
59190
77975
73992
77050
88274
11099
32017
81828
38104
74186
48555
58975
12239
19467
41398
38116
40919
36433
17407
68502
72223
97684
24700
50303
27089
21781
81150
54236
75082
49050
69116
23059
8987
74326
18138
23234
39255
34338
9353
54349
49341
22129
31714
9741
30092
91883
28644
35478
27667
31709
99006
35351
91674
15864
51662
61505
53274
23689
49961
66492
29949
77781
6745
89054
5070
25495
49988
37913
1328
18163
98860
6581
27079
63058
19160
50093
65970
14959
20210
35206
93137
45671
26569
43373
50044
33765
31385
93123
22663
56633
69959
15566
84377
42860
24399
71560
15384
42660
4671
4596
41895
90731
34150
9503
32848
92424
8271
28616
96703
1569
95535
38315
3478
14755
73355
84277
51212
63372
39009
71304
94110
56865
15249
44694
48203
83294
22203
84219
38658
47600
34709
23309
10288
15613
93311
2405
11521
17065
10524
57619
25494
2768
96419
21093
61098
31644
12087
69622
69504
40122
20347
52012
3651
33367
10486
85030
75481
89455
61299
49554
70221
24051
89958
49102
66860
72225
28027
87864
21444
70949
72756
34146
52848
81389
45809
91341
60445
94156
83596
16558
71206
52581
14714
98536
27252
82697
19658
76921
5127
8281
26924
22065
55765
60969
87398
1442
12810
47317
54233
88873
3617
24223
48178
98554
67365
86201
99163
22261
87557
19145
24584
81325
5858
44740
78347
17639
9337
91422
21850
84163
52567
51105
82737
13162
44025
50690
78380
91878
93990
44367
78530
13128
39922
94723
12941
46983
4403
16159
31170
41051
83533
97396
89364
85981
83696
45599
16206
11025
82622
69759
92105
21388
25467
70070
36305
52511
41485
35015
54529
16674
7820
7285
28270
43189
40614
11456
41402
11135
31799
31363
13236
93177
60251
80798
630
55170
61741
96755
29466
98426
34483
67355
9255
24231
52261
57141
87661
69852
58417
60429
5498
69388
61630
14495
33231
76247
69125
46174
45366
72239
4196
5071
79225
51258
56522
98928
61136
44668
69439
81135
90770
44729
5548
56103
82190
40464
98030
4039
90927
83472
23795
71549
52717
71370
25865
43848
31547
45755
47567
24382
86044
15567
51389
57226
94229
29412
88130
57996
67708
53333
96005
42992
412
77282
69659
60768
63839
5526
32304
92766
78217
65086
55246
61893
48444
32646
52353
7854
25393
12674
67381
15381
97100
45057
95090
75202
93340
48321
61873
52778
52334
40033
36330
37594
87467
80802
71137
75435
1711
65096
80008
26020
13450
54801
46165
20958
60321
89495
8781
61583
77058
80275
32603
55034
85952
80623
45891
55355
82191
94456
67428
15517
43653
79526
40432
38183
28756
17651
74425
67642
61509
76917
6143
60296
32666
41360
1930
42299
98891
74131
14881
3844
39540
290
75719
72058
7430
81295
51642
6843
34910
15781
93243
7254
97668
64491
82367
33924
14368
7982
92201
42669
15069
41139
73
141
74131
72306
22368
44591
78693
3592
56464
8060
79575
63583
75977
43362
3806
68373
30753
47460
66009
67581
32732
45727
83673
98888
62628
68174
58993
68005
27931
90909
81929
72212
88775
98400
216
75578
97927
35124
58927
7050
28150
31318
59317
85183
27679
34084
88513
39004
30117
45995
77228
44741
76659
47487
8407
54346
16467
75242
9677
54193
85597
10687
75661
65555
26130
7362
74808
77576
43145
28228
70446
95629
88532
58959
39431
1414
86410
98490
71209
28544
79660
19989
37887
81935
13680
37188
95552
41287
89993
45870
59111
22684
25446
4734
21452
17462
55656
93762
59053
20316
59275
10937
95858
1889
75548
81599
56208
17700
8056
6993
67935
17977
4033
81133
74532
65608
72800
93725
51874
88941
11809
33521
87582
97274
69117
47762
70182
83798
37506
21969
45757
92647
39436
50892
69268
68723
24130
35998
6386
32080
80979
77852
33231
83000
77935
41133
18650
44313
30201
55844
44662
61931
41887
70112
8507
25754
23354
98583
32772
27786
11417
72410
80193
86086
61235
75287
78540
53141
11864
5809
41477
36801
87338
19794
7961
33957
290
4581
19339
27983
29111
25869
53596
81661
77306
83825
50760
69324
42385
43514
45368
25546
3225
78600
20663
8569
97658
47144
21764
2647
62592
65509
32448
24392
14367
7860
74592
22093
62150
74550
25464
18772
79244
4789
98675
85547
18813
98532
8779
77410
24527
9216
10756
68350
60440
15930
33576
8738
99130
99392
36298
53146
82816
16692
65390
63601
93420
29204
67294
69446
9232
28667
7173
67835
18050
26595
46302
98436
79924
35115
89756
99126
38364
44354
78120
53376
54753
64098
63952
98436
74284
65854
22962
62758
38251
72317
35955
62551
39399
35073
92127
89609
31237
39333
68177
95859
2042
42920
50300
33844
69627
35139
28813
64015
9635
37171
14782
38462
38572
12014
8848
29322
65251
68857
95161
43377
5705
44415
29583
45732
90639
83750
59036
44851
42988
147
67888
99030
76177
82260
51333
11832
13797
30107
28809
39144
37041
58946
53122
1080
57535
97493
23979
27385
26225
62804
24357
62380
44171
24799
90154
57627
13337
4568
43204
85876
76103
83961
21026
9488
69282
15751
62285
56311
60680
97015
15524
35144
40048
56017
6336
46758
91293
28502
88196
93146
59771
31651
18625
80183
75790
5508
54859
51377
92106
93705
98494
9229
86902
42932
63041
53079
37919
43633
31798
41784
35208
67668
66704
29209
47279
89212
22331
88154
18463
43395
66334
84835
16371
50058
26105
44451
65335
40843
33698
63774
60892
10908
64205
66975
98520
6295
48241
97116
92975
53256
8838
47659
96704
46412
57937
92103
64947
89416
32903
86577
83176
66704
32913
48710
27371
13659
92857
36844
16826
18590
87743
97076
9935
68023
80892
24300
3462
99728
30689
40984
40971
25215
95178
65206
34556
18675
88130
69959
92120
34002
79504
75919
7939
47121
80597
94187
77994
15494
39603
84861
13438
11397
80289
74385
65513
11761
37723
28680
65520
33637
88640
65218
58726
91919
45606
57960
71525
67707
14153
8696
25528
22897
44723
82824
39086
11823
89137
62813
87425
86704
46306
87968
60125
45827
27545
29573
44926
20793
99693
22794
80951
59450
4439
58482
45362
14285
17193
16019
1515
22637
22661
10286
1340
30907
59332
90540
66673
97465
35299
53689
22624
74909
41254
78815
87331
671
5093
12899
64373
16032
13034
50732
68013
91358
27745
66078
18458
86240
37461
24800
94630
73117
61298
64788
64043
36019
86627
29217
86494
37005
62900
47461
85493
46003
170
6041
18195
25624
71151
44690
9192
4293
51645
85482
9603
71928
42272
9982
3162
93254
72081
80432
60003
10498
59058
49507
13611
76466
14772
51311
14044
75875
26404
27368
53131
65572
65238
22009
91188
21703
47883
92834
15089
92771
15608
90336
21471
75815
55185
92114
93746
76645
26055
93240
64923
82467
87457
74994
86945
50663
92430
41729
10851
19839
30646
33316
77889
24277
32351
44030
6689
20263
18793
81458
45371
79247
65343
67232
94890
68722
28035
37795
21281
22657
57565
37399
49820
33163
62444
70663
78115
90244
35064
40525
29273
6154
81982
95249
62124
82291
12446
97194
43464
11154
85424
73483
57851
44596
47868
85675
17124
20225
80103
18222
22627
54635
20447
88194
62274
93246
83496
44725
61832
61687
65915
16445
85198
78268
52185
39217
97265
70093
5107
12599
56275
30840
94330
10126
37233
84082
79548
5223
85294
76768
53539
57889
10140
16842
17897
74638
85706
93788
32975
68878
98794
67721
35361
81777
45239
68978
88285
79582
92411
8651
88410
47031
15117
67504
61947
91787
60304
10321
50960
78191
13698
78272
59430
85064
8147
8025
6305
68356
60371
77546
53511
3477
37117
36229
13804
88554
95479
12552
64887
68254
95796
99965
12812
76643
88358
6508
42771
42635
54894
26110
14333
75384
42827
54783
55179
20522
8290
50297
73629
37213
62673
19928
19211
14864
55140
84933
9913
78888
53699
73393
96307
47752
45434
82706
82395
13733
65459
82787
96706
1639
65254
63669
13461
34260
63213
78126
60650
82334
81049
93282
80263
45182
38922
27673
5580
75867
80753
97948
21503
3424
96594
63882
88936
81501
29802
66581
29950
60120
72388
41446
55062
25503
53591
71990
71959
99003
6467
84950
51651
77013
24283
27579
97839
60416
93129
51125
8829
17760
77125
6527
32979
67511
61283
93281
5044
1371
74732
31960
4458
96631
48176
529
9945
39602
38220
54760
91591
66932
55714
6576
69400
95802
46296
44489
79141
69015
66043
28519
88371
78677
57751
12190
82994
65861
8466
87550
64219
60309
66945
70588
24271
74506
80492
55019
28837
23753
17633
58236
22196
38369
59534
41897
62045
70549
37126
37177
21214
16794
14139
36028
35327
46212
43588
25781
38879
35985
17534
44083
31136
50669
90541
31281
99986
85126
82305
94893
15310
91277
15652
55387
51381
7806
6323
50002
19142
15854
50144
12445
28735
71289
66336
47424
46169
30916
35260
78058
30917
54711
16139
92851
6218
73550
27100
71527
47827
28252
41911
76919
88243
42232
21866
29937
1141
58751
84647
27521
39889
93586
6638
23025
85841
5089
15348
59846
84332
43116
85111
69069
49866
4247
63975
60599
75137
22800
49169
77831
80706
34795
2174
90889
73943
73225
24201
86502
49422
36398
46282
87418
46269
7738
38168
37331
48072
93114
7010
1129
58201
67253
87194
4711
43141
72841
27053
83995
78256
61267
54800
78341
9582
6815
46815
5093
91412
15748
49082
12615
80887
28846
10424
47934
96833
97693
22799
42127
66079
26644
12526
82022
15790
48039
19630
13452
47601
97463
47748
1101
46171
40206
8245
88154
81598
67941
77835
39454
60923
33074
45918
32323
44032
94394
20241
29354
56829
39260
7878
45448
50042
84926
17916
51612
48741
72777
62550
61543
87185
33362
57492
93949
68000
47980
66443
40681
20601
22269
66335
28891
19857
83345
81203
33004
80725
80202
37990
21395
27797
90275
56623
8340
89585
2300
51059
61245
22289
56633
39413
8820
5390
16292
52269
27560
75582
51969
64323
96051
27950
79560
8753
34559
72924
78986
25590
66696
3722
84912
70886
68538
34787
41155
33745
96909
76739
49151
4364
65699
96921
5198
18392
63968
82856
57515
23501
3565
31076
53642
57422
28755
15878
41939
93445
48237
81521
22064
35416
10598
76710
84362
57523
37377
85746
70875
74033
64235
82546
55359
50821
26430
47605
98624
99129
22752
61168
44785
51703
15409
55485
22024
35620
50080
27489
42130
52659
92848
47709
85508
15387
54675
13735
93765
88989
12558
47675
81014
78221
11980
83481
59265
21019
75716
2820
30992
81150
17254
42809
70693
87068
36735
70360
20006
55113
54686
48742
7442
9887
43615
18216
81185
16525
97038
39971
96146
12694
53840
9635
86570
75077
80153
66564
39722
31927
96219
1005
59903
47259
96497
60980
35404
50038
77016
98440
78651
84314
93729
38651
34302
63816
40232
71127
34606
93764
2296
42739
23981
35744
6674
18297
27310
7619
56238
95616
6914
70171
30637
88079
58893
53681
88838
60183
13389
82635
82811
31146
39509
98597
61320
11832
18965
15188
75332
22754
34844
9026
31958
45958
29630
53480
77023
24159
40585
78199
33670
27785
93800
81400
91525
8479
53676
5649
79758
80621
74978
80049
57737
51970
10952
71150
3230
25383
74424
94841
99332
12121
32286
33483
60771
97888
38213
84679
58448
5413
76657
64679
19597
35190
48964
55026
37345
58109
7072
52840
58155
13315
35430
94710
47776
54795
51288
79987
35005
58480
50249
51640
49735
45743
78866
21548
95498
60316
20629
93636
70266
68996
47201
74344
3964
10299
60451
22547
3006
55926
33804
45121
18310
21584
36685
86017
76691
37576
85707
5975
46600
58226
49673
99967
55163
25016
14944
73854
56323
27415
59527
77028
37479
13435
82574
89158
66113
61085
90745
37477
94344
28740
76980
79079
24675
5128
33329
28150
9057
92849
44857
57922
74609
14653
47036
12039
19323
47234
19180
78948
95355
86597
66224
75590
96399
56776
7641
4875
39009
47526
19903
15605
46830
48230
11631
17859
81246
70594
75291
50034
91686
86793
64796
63473
82558
1605
2419
22826
66399
70534
69835
18879
41905
11797
42122
7747
62516
1389
82680
67899
97487
28454
89140
61531
72946
29251
11091
26379
3022
29176
30793
48728
71942
69145
87261
8561
21801
2750
93032
94793
54356
84815
38476
68475
77691
1023
73700
35032
6107
3883
55343
79856
87914
7391
52547
63232
97652
3265
90527
53306
90513
76039
19803
37222
39741
21106
46937
72759
24536
33560
85946
59765
8357
87886
13542
12672
89978
20665
83839
71922
55551
76058
20271
99138
73833
50937
60814
64550
16598
24029
10909
18535
12223
39726
4279
78317
65011
1253
28733
56584
54086
941
10496
72547
17937
95577
71498
27
93848
39875
73253
76986
19425
18605
97754
14454
55768
20664
63388
88804
60292
82386
56160
507
22650
67410
47542
68631
83606
35225
47660
88724
91932
27255
17835
54610
65562
47724
81201
78255
79438
60786
70702
76723
50775
33923
99110
93617
41971
89825
22548
44347
37864
39928
96292
71700
44780
9989
49896
50527
48035
2867
16421
58622
92214
84529
85053
92169
769
43144
48892
8044
39463
85133
9366
99505
11684
79437
49731
88727
68299
53924
26659
93781
12676
3313
50859
52003
30962
46135
9829
55573
97827
30673
30220
76570
44365
12079
84508
66245
48869
6940
92848
98826
40932
14504
4883
52731
30562
96787
60015
65343
60257
61169
82227
94110
76207
22639
45946
88901
33670
33049
61207
54634
33315
93318
10216
8789
54913
32795
55139
99605
94929
83486
39857
61358
61076
27833
52848
98172
98429
98127
21441
34175
86119
44486
95315
36657
48445
36109
362
21726
66132
95606
32575
15819
45733
38214
65511
47613
4287
96094
97818
97767
41647
60410
70414
76770
21312
20869
33034
48374
69790
47774
90472
35542
11608
27031
68514
88829
98002
73559
60343
18804
32432
33413
33472
99322
50911
24037
15625
22861
62322
5234
93884
2335
309
23674
92527
25708
74072
18545
15345
27576
3074
51988
51935
18358
5134
97032
4211
18701
69699
76682
49610
30728
35750
79013
65334
8234
26938
71091
25859
97274
5244
10173
86052
64555
53889
88137
35232
87934
34504
42806
14756
79457
58213
32766
15730
80444
81478
15113
94187
53878
19826
96923
53162
85639
55623
63155
66584
21296
58339
84293
98770
2980
92685
18071
22332
92901
65935
87379
64468
16997
61799
16276
84197
26893
61925
70153
72515
2983
63283
84890
26755
11824
76904
71980
77447
8320
57011
412
8931
90734
21552
13936
29595
50210
44035
11776
86772
40142
10434
22828
14508
94098
50644
77189
92078
3550
12725
26268
23714
85470
90639
63600
58012
73448
57537
86945
26075
20704
40623
14011
35890
65523
78447
73733
95444
47863
86681
33987
82857
50148
83380
32373
92549
40454
70382
32657
61180
99714
79902
73897
95595
30742
76697
23460
95
57952
55924
56146
92673
57090
85700
66067
99518
96422
86938
48985
15651
76910
81744
44215
16869
78738
43410
73566
2090
58266
71050
17557
3065
24880
25765
26360
40802
66725
18416
5147
88825
54986
73638
37492
91938
30534
41314
25767
64447
17313
32854
96127
53515
21397
17005
84269
17969
35686
57028
16856
87331
3131
21370
41828
86901
38366
53080
67792
31324
59339
25265
32793
78005
81791
60159
60664
3271
44252
52276
86334
37424
17642
9118
84777
25411
74923
64041
81668
7874
41496
8391
5116
9697
1559
17815
85694
33615
31809
50591
53572
77453
73521
94443
5107
92047
61
18121
71724
61238
56340
80997
73717
83409
70693
79432
69689
94012
36593
16417
11978
74324
71412
59917
89828
50948
20149
23095
76445
63975
74465
27049
71462
93661
98704
8881
63902
23199
4011
92729
25350
56801
92317
20430
51533
60498
34673
21706
39003
22126
48126
91681
97021
15392
38612
79247
6040
13604
4614
54158
71898
76965
41675
7748
86772
29291
9535
80056
84704
61812
15530
46489
90000
43864
91067
55177
82007
50982
8383
29329
16275
98442
84092
54319
15849
82783
30027
56069
55048
19457
2840
50298
18585
49852
20830
48384
15125
84568
33657
22241
50963
54616
37001
77191
6596
1636
1681
53157
24325
83435
97239
55058
5220
75284
37883
73455
92873
87356
91899
3989
99264
53465
25008
65247
58971
65231
27904
40147
23033
42683
40051
97439
17324
86141
78366
61658
61441
6900
47722
14212
81102
76870
31744
71612
22217
47782
45077
43300
11969
47374
55510
27768
92669
29667
22977
97497
29608
71754
18220
41364
73732
61533
30123
81642
43383
99800
37734
19078
96918
76224
12014
85972
39634
77686
22887
22394
21720
53395
43029
11189
20154
84604
28178
75659
87172
12283
4769
87656
63164
80868
32049
89687
88680
6358
40479
19568
46746
50102
28228
22417
10047
25999
46381
35745
35360
69538
88134
14982
6780
582
75776
76213
28724
7031
21210
89128
33355
54464
94469
31100
95030
50077
55914
16050
44174
22327
97291
33276
37207
3318
75647
71618
25166
20612
1141
94154
38222
92432
40298
17633
24148
89787
80876
62581
5091
55836
60962
81649
85147
51351
86213
92282
55632
97127
27386
59970
70085
30330
91570
13033
72246
54858
77775
3461
24934
4158
51047
8112
5890
27055
50905
40922
14165
76836
6952
5243
69201
93332
10959
88338
61364
15642
48128
85855
17105
83364
15985
28038
93225
41170
24069
7892
862
27265
45387
69290
12012
77414
37646
932
4788
52850
75759
58091
446
45290
78117
78796
90175
22143
90768
76752
19371
3231
51668
56604
6729
91919
86355
41569
88172
23008
14886
64719
2986
43013
40060
86899
31449
37661
93230
91786
55685
10026
83549
8514
39882
90036
85408
71814
5247
37189
37862
71081
50401
47316
88520
97630
75597
88782
62560
20092
91058
96076
12760
81780
37963
11040
55105
57433
5230
91217
47347
52514
28913
98982
21067
9345
19681
43153
16721
16693
6511
14541
36322
50983
85145
43805
14317
55669
54493
42429
11302
42666
75100
73138
727
59608
97266
