94122
58950
56807
82736
27229
84758
91312
82870
5650
73836
43548
40361
29821
27332
58280
42755
30666
46803
59879
39360
55795
54919
88993
495
85301
37095
35115
46288
22224
65780
75021
76564
21747
71391
93218
62913
96593
51419
36830
34181
89459
50834
13674
44041
16451
95773
56616
84023
78443
99795
22525
33962
31079
58515
49939
39203
69956
56311
97434
90134
49642
45023
60646
39869
98814
66983
18613
58429
34113
95366
46161
79247
9972
25697
49901
4961
41245
44951
84044
89527
80478
51092
67845
22429
43255
41059
45485
63231
21452
54015
92957
40281
53984
46695
84539
44435
90187
73804
45226
49467
77159
98187
49909
83077
53633
43278
23989
5381
8614
44977
97957
25004
72267
7907
9655
98550
77178
38216
96614
57755
21498
55382
36976
80097
2409
5880
25262
63276
41158
5465
14773
67440
99725
34577
12367
82291
1182
84767
68796
99977
17069
40103
54617
76475
56057
67952
68014
46077
37040
85989
67257
51970
77190
87471
27969
21777
61210
69811
80668
47753
18015
60713
64223
3148
30203
30517
25279
37689
95539
27363
97367
92410
69420
96637
40686
81394
764
60501
24040
34456
37865
79185
26236
55169
38208
62802
90250
12254
6607
90590
21080
31371
4099
21042
81961
56356
75880
51468
46271
25540
42672
30324
50537
9676
88622
74846
82550
80553
46784
46574
21012
709
45771
46211
9887
38829
34476
9053
64939
67400
40266
13025
31081
4949
6283
65995
88310
48377
14675
84329
5514
49296
14230
98499
91783
7540
28647
16559
66547
63362
80252
9696
65469
60033
69577
20371
85599
57888
11155
43131
21879
66826
86528
78870
85273
29647
99242
45588
3393
22626
86535
34172
65878
62455
41059
71716
86479
47272
54427
2346
10181
17916
42506
1577
87148
30570
47556
71048
35371
85912
80396
30422
37222
71543
62450
38688
62767
35359
13225
62136
8298
83059
13166
43921
76826
46080
43818
3014
18973
97860
33891
38327
3461
8808
32949
3962
24320
84950
91722
54703
82090
28194
10216
17481
42230
56113
96949
94334
4
2371
8949
51119
34046
92290
94048
27122
4750
98585
24751
41067
86751
44542
52074
37511
52020
42068
26961
28414
38593
58487
14367
77816
43637
58522
80045
80103
72842
95685
1690
20712
49131
49483
3009
16601
88911
82772
4281
11170
14759
5827
99212
25735
60199
50654
67951
37548
76119
72705
65460
161
29152
68534
55740
41517
88003
31133
7482
75524
12244
13944
54279
9064
96894
4038
91936
37267
41533
35472
48600
69248
37787
15790
13655
32766
59275
88632
17616
92982
90570
42497
3984
137
30225
1529
91560
80596
93743
61491
28597
57777
75289
28757
98925
814
51547
90147
28840
56160
58718
30683
96015
40646
24105
96212
62374
13361
54879
22974
82242
99371
13516
14499
84953
69747
9960
54141
78839
95365
12478
11340
43524
80041
6874
90822
93958
9030
16865
12840
81218
69128
59791
61456
34264
59886
46481
63337
76032
34013
39154
78198
25716
70768
79249
29226
44261
60790
43803
29178
90854
97406
11307
33475
43681
47378
87159
15974
33771
33283
2253
53344
96496
42038
41756
13114
39579
52059
80235
25066
23265
46622
78109
44826
56210
34280
85623
72755
791
77648
46560
33168
65226
87687
21986
83812
57820
26315
17774
86885
72727
30507
29565
42749
31759
85810
81702
83678
29012
66135
89647
92201
80554
18736
5912
44231
19296
66480
77265
9401
61755
14403
15182
56123
86722
69085
88117
8809
20052
57944
55293
13263
34285
93349
52339
92757
17056
35360
13067
70400
52578
1944
43743
34655
88001
54358
52613
46489
81774
77755
64515
91340
49050
8373
25130
58324
15325
73442
56026
62673
97692
72892
63626
71068
10842
76383
57916
87205
66397
13154
27174
83936
53412
6864
56822
59810
70659
80526
68122
32364
16472
41627
27034
42296
93428
63953
64212
25911
68219
94014
77432
43614
79333
50393
72708
79685
38318
72674
23813
11617
96441
65408
80092
68619
50580
80578
37927
42185
51551
65319
87664
34798
5319
23662
46201
56064
45858
21329
77639
46889
12170
32005
18985
72382
35722
83559
4603
3019
34156
77137
21492
97985
56713
56505
35922
51064
61535
58415
91716
12850
26025
22026
74360
2899
6350
42634
38294
55671
4191
16644
33827
16989
95035
76924
99446
64436
46422
7709
32897
67020
75975
34907
8029
74413
43827
89679
78084
48814
87739
95137
94528
87443
29612
64789
20863
90144
57645
16086
66032
93088
45264
48931
98827
17512
43309
4503
2950
79789
57058
71486
4641
53826
25517
24695
36875
91118
13997
99946
59071
16671
64549
89480
67931
9054
22115
46384
87376
30245
56060
9302
6791
30336
41677
39808
21755
27043
36080
90517
31104
39324
86729
98295
91755
16253
90495
40702
61925
4917
27914
29745
76146
57698
57014
49361
28538
55784
81000
89772
95396
96925
17126
72704
23728
47756
64695
74305
12149
85708
2939
9831
55037
23479
68842
19747
29942
66254
97724
51678
18559
81413
84459
82458
2331
26315
33155
49092
73321
92315
11270
65971
46043
46307
95121
34178
22197
14024
74567
43999
51558
16189
28552
76216
1977
18082
74707
52667
88856
37267
19418
62283
58059
29322
71213
13982
12466
34668
70372
97412
14600
15602
984
19833
74438
36968
63788
8730
28358
34664
97549
15917
91687
53725
119
2370
52860
8242
80481
84249
51608
80488
60236
36054
72897
48986
7911
16720
75094
81138
21711
87529
43652
77154
29398
35955
15205
8719
1777
65008
54293
65977
24308
54192
39717
3501
70596
4334
29202
68842
61121
4223
54186
86123
45804
34112
55366
64929
46936
25451
29056
47067
33635
47219
12952
10020
72265
14532
24327
64163
87164
44141
6464
15472
29956
85630
56179
6043
96336
69395
78389
3576
87518
6251
20017
17488
33342
57528
31349
95285
80589
50275
61783
76326
35952
7225
32341
77089
41240
29697
31235
56063
80007
65039
81678
16980
97758
38713
56166
60173
77932
49322
68592
77540
47061
25479
59549
27384
27201
95464
76677
14736
83182
29041
83574
36889
82357
30138
79520
22730
53289
79090
64803
66639
38160
22326
23569
22479
24573
3037
19729
94629
1361
71176
17352
31266
81683
84243
29264
10472
47675
4957
49887
45775
53020
16499
72880
50966
81464
44788
34622
67619
59193
33436
6884
98842
84519
1953
39380
24735
1910
37070
2810
24164
75734
82048
13374
12006
11688
52308
55205
98114
874
69048
75054
48331
29202
19027
13618
21661
49445
72603
41014
79784
68414
52109
35435
67925
64292
18509
46747
79730
44863
4528
8561
10605
2146
25722
70041
70972
3124
60874
39277
29156
89583
36507
66745
90145
58381
58552
69640
65491
88334
17718
75289
29307
96056
23026
55750
23625
46612
45448
47714
93178
5560
75475
53251
96345
60486
64449
46185
3479
48986
42646
18536
88571
33325
11857
90201
31906
85363
45290
9544
5739
48869
81255
91395
27144
29238
79254
14548
79120
69972
46415
24359
57675
13159
46098
23595
14107
83256
70399
29658
93931
12367
66160
16504
45687
99182
86718
95981
84198
32824
23843
38261
1321
35904
41975
44309
24305
84079
26107
67106
81232
49901
67064
33507
2570
18286
60861
75411
87227
88261
76094
48650
14964
15632
15612
93372
82709
64750
45708
27962
42520
83273
30349
46295
46129
8153
23037
21770
71184
1789
99290
30027
57148
3292
48425
44030
45302
32653
13933
27401
38320
11306
8753
95936
56730
75192
23297
85689
20291
48602
61600
59554
38371
98145
24586
97959
19551
20769
87377
94417
95248
39090
4227
85437
88971
46066
91501
11671
67206
71582
48069
50055
50816
18306
89641
31213
74519
34413
89564
70936
84856
37348
1478
22581
40189
39736
91655
59003
78706
50466
24479
24533
45275
19516
32152
99229
7079
23316
6965
10663
83690
11625
18482
48709
533
11544
8737
20065
8503
93372
23440
85138
31204
16441
9560
57900
37611
81645
45248
49234
54411
32498
32965
16740
47103
23536
4780
31299
86153
90411
24133
51202
27447
78901
87245
73230
18865
52769
22048
28645
30998
71590
50499
85333
27026
39340
93328
28834
9956
74252
61618
25434
78068
57730
56252
51192
78660
1742
1605
76997
6764
77437
33911
18092
69238
72237
57690
52303
29195
36329
39034
84842
59597
16602
18235
82821
81998
47631
89714
7762
30207
75946
21343
11901
28793
98699
73134
69716
22648
36052
94570
17123
51163
45050
21881
53561
37678
32407
16094
54788
81650
41025
99638
73626
35217
76775
65836
61465
39495
73431
69194
31028
12027
93843
46790
30817
56094
22009
89298
70539
99102
87973
29654
93143
41759
21911
33678
14546
94721
64674
45142
49591
31536
34925
26112
89181
76307
47716
76683
52017
32862
11669
30221
49217
66858
63541
5095
57320
98260
91063
97467
15669
43108
45555
55686
93676
11371
6495
31867
13306
43097
51290
66743
74820
28288
19602
99492
77102
67731
57608
54509
8377
45326
37281
37676
87433
57752
80437
26284
78218
16815
76358
16286
3658
67207
29473
6482
85980
79239
32435
77810
69812
15849
63377
8920
81572
44925
55401
20928
47255
64049
27993
89589
40651
36553
89090
70343
5827
7879
68252
35924
30933
80210
53649
96490
66739
35003
63085
7613
98815
13120
13511
97862
35295
79798
84697
92528
81948
28361
56103
42508
2351
59508
79028
14169
88822
86768
75634
67104
78116
59130
655
78101
10986
96511
46876
89601
62199
66886
42181
46568
81839
47787
22112
34135
50537
30130
54293
60853
51856
96562
88394
77465
51775
25744
33573
71425
1182
39480
7667
79970
59369
95980
29496
39685
12464
35410
86876
38784
32921
95095
30328
15062
86180
9535
60668
54563
37395
44893
63631
58692
32475
14781
15248
81554
70735
23189
26325
85242
62937
75450
88419
22719
59218
62211
87199
85858
18290
82427
21670
15127
43254
15509
27931
56761
66233
73331
91285
42240
65075
79009
34029
56289
75848
48975
47495
44587
80732
47942
