4710
18247
49166
82482
47977
7103
37737
39546
45825
65467
19273
99259
13784
74173
78834
781
67265
86584
71084
30291
83909
77415
19112
22771
21179
31909
31880
82849
63779
38824
96027
7751
9963
9766
94897
69623
44256
97344
30676
1148
38215
71091
11045
28035
55249
85997
38523
55581
64664
71013
17415
34024
12009
52758
43371
27294
99134
26394
61303
16068
75222
54888
75767
7000
69440
11522
89296
4017
79275
9210
56524
69921
55907
69935
92075
12817
66370
91077
67521
35181
93385
76299
18185
92765
21409
62002
95741
57204
66395
67603
70489
17861
36041
14608
25926
83327
95324
4044
58595
43727
96701
34506
76305
55453
14489
47494
78116
42073
60682
30554
60924
8057
58873
26121
22682
98922
36703
83001
85591
7437
15780
32091
37622
11672
38721
38662
33879
41299
44009
8748
17493
62325
32482
23794
38480
58879
99994
62731
78276
73914
83885
53667
96522
35840
6679
62432
58988
9919
91926
27003
46623
12322
18452
51157
27946
64610
96883
64633
16731
75826
13614
36817
98063
51934
13060
98598
75574
35078
87641
63802
98928
73971
4724
11676
23551
62113
35569
1781
4993
76289
79673
23960
49373
17006
62125
5170
43872
81324
95848
73869
61995
35361
46000
2450
60299
47068
55603
44587
22779
8080
86857
23910
22278
28123
28075
72651
7598
6776
27605
65833
29041
95102
59640
40441
96153
89654
87444
81057
89808
7890
54725
94249
39230
13771
1806
63567
27971
2274
51377
76483
6509
90981
79001
96912
89431
55763
1682
21250
88931
89473
97572
37096
53719
30014
44828
66893
75721
5558
6297
70645
59624
74546
54778
14889
53354
92608
84679
8506
26316
64507
44680
5323
55398
51122
59324
38059
16100
62727
51009
40389
87972
66193
92126
335
10318
17629
40530
9215
68943
34913
87845
22412
95977
80731
16859
31962
36202
64112
43558
96823
71083
93175
94933
24423
44792
92248
81697
2596
70690
6768
50793
12993
54548
65907
82672
93430
82420
54443
4571
35725
52077
75464
39562
91403
76661
22268
9346
74667
34262
27361
1857
51988
19169
54185
69306
94796
71260
67702
55542
18069
35931
37933
38524
62174
84120
74852
67863
30070
98058
23428
49542
81759
59540
7832
44746
95618
53613
3530
47761
22524
82902
7030
68333
43329
4911
98804
93824
362
96600
87876
22170
14717
98900
86502
99793
14143
36939
77388
7283
1809
54404
79276
76608
10834
77818
20098
92448
11336
9439
73687
41183
67729
19941
33017
35167
28901
69599
95195
57262
85315
81027
67500
33469
10182
1258
34825
82858
73038
8038
30602
58679
76224
96247
45951
68120
3626
30421
57499
65510
84813
6356
82487
90923
22912
46693
54440
94776
65882
51334
70892
44543
41743
20125
21967
20781
86903
45806
66426
9575
42993
37239
19409
3297
78837
15008
64958
71482
73989
64897
31540
98479
12100
29684
72449
78959
98540
76577
10557
63489
46818
40048
16975
21703
37146
86058
16935
56099
74279
25170
81216
57819
63995
47924
22517
47573
86946
79189
12086
7904
81734
82958
20786
985
19793
72413
32443
12058
47675
43007
22241
10326
35249
2936
62757
2944
20264
97706
66151
92778
98072
8859
97202
48819
83680
73721
34483
64175
7167
24876
92013
19350
64490
2652
81755
63859
19262
15990
1909
64733
53614
4876
8423
31271
2928
70890
22570
61058
85166
19572
27309
89240
13038
19307
9832
72874
85755
71967
17304
46072
37929
68267
4891
22799
50994
2890
45835
32596
21181
98897
83682
4273
95796
1418
39163
93195
436
65930
45890
12790
51150
73425
79008
87594
97566
2772
6311
45182
92820
8880
78104
47294
98685
55836
26803
85346
99985
85623
80276
37
25054
89973
39876
86269
35890
23035
93443
11620
80144
16636
72438
19824
26077
4514
94922
64504
89259
17296
25232
48222
96579
652
39776
12301
20793
36387
5588
39959
74614
53816
93210
14812
85654
45852
87735
61176
33548
92739
51704
74531
9328
94691
65038
76183
36441
58280
21217
94171
60914
62299
96087
82688
60390
32054
3458
24401
50197
27575
65476
99502
17446
53484
37006
26327
23426
57626
34170
80224
16778
33746
30955
96519
65592
50701
38893
1887
35614
63593
75859
62512
15170
11416
79045
12314
57728
10521
54421
53599
42393
63333
10979
5973
27263
52201
57084
55844
57684
38711
52757
78815
24109
40992
77393
27168
31344
99568
17095
9689
93161
1571
88787
86603
51715
2963
84332
6030
74438
24692
68598
12904
3204
80571
37830
53444
22766
24982
69256
13391
93616
83048
44203
96903
10836
97044
38403
74177
34023
51877
80969
58160
93426
44732
60437
40822
74546
24375
54258
24299
67869
51054
81406
32992
70112
39852
75611
43538
3161
23949
4401
6362
30311
3704
16072
10113
57368
91884
75767
54670
64560
10154
72006
22561
43722
10437
19477
58471
20133
97008
78898
98391
70723
44957
45522
42562
1641
11210
26790
70983
21433
94864
71015
10074
47475
74607
27849
89722
28660
50323
83454
82661
48607
99587
59739
57714
79047
58845
89269
59674
20374
17139
23404
6153
45051
6010
35638
85354
58181
73510
8472
46157
65094
4784
33237
69695
39139
61932
75085
69115
82588
29755
29811
69810
13553
96236
49783
71136
85217
87808
63514
42796
21941
67116
50608
4293
71459
64862
65023
41465
38968
42494
31540
55149
41851
37297
17567
43823
66349
90043
18574
17115
83760
20154
77085
90619
87328
53594
92599
48814
56226
64502
136
70373
9995
65675
24216
97977
54175
28944
98236
74277
96909
33619
30146
40094
98215
74661
27958
76256
78669
5960
4786
95174
69233
46399
59036
1787
90030
59989
16965
17865
72262
16209
85239
74466
42358
61167
45154
76175
13081
19589
89647
37405
91807
44297
20206
50140
90007
36991
92404
12666
25635
16342
70144
50266
59716
4961
1140
63596
6639
22429
7946
94186
11979
80370
2014
80700
48379
55680
97736
37047
29507
51783
63175
59080
16312
67380
3367
24935
26193
8895
11779
53039
67584
4298
92229
55920
46064
34972
14749
37396
60026
81558
69535
90651
11642
95460
25426
11436
42283
39506
1761
34326
39255
55356
83159
73852
53166
11063
33953
92335
1594
76204
37402
97744
10649
54907
26602
7680
88141
46094
34635
13406
40930
60339
77021
47949
82247
72523
47438
20851
41954
91931
82652
86687
7134
77453
13783
12228
21139
18377
2753
35001
1019
22414
35802
83822
44155
71791
80002
56734
68858
17746
23295
96188
4870
88354
93395
78915
78335
35209
91605
80642
63625
13101
50381
9662
93551
50715
90610
33196
41123
14373
86540
69764
43341
99633
12387
18516
24537
93198
3793
10456
92521
90703
51993
24207
68636
86464
81816
18780
84057
34868
33893
85929
26771
22110
71375
87917
72032
26139
90271
93439
81180
46806
15610
54484
31205
53531
52847
5237
75966
74879
54378
85137
31415
81148
88121
72921
61108
26173
41026
7086
68899
71830
49139
6255
80480
610
42992
21230
28258
24470
46483
98397
2926
10354
29275
45715
75092
97508
93002
15105
33617
76579
42813
9177
80489
48756
54513
45623
33988
98453
26809
45859
85113
83184
24540
9349
97667
9354
74004
30594
10538
31616
76978
51495
28395
55980
82210
21061
51873
42406
97829
63599
33171
25921
73469
92320
29016
39961
25766
31724
46096
97369
87242
29804
97661
624
13284
19742
85814
19925
48048
65737
23504
62407
4566
2000
99600
91317
80781
24509
66545
33452
93749
91582
624
63209
12688
59191
9714
32219
80333
57705
83588
42280
84498
13169
44374
47174
53834
27771
42695
62468
35246
31947
94358
32091
40095
70763
21355
71469
92719
37699
59179
1257
65178
12644
3619
95659
29179
34452
87936
54092
10027
53594
39592
90342
82149
81223
77909
91396
57626
52425
37483
53010
81813
4077
98205
61802
97223
68533
23113
41924
37836
38245
39500
42633
98525
82331
77101
71853
9550
48714
17995
19382
39835
88602
52440
81652
92354
4015
49942
58872
92854
29958
13842
40294
215
6169
19443
61100
14438
41816
98435
60645
11338
46011
16256
71782
14094
96958
91816
99817
4122
6055
81845
8912
34430
18100
13175
93210
51636
16553
69448
93208
18591
64241
49069
7877
24402
99206
42418
92356
62887
16000
57414
67734
50278
57349
8043
93823
72346
80658
67558
95395
12199
50124
54749
86798
48113
4930
5863
82115
92994
26233
9464
97885
72367
5227
42054
47097
96941
8378
47379
14888
54540
99460
36929
88121
48640
14110
58633
77080
10056
19351
20863
70978
48994
74053
81008
68466
9491
62271
59764
19471
93342
60302
99362
36654
6536
59529
95366
45050
15295
60946
96881
63968
33278
52670
40854
12739
13194
66628
38158
34002
46297
28783
72058
73642
5369
38485
48890
98314
24219
73587
37605
34670
48613
27908
21545
94237
97
275
81584
89111
18744
13583
61785
49110
22470
56895
37699
96324
33198
68269
55272
42863
24112
25762
73174
64558
88244
25720
31284
68050
10638
97052
20831
41707
23340
62210
15354
5370
31124
46616
12641
12919
85043
49046
15258
32714
66998
22947
51171
48474
786
52566
65115
55949
18315
94742
10557
22851
54733
56987
5993
74377
68991
13534
78473
21691
92751
20077
25770
60259
41541
32328
65200
86582
55627
42352
57819
75066
10503
40460
97560
65296
74548
82809
67264
58071
31937
64881
23392
28597
51652
92502
50636
74137
40623
38264
43927
71509
70573
93566
39962
46920
97177
90912
6933
68457
87365
78533
321
75962
36922
35491
12347
14273
59426
40696
99829
86181
46269
20401
89754
27870
96685
97172
8606
49038
81691
91063
45958
17363
98425
86310
4493
16937
498
50639
68119
83635
75876
98807
70706
53403
64559
47429
91675
16161
80154
36363
14710
99926
38434
57746
25239
50171
3812
12091
50235
5
82305
57894
86765
96302
32574
82958
77537
50611
30998
95410
13775
8787
72576
16193
10305
47462
49695
36350
63310
49256
5497
92445
68883
45328
76352
46031
78929
40679
61071
54321
13124
88406
404
68114
1330
17981
12041
74403
20829
81601
69891
41063
85162
84743
22588
5923
27350
22240
47441
77777
476
67461
48781
979
94507
89859
89010
41437
19950
86542
4029
36858
89540
76677
82286
25368
8383
4462
14863
92323
35420
75292
15521
81708
79364
64434
7283
84139
22739
70429
18681
56688
93238
83294
53844
45662
39624
99424
73606
11470
28970
70604
54452
34286
77572
33033
51522
8485
2457
97219
97540
22887
7377
55117
42356
25184
51940
67072
21615
30073
82576
4871
18697
49520
67860
47340
43620
6246
22832
36623
85743
8958
30856
3392
63352
64815
20839
81234
4136
46330
12911
98798
81681
25520
72889
95794
49310
38120
40937
28660
93722
72552
77809
43532
28894
24099
51907
4931
66426
30231
89413
45275
85652
65834
11475
88582
92031
3985
91765
77540
4344
70706
62936
75284
17162
83777
23189
93176
76631
72066
98030
5499
65309
94171
42900
13191
31148
87323
74497
39252
12908
15907
14808
73904
56917
67635
13145
15847
14044
84307
3762
45324
46355
63396
24316
23015
9616
2524
26370
45117
910
58731
28300
94359
32201
83913
79966
91481
22933
98284
57433
4707
29488
52512
64632
88437
55898
89031
18367
49526
70632
7342
79132
92324
68303
52705
59144
1912
69855
19885
3574
28623
60953
29380
38342
54176
87607
20448
41703
73003
87669
21664
92913
15760
26873
99054
15836
93842
98763
35878
67117
20584
84156
76843
74484
93568
79598
35975
26056
79495
24768
78053
21625
3048
94709
28809
43754
108
14170
10455
830
35450
47327
45364
61857
48967
14428
63371
65451
69248
36869
65302
3148
33976
52767
82990
44466
84109
54895
44773
74577
51631
94391
62208
48235
9615
38
89864
21050
98063
55300
15728
79672
88307
35048
31667
73256
38792
14986
25517
79139
16227
70523
56807
42625
59466
74905
87648
50281
11719
84342
59645
45212
69396
35877
49198
41058
85119
97129
52242
48928
24564
42321
67387
13948
21141
85629
14840
98928
21100
9733
5674
69122
29377
65633
58350
81108
37584
19582
88768
34710
12390
39582
9331
13720
95654
70515
10275
52430
85850
90609
88137
41663
62744
76588
54575
73905
3136
42858
21483
73836
60064
88720
29181
1986
78668
90522
15835
3763
77526
68090
3473
65536
8360
17532
36538
84981
32989
53666
18294
50626
75354
62410
13078
30490
21595
64010
6378
52788
11058
84445
77971
94725
98098
14931
74645
23669
10401
7345
35052
5131
54679
6512
74903
17759
87135
22600
33303
45212
40050
69593
40916
49469
24564
70857
98482
97653
75641
98690
80390
14657
84144
63046
92705
93081
90118
8748
67438
93428
42886
12868
74579
25644
18614
13162
95946
68842
87507
95318
43355
98995
30707
61166
12738
41464
43528
28502
70160
27241
16449
76992
48028
11711
26954
20394
20987
91633
13806
81821
27641
78387
55162
39874
2326
27181
95013
15271
30854
11402
74910
29640
10145
80323
55335
81394
83950
22978
50307
51240
49552
61615
38587
40196
76979
65893
64840
62868
98690
98220
92174
4313
55035
5686
67676
64968
43833
90833
58840
85556
46450
28257
97648
58758
52331
86809
66846
67704
56375
45559
36444
98009
41325
62566
32268
66026
39799
14965
62894
36432
62341
32145
16581
32634
19227
70597
74604
4459
12646
90367
37561
93117
64138
64751
4790
21295
63967
79829
87865
90170
99046
97135
6492
53130
61776
94165
62987
92469
73418
1650
25168
28867
27938
22407
23215
14305
11676
65014
39530
81733
12204
62387
55057
66008
7997
43327
33871
76574
57775
10973
2059
59970
27100
72724
37385
65205
25652
63450
70857
25062
7610
82135
31040
10996
65198
8694
65178
41730
41536
90484
9618
98952
40298
6131
77966
36658
42078
40484
45132
18449
60294
86412
34693
62445
99591
65197
1766
55214
85021
58009
88653
48225
94156
14468
74123
30068
31347
44061
810
99303
78148
92140
35038
67290
1354
3106
19672
20969
94758
727
23127
85167
18317
52408
64767
21197
47441
68595
11404
1
6927
9964
56708
83526
1831
61393
4796
25829
32007
47897
5311
98016
39674
45829
40300
68153
51374
67402
61090
96484
45525
80796
60456
84294
34882
3485
29907
41747
49700
52926
82626
62751
32656
809
92375
68184
35432
51511
65459
39960
98310
93842
88962
46860
95415
25110
45493
72488
12107
96614
69822
80039
7504
14920
54475
26131
49508
72413
48643
98346
31485
63048
76129
79080
65270
42560
65360
38864
53453
72116
32721
99862
1943
21129
98174
51683
91834
13595
88879
9772
57991
57419
29639
53086
83104
2587
55246
17736
46333
66244
18676
63018
2867
67113
8475
35262
17712
9881
81590
52855
59750
6629
19035
39991
63893
69959
78096
86374
16745
2792
34296
35912
83534
38871
40354
74066
33408
23043
95976
62682
87313
47623
92531
87208
53440
69702
96994
34830
12654
62912
33970
81952
32005
36023
50022
51362
38383
89648
89192
13144
24491
68872
990
43541
31948
82763
79483
63996
26758
34409
1854
94669
13905
18907
65542
12126
14097
31826
86551
94190
72965
43265
73720
53833
68822
52344
3907
47511
88849
88992
35682
43759
33850
82832
38191
18441
46632
48990
55260
70677
90219
32998
8072
78244
61058
39300
68047
13098
70481
37895
37264
6556
3097
95002
40179
81225
95151
47157
74719
79603
78856
31972
75146
37765
98727
58094
60819
31073
80716
47101
65493
65107
76566
15873
3971
39966
35193
95475
92775
29521
84297
90809
77029
50954
51727
29125
40662
38848
42653
56965
23289
99475
74271
75656
91820
58246
57852
70306
79517
2963
78481
36973
32382
23380
72401
72157
29990
87223
91031
212
46031
99676
54382
45197
95306
88047
54942
24192
86037
69601
17432
21971
88420
23750
23811
66018
90836
909
24053
45724
82113
64887
15957
89811
51039
47323
58427
53649
78552
79570
99134
53438
47816
42440
10933
23613
45092
29073
80349
3773
3303
33660
84268
9916
85531
56510
48553
8631
99568
6383
81321
29081
63170
45307
18099
81144
83718
64571
94158
47983
29619
1293
45639
6467
70466
63993
74154
45980
12816
198
20926
61762
20559
20279
42420
48453
80618
6041
4279
94529
98769
49795
54081
72168
98249
70053
90268
2509
24340
29789
39895
80521
34915
32366
74153
2010
88020
77801
39449
21538
82356
2573
95815
99369
85457
19558
8521
42890
2886
69645
525
77676
60291
99629
49214
79824
47212
73471
8218
413
73724
71645
21639
83027
60303
40404
26847
88193
46125
40409
60432
2817
66592
82740
12172
96195
53980
54711
86711
78690
61532
47377
99622
54694
29263
62218
20229
35285
83151
94329
54798
14549
69582
39036
47813
10710
80934
12787
39066
45052
92711
20327
96765
62477
9213
97708
11083
77550
87456
53019
25844
92501
86759
29528
38880
26347
72022
66944
53763
98084
20175
91561
5042
51796
85611
45883
33234
27556
34927
1462
15261
41192
15644
41659
85979
41205
50612
37145
45481
31554
51134
42678
47829
30132
68484
62297
27790
40054
155
21466
38688
13989
59024
40981
24877
1149
15284
44968
76865
63329
64474
83527
42623
85994
37758
84652
76856
45100
43548
97675
75734
34877
21463
22209
46950
77496
43731
74910
83311
23314
18093
93179
27401
13460
62773
1271
82168
74662
16782
84829
25920
5643
60279
82151
67080
67607
54
61835
92374
83832
85440
82689
96506
2480
45731
3811
92526
36814
94031
47380
57417
40374
61657
53551
45236
71295
56126
29163
23220
36486
2483
2193
28317
58719
71755
70091
74597
39311
55129
79343
77441
81896
82535
99479
37873
35403
96673
24920
67728
58962
8744
45353
80631
69401
27411
85545
43986
6728
36914
95785
11480
70891
38615
55887
81348
83247
54371
37786
30725
75640
29213
53215
81685
14687
69938
75521
57839
62178
15678
9833
74621
31205
61434
64257
27742
57130
21561
58915
31307
86209
26104
67868
2396
59343
67862
6550
43281
26648
18130
54625
81031
58886
94195
92088
29749
55529
63667
65943
99463
51890
27706
81808
91050
27081
21163
80275
9457
74357
28145
24218
61685
95455
6478
44515
49535
61344
50818
22341
46825
63387
32240
31190
44047
61052
28801
15735
37009
69345
34508
72212
93462
55618
59452
79417
58503
44296
76818
75315
38180
87587
97092
68923
98502
93912
92940
85575
52407
49680
42553
68404
4710
41325
19118
36075
19649
96515
37760
29997
98279
5428
43265
40112
39848
55932
30755
6067
36003
27061
86012
5238
84525
75503
84161
59237
66295
63316
32688
50135
68111
43225
63327
87329
26791
66104
67502
52137
36499
23376
59767
61987
6535
46821
77035
32751
44322
56980
29074
42570
63156
86873
49572
25346
63667
37315
83878
29207
57164
59880
69780
56333
63827
87625
61885
55053
42101
55935
13320
73744
88430
78618
69567
12626
67293
24024
98702
37704
98468
51409
14915
9314
34241
90117
86978
81238
93653
37980
23661
89476
82225
38294
94972
76618
53596
3434
98160
18910
84935
21981
90650
88386
43660
55330
54140
84538
17305
36945
58052
39642
38612
46173
30739
5754
44965
60466
22091
73709
646
80647
61400
4120
32273
23843
91518
50135
83645
92948
59030
63859
25864
79792
52769
76486
60758
26529
65653
78911
35977
2440
63933
56708
79928
84019
50864
36051
7555
89217
31653
93129
81342
24450
18264
4288
60581
86530
56112
19816
63811
4004
892
24356
77914
94193
13778
58819
93404
54252
44996
18436
94812
43180
37732
98206
16714
4691
24191
48254
72979
55466
42579
94427
61295
65901
82516
1414
61528
48481
15905
74228
70416
45837
15099
31972
1547
39576
78794
85735
70241
92044
42647
53303
44221
13217
98316
38162
86717
20057
87573
55889
62338
7857
46837
8345
61425
6464
63061
12013
11676
12363
97291
44923
38347
70768
48019
48975
28080
5760
96658
77137
25897
38456
78013
80935
12819
89276
50206
48077
67584
44354
14696
41470
60907
60015
11889
62558
98999
6754
70547
95082
76515
66780
74058
57877
94752
97723
14956
73453
65197
49341
10081
80957
23398
10436
29992
23881
29844
65902
95525
72148
56258
14983
44429
67321
97667
55820
84016
78331
58878
85461
49975
21325
35212
1576
622
59116
64398
20136
86182
15096
74320
76753
82880
18242
34272
33738
18071
50470
30022
88007
32714
33097
11229
98398
38823
61531
22351
6736
60210
38932
13706
36624
14575
79736
99365
88756
45745
21822
9814
70875
59483
9707
79719
80429
97828
79505
32102
26186
33049
63928
37749
33546
48308
70870
52746
16877
10096
36814
62752
39090
36764
57661
59926
47250
1389
37695
62178
3143
18877
45516
87993
96249
40656
59147
28524
23006
53377
30799
569
59318
29429
96165
73687
96281
1182
80160
88316
43704
26989
82487
78659
8930
59069
70723
34110
1822
49781
32469
79039
60133
17327
28958
7309
87533
75935
41499
92889
89161
42345
29739
63499
79296
36245
3434
9661
40599
83974
63644
46067
21229
49379
18473
76154
36389
66856
79062
37180
69932
25036
26702
73224
20908
51760
40436
41991
470
88856
86153
20346
59683
87271
99154
1358
97249
18987
99363
72685
55635
61062
93511
17848
86137
86402
57810
10754
98853
52804
70919
20676
96872
4319
22956
64125
15643
56515
42591
27536
95809
61442
9191
51743
97820
43298
86383
33958
50224
17114
78904
17401
67493
6377
81544
8870
31525
8853
87087
34505
93949
29681
43137
47665
17936
65477
23474
55364
64314
35029
85714
40734
76396
71826
76876
94192
51871
41767
20028
42839
18
23852
60529
81739
73900
53518
53183
90494
22774
14086
32600
6790
69427
8085
33587
66127
18304
61526
33806
32343
19823
31019
69643
15195
31399
38169
41005
95666
29501
87352
56999
89757
88825
44248
34486
70096
69152
61398
73764
64418
12293
32979
32589
50227
2429
78924
71307
68310
38239
10749
75887
90345
7961
87685
23015
68999
54208
45333
50339
35731
12512
57516
60993
35422
57087
42843
17964
25179
73599
63490
96974
56906
87761
69388
20049
86844
98429
19415
12766
52475
66861
72694
57427
18751
11464
66653
81795
1140
21232
65487
15887
23819
11059
38032
51905
54776
71986
97167
93140
59586
60960
46128
94711
74749
13774
18981
2583
38572
67635
36171
70569
34793
32567
97863
68869
39817
89
42241
23958
90433
61047
16823
3946
8111
47602
73155
45846
49728
17482
65273
14857
1261
26275
53180
91515
20733
77983
82678
4977
92482
64070
43223
33505
85061
94917
81094
91251
13195
69162
12087
54686
29744
73209
2707
98539
44136
42181
86599
27146
40619
73134
52854
21090
2362
21313
69308
8518
79387
6348
48136
61834
17411
37264
31475
26363
17823
83318
18885
13193
66508
81903
32651
80565
5395
10586
85113
28052
23568
54641
47378
78552
91384
55531
64357
19347
11215
22132
31143
63747
25609
72576
11864
6846
21026
50253
37274
92480
41734
76343
80715
60817
23295
73406
60638
58716
40483
72288
15694
91775
36200
41256
84949
24746
58970
69584
70450
61879
72907
12128
15147
95690
52175
55138
87583
93931
70039
25804
59539
55141
73311
92633
86317
47224
73925
86560
55256
17977
94893
5641
78863
38927
6438
39367
27547
84353
87626
87118
47876
51442
79803
75394
19572
29605
61196
85024
8642
68157
85822
66706
88676
14678
12749
60553
18463
43567
54938
37725
50820
72409
14327
52472
66986
67265
33264
76220
89252
12808
27591
3229
6305
82920
77928
8097
75338
97916
73060
56711
86027
88901
77918
87099
32155
28187
16964
64185
26177
45884
20903
83979
29415
49900
36298
75466
37114
27330
8408
52307
96341
84976
95771
95834
40565
82592
60400
5756
36749
4652
85214
20547
70506
98226
51698
61918
94491
27228
20317
38798
50301
69078
50042
43368
91904
43611
73813
56404
46622
2462
70982
48007
89508
20753
60370
1051
93130
82083
46533
49562
67786
11208
27435
21525
60670
356
13472
31189
98202
74379
80974
9886
7013
69610
2005
27262
34933
52403
3929
96954
8778
3996
59133
34287
33669
37206
31038
49753
37855
50646
68788
12408
80695
70754
71012
39092
41643
28516
82697
91548
30138
42624
58201
72243
21488
61096
40994
19898
18747
33107
66118
40726
78153
49578
40783
63790
52074
93148
87856
23463
69317
63718
93333
47556
5590
68566
29190
36258
98597
62912
85619
6416
69705
12381
66815
66154
45794
86890
12799
72573
96212
11140
31006
4748
84528
28061
34254
31116
29971
7221
87018
48495
40660
59234
22230
66419
49290
10645
66652
52921
31905
4735
21300
55834
47488
59701
71020
65772
82762
74628
17995
65184
80348
15283
27250
58177
32712
88585
63028
77528
34312
98074
6287
91375
75894
37123
65755
10471
90150
396
16864
35148
20238
59877
40667
91477
89840
75172
57260
24826
57040
68481
48353
55342
89226
21833
68146
25377
31983
64053
33707
60705
47617
89123
18609
33831
98447
29924
79939
10364
93945
60549
75622
82366
57764
82847
44946
20471
74615
35772
68336
57539
31324
38201
20487
65830
49720
50945
2149
54061
68977
40378
78487
26096
66688
56158
87530
31114
41267
6835
93030
59915
95232
46896
30881
96491
92858
65986
97577
6379
76887
47674
50761
96210
95717
76167
29380
9416
68635
52778
84110
47502
27774
25878
41386
53567
82061
49526
15678
1606
95316
13831
79203
67779
42742
8420
62307
84428
7320
23996
72971
83734
53367
95770
77173
21302
89616
82276
30379
90521
26778
78114
62479
88489
22724
45527
32141
69354
5509
77313
14429
43332
50308
95971
11063
63056
68471
82981
53467
87296
13860
44952
2095
44638
79806
376
94135
32004
48704
20084
63950
99784
19146
25157
74828
17201
51351
90714
45055
97215
76279
92952
78919
30006
9566
29639
33425
57395
84707
14117
52831
6634
28809
43083
76660
81826
76018
17840
8682
22348
51392
137
20650
85424
13363
14644
24186
25150
21143
93861
11704
77756
37926
56252
11016
20908
66032
72089
35071
50167
66950
36739
47296
34586
67252
57315
70975
76063
48496
93002
41182
33511
82031
22707
45822
76142
72302
93494
16642
94922
5452
8275
36252
90845
2413
75074
68708
72556
32066
55752
15793
3929
82768
58514
55397
14653
52840
86063
18172
56047
43668
48123
76653
28141
52678
78192
95724
15219
10429
34874
48605
72538
55446
40149
44714
58675
487
56450
32173
92178
88607
98419
43996
92744
77208
37253
50742
23517
67309
31169
23301
86239
75322
60594
51253
57329
31621
8110
38166
24220
79349
53488
62126
97192
7146
43255
48482
42619
13800
96721
14165
96390
53889
25993
67440
45249
4126
83909
50932
15425
27450
72207
47909
79260
11572
62366
97215
94851
88896
87385
27054
92376
18283
7953
12828
35118
36292
46804
85597
33953
88770
8123
9716
70588
17003
26911
32349
49328
93154
6003
53203
47712
57177
22741
96769
7141
5578
82866
85619
44780
46039
53631
53723
26414
69667
21789
78106
45936
13164
32322
8957
57322
98311
16979
26654
19327
62490
77321
62256
84661
30016
47887
1697
82892
34181
79342
35198
95542
11183
5687
29539
53425
61184
40817
87914
35139
54400
83301
921
95214
48804
86413
36164
60832
97046
95880
49400
40198
96086
77442
44650
28257
20609
957
14763
98152
51933
70830
92233
90324
86590
82564
34752
7477
2782
55531
96137
57494
29064
91515
64927
79188
76400
67042
35857
43603
11722
40865
85846
38300
29941
95000
99455
33740
61036
1282
32816
60227
26054
89762
83205
83569
91068
10596
8624
66240
51660
28687
58050
41514
99743
91906
11133
4571
12515
65461
51856
53567
65100
71160
86429
11068
84984
53932
60383
91589
83108
1011
46440
1499
22715
35910
31439
39302
8309
81357
88120
65804
58417
69616
91942
83035
82815
44331
38557
38035
83866
94883
21225
95575
49425
79248
95126
54893
3333
72136
98584
37136
50212
17034
83131
50648
82246
56550
18799
63833
60466
71831
96261
31157
77341
86052
95149
95484
79217
3393
28253
40653
15374
22347
7723
88225
79786
50865
52073
43466
40783
76545
35968
36172
82773
50983
15591
41383
86485
41293
789
26264
25531
74724
77568
12034
98621
90068
18233
63372
84098
99642
75676
99939
43883
57931
21761
27865
9310
94906
70862
31381
4476
75332
23049
83920
35862
60089
48384
26357
70461
53765
8998
37923
2604
1989
15121
40650
44778
95688
89603
89718
32631
88700
59368
41141
869
36029
92289
24841
29222
87726
32072
91578
70431
69408
21787
50198
51675
93648
76171
38532
41684
91875
92911
30332
90643
37752
97335
41893
42809
81111
83086
13621
5303
81144
98749
15775
15964
81907
83051
99833
67799
23542
97135
82735
21693
17420
67491
33196
80201
64923
88975
51130
19516
51070
48033
40756
95789
29035
50497
63116
38694
50395
82032
48111
4639
18450
86275
89287
70659
6011
34234
69767
10597
76338
70733
18142
94740
10176
8639
73223
70260
64138
61692
77886
92135
31955
94105
54232
33110
57992
19986
86929
31409
19934
61138
17403
41509
49024
78095
3242
31144
78204
62537
74189
30689
19207
40533
43178
80337
29891
46016
85613
20395
77274
92856
74555
88703
4146
55975
72683
24345
32042
56177
12666
86025
47304
38358
90663
15199
53329
76632
45715
32080
5397
42078
92056
1601
87502
47197
72928
91422
50926
73895
3218
11976
34373
66534
54135
27078
86583
28700
37363
93049
5411
78896
99102
22027
49871
88164
83384
80849
49870
27978
27008
53259
300
53532
14997
35195
799
72954
1200
56948
83046
81261
73419
58146
52958
689
51652
80770
84223
63584
28616
24628
39268
52666
26668
26501
42976
70028
51730
99338
63812
92079
41552
22947
46887
49959
11675
80840
51536
18939
26278
13629
27499
80414
10002
24150
5476
40955
69068
49181
36512
2614
96625
86285
99362
2379
13990
47634
26863
88496
92219
30770
21223
1862
93136
90967
39708
50471
11259
2999
89014
70811
29234
65284
37306
14987
97129
58854
42663
2518
21024
2021
959
2549
62825
61198
95453
55267
23584
44507
35968
64040
53976
63039
26720
95507
92405
25636
87278
19035
84441
55005
29695
66069
60167
65700
73379
31341
48978
84375
5250
55136
4971
24345
67472
90197
29810
18674
39036
31937
95513
84441
26886
66751
67030
24973
16834
66194
38563
41798
22582
71492
71575
23628
18077
66019
72325
34890
42381
97125
87818
64112
6288
39209
39257
80832
59069
29631
95567
36522
65696
73730
86600
55340
23521
99999
28118
62944
99039
35194
48865
7185
92777
7180
61793
33757
83560
81342
6268
1453
17872
94920
76293
41911
44118
31401
78153
87677
27493
86198
65903
87203
70627
2041
76101
48851
84892
16235
107
18077
37900
9381
35851
7187
48259
80633
71334
99108
77415
5499
97271
77726
23363
94113
18650
70776
97437
44688
11221
92119
21846
40440
35450
12840
69290
61662
36557
90736
31078
12941
48865
67325
81235
88190
63552
8490
59069
69105
93651
63485
60067
79045
10261
21993
88926
88176
63840
76513
83390
5325
51414
40203
5013
7987
96230
97460
73930
23010
37897
86597
44076
80597
68029
64474
56634
29946
96491
35172
30561
10159
11706
28331
51036
47736
32052
42801
30178
13456
23914
81113
97822
60043
7346
25752
61527
8662
62312
73248
91960
66092
34560
36059
31208
7054
19409
79470
11015
45787
65359
58980
91685
28667
45952
73230
93618
23082
89166
57276
75935
53429
67281
60473
99096
56783
88774
84032
73250
42276
2946
47972
67634
23242
43212
64468
75599
75647
97123
43982
28327
52582
31786
84391
48097
64934
89427
69154
14090
34115
32133
38444
19495
5035
97313
38531
98810
74086
36963
74425
18280
35376
6219
68738
42840
17387
91345
68443
85455
81484
97631
17971
25959
45184
28949
23353
21642
82890
12376
34162
67355
19620
69942
39135
10143
64502
28476
62599
25929
4680
65657
1512
38684
22698
25702
92950
46362
63047
41550
30709
73588
20984
83698
32606
36483
14162
12484
74311
76085
73959
16888
15920
61710
2801
7069
98659
65434
67084
58595
78338
88910
28746
42513
80774
15826
96119
79287
3261
19482
35998
76990
58595
41339
81666
60573
46370
35921
37335
2651
95980
52017
54165
86513
51969
87792
49737
39801
35883
15628
27042
27516
79278
4452
63212
41799
44841
78471
2924
16779
40364
34874
9223
54829
40086
96969
58293
74580
80044
42227
60698
62738
28098
64432
62614
26320
34745
42233
90543
92982
66089
56317
43404
87632
92440
8482
97712
54142
78127
39867
15732
67899
32996
20555
62287
61105
42794
99336
46427
55000
29499
75156
59757
93656
54930
64303
99417
14845
41838
36892
7053
2608
87927
9941
50690
84046
91470
21590
62388
31603
99257
4150
96453
40176
26494
92798
29741
7543
2145
1508
83525
35409
95806
35543
63483
90933
96559
49747
32702
28136
9065
82866
12304
41235
32814
13124
79972
23055
69865
78240
69635
21203
36947
14823
55743
25348
78703
19581
67161
62131
34561
91874
12700
40329
53366
71643
6801
52384
46458
59757
87487
41723
88888
34252
22538
16391
91846
55217
7362
13369
12826
6686
37677
23905
31873
62322
98462
80982
79800
38134
12229
76978
82586
70570
93575
17191
70165
71974
87869
61170
6322
27587
76596
10107
90752
27912
32314
2694
92284
39352
33502
23485
12218
53792
49304
27874
54196
88795
8456
91044
73180
25819
72584
8324
47527
10509
59136
18318
40676
5347
46225
19871
67348
46191
7046
85239
30090
27570
33152
3961
30007
95767
88697
40447
4632
88744
64759
28793
21265
65700
62994
81370
63518
96824
87990
80503
55003
68272
62579
80243
68775
13996
62018
86937
93126
13630
56136
66027
46745
64065
97784
26626
55643
4494
61036
77412
37121
32136
3691
58783
45749
30343
97052
74975
42352
64855
56353
70523
58201
26543
30236
61818
64990
52908
35186
16010
33749
1760
47321
91001
32607
98732
82048
57199
67916
36368
25726
59023
35788
10577
43382
22866
64580
3796
34493
38431
16944
87042
44584
28271
57277
85613
7825
20202
33829
35965
61635
2734
69308
45026
43662
35361
84815
12690
26175
47017
48294
39852
7059
5984
39128
97329
34735
47624
83160
7369
97238
61193
18415
96754
99066
46707
57175
19050
33723
46994
90906
61845
23370
31951
74732
22992
89714
90761
66914
8021
38051
51889
77620
87476
90137
77091
79983
38600
89142
59948
50877
60201
37041
26459
38727
441
84319
72554
45960
96955
78185
65764
78966
79181
56110
86448
16482
75108
31251
16136
7615
43973
80709
75139
69318
45348
83573
30939
6617
21974
66724
18574
29907
73775
96116
30705
24803
96910
93223
74290
38673
17160
44801
69959
29835
72286
72922
98438
31365
3688
60609
4875
7349
73006
52333
6903
79492
61902
57141
93379
16868
53379
65937
23986
30231
59611
35857
5191
83064
25405
61645
19571
81884
56960
77462
90454
99171
10750
45304
97032
72425
85134
99574
2928
61364
61849
11225
56901
21442
89212
51213
62901
39768
99844
57422
85293
51222
20815
39728
70223
36429
67731
15374
5959
42043
41037
22990
50388
95543
61878
7732
68742
16597
60109
20953
31734
53805
63008
62621
68381
48386
78955
83748
93851
74192
98743
79803
82040
99538
92169
39231
78356
71021
75080
60602
4694
69760
93614
60885
20326
38858
60836
61358
59564
81480
82471
46303
79659
78891
25688
31487
88214
58193
71346
21837
57473
83982
21522
31767
43299
61234
40950
50850
3374
22646
29375
97720
41517
99506
16258
61974
60191
2122
42295
29523
87549
17597
24184
12370
91721
52439
144
3149
73849
60681
51017
20162
99675
53243
3128
20712
48237
61846
17585
59092
97908
9985
57983
36918
52105
84750
4786
80152
62632
63714
71296
86091
15898
41822
34288
39876
59797
9151
40046
90859
61090
37800
77001
42692
71628
9213
98045
88274
96377
95546
13736
98344
84536
83202
31615
77563
59613
87266
60265
6970
47653
19991
40516
10135
89385
64926
4263
57852
18954
63252
60914
39086
21800
26726
98001
60107
32984
15291
65289
42891
86705
16512
83774
67086
49978
72951
1554
32695
10207
56724
80263
72531
48885
33075
43206
41098
97284
66865
53307
6702
4949
40192
69319
33125
34631
74650
76544
57810
85201
71507
44578
44322
21976
17373
20265
31141
36217
73429
60157
16433
63371
71567
47644
62230
82989
88382
90200
88724
83519
56903
62822
66119
61983
58587
37942
46512
47193
50648
32454
75328
96406
43743
47494
38700
12145
35941
50554
31511
12810
12065
4881
23854
6708
36873
43330
33382
92548
7088
50136
46248
84449
87820
74291
28298
8684
78459
82338
63389
79431
73752
83947
85568
40974
84829
20027
19628
24072
8944
50084
47048
37828
58689
75913
71454
52021
38968
59410
25109
15257
4559
53964
40104
512
86206
90878
8586
69452
19196
30015
33685
53602
87165
52079
39058
28117
19313
82879
21879
16846
23701
9309
83603
57004
3088
8420
25760
11906
2837
76276
69716
19049
57229
48132
74871
19788
43843
85055
54768
93950
11440
50176
4876
78929
16398
93445
50662
6609
36854
43336
32708
56089
37531
8262
91555
95250
70360
83099
97424
77785
65118
96679
66614
42920
60298
14636
96372
39033
77208
19270
84273
34257
28110
27928
5406
73525
4433
4674
40605
9642
57757
19151
75052
59500
43567
13627
81517
48966
56576
79621
49427
60743
87631
76982
28832
14761
83561
61956
18630
1761
97072
11629
29400
17584
59062
98451
27978
9602
2856
18029
90817
65686
42494
87781
20028
45967
21627
7114
99352
46671
33118
47406
82456
97586
69842
23530
46625
51128
99096
90644
89964
42476
86043
38843
12569
46127
89750
57467
438
45116
85649
71915
46110
38546
88803
83741
18249
99850
56954
82864
93134
76447
62604
71958
68643
49666
29173
31814
47741
35532
51825
76850
10506
12211
28065
48340
79642
3650
75211
73900
56216
64159
6675
54235
61022
61203
1295
43909
8782
86101
5280
46775
94173
16231
97510
13517
79872
14085
70200
62903
16954
57936
9726
64906
93290
8798
61409
33898
10481
40463
4099
14599
24638
83053
26647
28974
69771
8368
10936
7439
48370
85263
23031
61640
30251
5049
82676
94274
14701
14548
68468
65557
33449
12308
56945
98280
54433
41769
60944
52223
99794
67397
33428
68319
82001
90681
22137
11119
89583
68536
43745
71504
3148
62761
14532
31691
34904
48085
34654
88241
26122
67134
19197
95933
71995
38542
81149
12330
26108
28366
74540
28002
47423
58712
7645
80973
51835
54711
79638
39570
82912
71556
4690
46165
70802
96963
62408
70688
97775
25253
63376
6347
7115
72703
26100
32660
48200
37494
96324
43459
9531
9806
85011
61216
93995
15743
24080
44435
55116
33559
79856
80193
68447
95084
5328
54565
62443
73032
25130
75031
76134
10461
14555
854
64990
68193
20886
74720
32611
74985
32773
14340
58387
36178
30038
73105
86545
43474
52170
55059
72883
17972
15571
64215
45397
83183
37900
12030
67375
71535
70216
75167
12364
21293
67325
99069
95251
84156
96225
25801
94856
49360
11823
80131
786
65516
21805
32268
65045
32223
68020
18969
20861
70071
2148
58161
94890
50339
55456
81807
30292
8855
7344
61076
4768
57605
1975
37094
68853
30968
77853
2388
47248
26368
60202
23522
6148
35440
63428
79880
61377
5631
46985
35151
3514
51247
54305
42293
19144
9163
4179
44911
28699
14418
95509
86000
42015
50746
75362
43181
63540
84711
63415
34077
54369
65632
71721
94493
9868
78625
52012
59449
86911
75575
20429
24661
61870
72193
57562
53521
3299
59682
17949
59689
26789
32942
73688
32829
30859
74201
81507
55401
60077
20247
16340
76665
42216
12907
80782
37882
79525
59812
32424
40519
57151
44729
58000
53123
93988
70847
24129
69822
93184
21841
39882
3858
66762
3725
7288
21427
91943
38891
63634
35666
97118
96610
99372
66663
59235
43764
82444
48963
91410
19679
73995
43487
27258
77429
2538
82059
74941
20564
38841
60011
50072
11684
62217
38236
80365
12482
9903
38490
5619
59355
45938
40634
96177
96757
43401
60540
45357
91336
93888
50224
88402
75166
78412
73504
47845
96395
76599
89332
1187
25228
46485
71379
50
3623
85594
85433
34393
61136
86298
46753
33860
43954
43343
32054
73741
33360
47309
30500
34028
41997
36701
83604
26676
88616
71608
74905
33272
88712
90390
83970
35882
20571
37303
80390
12870
74559
40584
92554
11162
57967
26147
84221
5037
47134
16364
44448
31823
46357
99763
14485
49085
46099
55303
59189
88527
62880
44703
11433
32014
10689
52161
45680
70746
2328
10871
13289
6651
62952
19184
99181
92776
54754
19337
76061
15850
52480
78566
79541
72252
27160
43082
86915
88948
75905
34884
89782
65267
78113
91863
49989
29856
29150
60540
473
5806
80466
13475
2709
36262
3074
37797
68870
27172
581
21708
94330
26761
79242
43339
36046
84313
65161
39180
4854
67607
65245
56731
94840
67444
21088
48021
28538
71088
69194
69325
63625
94214
18864
70254
35384
39005
75857
43278
69177
89362
74211
59742
88367
54196
40553
63021
86025
34773
55817
65676
64694
89969
55686
32866
40560
23734
18634
35265
15174
55053
9259
97782
57978
31256
58082
116
7896
8987
7955
97040
8455
21882
70003
15491
93395
5503
68364
40644
26890
58067
61996
93764
15270
3518
4631
73656
38528
85998
29693
11650
20371
40592
28104
14124
80103
76428
1764
57110
96114
40436
55124
77037
26818
58777
57220
42811
19966
40194
39470
35056
55369
77989
8374
57107
93057
15494
82511
54459
26625
84426
61588
21898
79293
96304
76668
67863
93778
55878
35387
16966
3739
11253
44529
86453
2942
84958
66945
56493
46298
61819
53689
98333
46527
94637
56280
42381
32217
70997
21067
64608
93917
47305
30485
11688
78848
33225
97743
30513
82108
89356
49033
64087
4806
22503
31317
44115
33459
21921
54164
8098
48549
26017
8160
64805
30736
63254
75371
84656
40024
34287
35646
22781
34811
70779
23049
56434
80767
32841
7604
69716
87215
36431
74385
56942
12786
89601
93527
24023
63319
12165
8921
10296
16832
12969
16059
67899
39144
65680
80951
15594
57854
13086
90489
47821
53709
26251
29276
34027
99454
74882
63347
618
14316
84447
20882
12117
51631
51218
52019
41134
69727
51347
21337
27859
25365
25350
5948
21842
54720
55149
17290
15087
51889
92010
11862
74128
45942
26564
3232
86534
60325
59499
24569
88436
48817
8303
95979
32384
92086
3941
16268
87926
13661
39817
45866
6506
91749
62630
22455
28359
20302
7434
79307
44304
57592
48260
48728
22305
72585
46753
66175
25067
47985
65484
80809
10227
26777
32900
79041
17061
29370
73564
29755
50778
38881
29363
1426
12072
46143
5355
82379
83311
4109
74872
66231
52890
80192
80264
30844
557
59575
73673
59799
45332
37766
91201
39940
48176
59007
35639
79728
58849
83588
5393
98989
46738
77678
28528
5423
28229
46833
36655
76162
67230
64374
82863
20958
73112
99252
27919
30035
46513
2056
78484
57486
55696
13765
84423
13012
47680
89422
53249
53065
10504
25626
23530
99723
98715
75883
19493
75211
51664
74841
2614
53723
22919
97511
92568
80958
54902
70242
66828
48924
31088
5604
33215
56793
5104
47907
43292
32973
93255
15515
57743
38806
93584
83590
65657
41603
40844
83140
22242
97228
79759
52707
78370
71671
99441
24760
34567
58184
21196
3465
58110
77437
22594
4324
21977
4900
92410
66736
94619
50808
32591
86519
81955
36148
17098
63808
60139
39329
31854
50964
40113
71762
48000
69599
69165
78380
27233
61543
57352
80343
13340
85107
11777
89790
57405
80305
16212
89259
61612
60756
49193
74107
88520
71434
64636
93239
70752
42222
54573
35632
64621
95237
26330
70231
63351
86347
29437
52994
35159
43596
77667
30866
9384
14276
37468
47484
74741
92164
78743
36792
47596
70880
77716
71098
1771
66006
83241
76565
4962
75925
7628
85011
6970
21719
15722
18102
58776
41546
26439
71057
50868
63217
54099
18015
83089
18326
64722
74244
33966
17152
18498
78587
63479
17781
88036
93740
17521
55232
68459
97345
3105
52871
48031
59234
35968
92656
23896
87665
98554
19365
88707
33195
65725
7685
85923
84378
16780
59700
88009
83445
1283
8997
42598
87810
57427
29040
21532
89188
33682
21981
581
3544
73086
29094
67951
97996
15185
94865
82047
90432
94429
77057
75690
14601
28444
85302
12862
55793
31858
3658
76959
57820
67223
85013
96062
94108
10273
60221
1807
6928
71123
34708
53982
76572
18784
85162
60108
36631
39733
87926
69192
21915
77653
97576
89015
24225
33306
27997
59365
72124
16178
65738
57330
30024
45021
42760
36321
88072
33032
73843
87723
54963
93057
75118
19308
59721
23075
99117
95816
43281
25193
76231
16060
43931
34465
55044
80166
69646
95998
71836
60801
82276
856
29682
90749
5385
77377
23958
31551
76023
48841
72035
3598
65890
203
14228
28858
2534
78267
29293
1150
34189
32180
16083
46930
39947
49678
13398
95558
89977
62593
66674
92074
61195
13041
5447
54107
63374
84368
13923
82344
99117
67566
19793
94440
53157
72632
50170
43728
20237
26185
77632
91379
66704
70686
26612
50095
84773
82751
50802
55707
63979
28399
41573
13429
82166
79961
42403
52848
94756
60121
65483
18165
64344
46949
2033
66622
12387
21642
93772
67314
99507
69670
75321
63791
84961
75295
25369
90508
86429
55351
69333
80623
33566
58215
18364
70717
25992
6363
12273
73196
30228
97321
48971
60115
60702
59466
27035
19755
68653
59989
37708
63130
88979
83487
56199
94308
53077
77782
28467
6871
54591
51894
66419
39404
90787
84860
84599
6128
28584
31315
40630
6023
9368
20576
37086
2186
20698
15206
3088
25495
48260
5614
21855
26439
17643
6203
91643
50078
2016
24055
17639
48210
77895
5402
18605
78334
30902
9567
69328
75842
74866
20906
91170
37337
19359
31684
53761
68402
46401
54013
73610
37871
74693
2972
58611
48976
30039
39979
21761
84584
93216
34521
4112
4528
13675
92420
28128
3966
1970
58752
71283
11131
45878
27246
50629
27353
14444
84517
7080
85959
52441
23240
3676
48002
50445
79767
73516
74923
46790
69628
48295
90922
87806
84743
82626
40344
16794
86641
23661
26938
3555
49795
66432
87649
82730
62479
91993
47447
52342
31258
34532
45521
32899
35801
32142
69975
30844
56109
54083
33908
18903
53205
57175
32342
10456
80360
23324
61134
44620
10284
10558
27802
60855
80141
82403
2646
56808
16027
65272
87966
87773
26069
22580
15532
35095
2773
58023
52004
52600
12650
9500
60684
32558
89753
8034
50350
92619
34089
77192
2369
39154
30859
2826
42057
20699
6730
84665
52757
53398
29496
13166
14817
90837
66116
46134
92834
30624
41642
97247
7683
22336
71320
8533
31969
784
49873
95243
71102
72106
32053
10026
22719
38834
62903
48811
56914
23242
80522
94832
28364
18107
5266
98606
23104
99484
94682
69847
66441
43619
15200
19725
50976
36841
69508
80032
67833
22325
70856
41273
70826
11487
13563
80650
21344
19469
90447
75982
27934
17305
89220
69591
50102
46810
68882
89576
17070
72714
85429
32485
6102
80025
28801
27483
56906
12327
59050
85877
69325
82870
80977
34588
52385
39249
24006
16877
4543
24616
77261
3634
9037
18699
41913
49136
54398
45608
69623
4166
67959
79932
62962
95119
36896
38371
35171
90800
82685
86080
23744
9017
60419
4569
6657
45063
36327
54631
17205
10852
22803
52005
85032
92454
95452
81795
23448
87402
38111
79665
73084
11297
42703
54883
17918
89392
19908
85858
97691
14014
4078
33205
34191
18462
872
68243
43214
4467
12042
96850
12809
99766
28403
58771
81362
15953
94900
70508
99667
55101
14922
47768
52688
3020
12996
12446
66314
5536
86651
17264
25155
50469
56940
3191
6774
89597
17813
66569
91581
27209
38580
18981
75359
41261
66855
73317
82894
83931
73520
1964
94492
49400
86190
42590
99091
56309
80516
31171
5466
88425
1928
37678
17816
94778
71695
62340
42826
25212
51996
91765
98140
28330
78926
72458
16520
95941
72409
11427
36164
39679
29552
82382
32015
84686
22772
75755
64278
14349
4099
50464
9081
86641
61103
3156
25280
902
1164
80581
69566
4515
30490
57682
31935
81755
3823
66161
70473
13732
26070
3150
83900
69089
95007
65787
58873
19546
5662
33129
72006
95940
98062
28477
21112
1531
82683
11498
67227
75770
47177
15617
94776
91828
41860
31648
9188
71869
50447
50259
80862
56610
5281
50545
88278
949
66564
39991
91633
95316
44282
5734
95239
68035
8574
73626
6453
2013
36569
30403
99071
92325
98934
94703
66555
10453
8373
92072
27228
63358
56598
87003
69098
55403
52266
15395
90658
47516
40199
20163
34967
42692
19864
71910
31487
41443
20377
26741
83253
68234
25195
7175
35300
20044
51188
88537
57676
10577
83990
77824
92575
74492
12762
28275
38717
57279
36635
39836
15769
93178
82967
58936
61813
16406
95436
56379
72460
27023
63216
25111
90076
81632
8818
58993
38163
49423
51703
49054
4214
63728
57719
80081
63526
62374
27587
60475
29929
91589
33192
74208
4807
80540
10971
90074
85267
66258
45361
18894
24607
94808
16077
30653
47361
58878
87748
10943
65673
53768
90111
89294
5575
87581
35621
52040
35459
2885
95410
99438
88818
34960
26449
80870
93830
89008
20303
9535
70660
18744
73726
71905
4061
32809
24446
9406
47650
27065
32719
4647
74626
16644
94802
76160
1478
43898
68632
17226
44918
58930
54615
82381
70848
45922
30075
89646
68359
35207
36823
58353
38575
78212
40282
46928
80042
18206
85232
72765
63134
26215
4390
8393
70166
90762
24812
72173
40158
50288
79391
49931
20375
3076
64617
11729
64128
91344
1057
58139
2733
34799
41046
12443
90242
74366
66071
96413
76361
47873
96118
83272
58665
95867
54092
18702
54540
46221
12215
80085
21110
57902
49488
18071
55815
86891
37978
35499
13595
28552
82800
88698
17149
27093
70031
28334
85169
91946
18150
95799
24690
28398
95811
92285
54170
96119
91266
24507
48983
45914
57189
17906
79128
20971
37028
44831
85311
22975
56627
3351
36388
30572
82818
47808
65073
7419
66123
31571
25835
25758
33533
62593
28071
16416
55394
92711
62090
57203
63900
59696
95624
13470
86515
67680
71363
64893
9570
96177
90064
25200
43022
62194
35318
14798
59411
94118
45580
48002
27211
46751
29996
59694
98672
23225
12381
94595
89835
62712
65577
44317
82740
28108
59074
96931
7727
22917
44057
15137
76444
180
97848
69945
41507
635
82735
71339
27275
13272
57004
61276
47131
14087
29991
17149
29699
35930
14798
63289
55299
76768
75057
46858
30600
45747
42459
14914
3119
38387
7071
36494
50060
30442
71557
27031
48902
60050
18187
98036
40490
41042
67320
76562
5707
4300
97186
68652
98117
41924
67231
71796
8118
80768
59838
99676
25122
50990
39345
95759
58175
67820
68219
88888
6201
20510
11216
16688
42529
2959
68247
69649
17742
16761
22798
14257
9448
98495
41151
26299
48561
73806
16797
61195
71155
35274
28375
69291
70604
71881
1909
97912
20704
22427
39861
72669
72823
78432
70361
85196
93084
80498
26123
95157
73677
97582
54054
91356
57969
45580
90227
26627
9838
13045
47198
84368
51023
7024
17732
70926
92135
41924
46083
70647
1050
70334
48944
95315
76900
50128
41434
31016
28133
55954
33215
68063
47683
21639
87517
73572
81220
37018
11321
25024
81654
75281
88073
7659
75229
55492
21645
65798
60699
99434
93061
51160
34415
55475
94106
3342
48637
58738
14456
7841
4146
59210
98493
53884
79830
79135
36685
29384
19506
44160
89706
55117
30602
21059
88993
25768
82261
41285
20085
21408
28482
75635
70317
28699
62893
82055
33647
92208
27532
84174
24934
22481
22562
3480
20877
22443
76787
34189
27828
96094
18807
92261
46292
16538
9727
37944
20557
13356
66481
68337
21081
7352
38652
93048
79358
28511
88893
69794
90990
97775
45487
44476
1851
35331
19225
67224
32554
27121
181
66550
48980
48072
13456
23991
2601
36221
29343
53778
18971
24949
61497
20291
25726
59194
63093
17582
83828
29514
24122
92365
33550
6993
43198
30053
50606
74330
90409
10960
97313
42502
5389
93435
13174
99931
19356
73008
93895
14661
90446
43136
99168
35114
50822
66041
36277
25195
18750
42657
72237
1642
83396
3040
2999
7815
33000
41987
4874
83403
73385
28270
45811
18382
56465
76468
19559
68061
7117
25795
39837
90085
23687
69167
39067
80985
93197
98435
56170
77156
93775
25411
55580
47752
38722
95670
59106
2348
90436
5358
66931
77369
68134
10492
41276
62176
97324
80785
78649
74354
46481
68215
18077
92954
2819
82152
77955
14228
63973
22013
14618
34564
85816
27718
89627
47973
72690
98059
79660
60794
17361
17211
77625
1759
58864
62468
21950
13195
27891
76890
83660
12412
19786
81816
30674
25559
7333
62625
44932
56569
17715
44878
38374
68422
90740
32366
91552
40416
20864
93302
89485
99265
1124
17854
56992
29270
90589
16318
34090
40351
60201
64760
86336
87082
38353
2205
14778
4000
97043
64067
40640
10064
53126
23090
43079
72483
78837
9203
11019
26497
70915
81534
92330
34589
87405
84395
11288
1931
24823
1404
34970
91014
28534
4581
96367
52954
58541
51291
30068
88534
17587
87552
43372
56796
52661
79420
46138
78033
74774
84509
50432
81386
5299
7593
69436
78667
72429
51747
99677
53957
90917
12847
79176
95638
29097
49626
81530
48545
26722
90125
13941
27545
79134
22484
8909
83362
38161
35533
81928
7984
38256
33254
27156
40313
50971
53583
85715
20941
35145
17700
80524
6794
51613
76111
97617
4740
8375
47733
27699
3035
97890
97593
51310
84649
70568
22887
2251
82814
98683
86073
40505
36895
69819
91693
15700
57663
85690
38863
44667
75513
63911
60588
13400
9021
9600
7146
75931
3023
24867
4168
74986
90428
7834
78892
10093
40663
81943
42506
69745
28084
51332
2900
22257
49071
77195
43629
36975
59920
60410
39953
19050
69512
3066
52185
39123
37302
84193
42289
75049
63421
46955
99227
57946
94514
11086
50077
29060
90926
81599
75037
75719
43183
69117
16583
24181
61010
38330
64328
31826
65971
70171
16011
42612
84913
85118
5474
87361
55649
39769
72791
56469
39654
67457
6323
81128
52104
44953
27742
37984
27118
14568
46048
78321
85373
64234
75866
394
86483
28004
78113
98971
19864
10462
9078
93249
30944
56614
73033
9396
5612
62715
73411
51157
8807
18567
36065
75726
62793
35454
72076
16056
10587
26343
4707
51402
24122
37690
57239
20679
9252
5079
878
27645
61655
73820
36604
29191
58378
13074
50184
95489
71920
18346
32371
64403
41157
94891
69513
66805
28168
139
37600
51028
55927
62056
88384
93520
5755
57675
69126
93254
99375
52353
143
533
61836
45765
89501
34987
81962
6873
17347
49719
85270
76586
44136
92240
93972
40304
10245
29231
68176
90434
92510
9113
67478
49850
71717
99599
85435
43083
23436
703
43947
56930
96114
19567
18202
31838
2566
95391
5390
34525
84842
21295
82791
87881
65757
79341
17919
96143
99548
65450
47430
39895
25077
8940
59842
91030
33054
11986
74047
89902
49551
38878
83437
16644
5772
28340
80471
24569
74037
62133
37738
14853
23840
33651
5591
71215
26321
79597
84092
92376
81679
89292
43535
57985
53273
4051
31852
87174
59724
27172
98783
90579
21344
15487
84974
45963
37857
66146
82108
37417
98869
93350
22105
37415
27712
32576
16054
91426
3348
88627
64709
53457
27893
81671
8222
60259
95343
25452
63371
1721
96487
93297
64844
46865
63350
47158
93509
8353
48676
59628
33358
60174
97488
46675
93507
88328
67187
6119
30273
20696
87996
40426
83825
71096
62462
45325
62686
39672
7265
24715
50619
12405
2775
80387
40929
5571
28505
75239
74065
80554
39066
7701
42749
43720
55269
4534
55969
81218
88163
19894
93071
89224
95179
42675
13724
56061
9472
93748
84402
18024
84472
53836
1087
23961
9008
20952
57399
17101
5745
87935
59822
91947
32054
49718
81630
80294
97677
40104
15827
57928
89356
81467
51509
87371
31643
61395
17226
60099
66663
84868
96099
34757
90837
56040
96081
85229
6614
18787
34712
34316
47135
38867
75473
228
60071
1124
57169
45460
61044
33429
58383
69367
77920
26474
28667
3004
2327
13716
92318
47612
3726
97299
50437
20876
91835
25065
1110
76013
53636
96400
73680
78889
5392
81511
10793
50488
5994
51280
27300
30519
4226
71765
99055
33234
26484
26732
56837
64362
27373
93077
82902
92897
26469
87099
30589
49835
88430
54596
8392
35005
13
81155
91823
64644
59748
79494
63974
96409
15681
78178
97010
51047
86416
61799
43386
31960
98244
17203
94392
65103
68228
36747
48640
60559
13498
80783
52420
18293
50921
60957
62058
51398
42887
92294
30505
23070
79942
34410
73485
46990
62757
60428
48681
49194
96067
31854
6480
64669
43713
98628
51591
71226
60204
43289
66777
63265
32514
31263
51146
78964
27073
45680
45487
54723
16120
45611
8159
94122
31293
20315
52018
63833
43718
47401
2345
7799
88066
99446
64492
81643
74302
87750
74580
52292
9366
90832
91194
99598
25516
67239
90556
48679
83264
94520
19916
17076
14940
93957
33073
50455
23695
12358
33375
23397
46610
87757
27508
12802
40943
58977
75199
33067
66770
69502
4662
39323
71100
93194
45357
25287
54417
8560
68605
64054
29759
3338
80569
49197
27484
85268
92859
94109
66372
14037
57947
61943
54374
51182
5681
21609
63324
78391
58655
66538
92040
57488
81908
13761
89858
80593
45976
21745
48599
7786
96037
15135
43752
69321
93638
43271
7187
78311
85317
55674
66118
81089
66694
52733
11555
42718
84948
19917
87512
23747
61963
76026
49904
2067
72013
72270
21430
66808
59338
46891
39292
71113
45509
58586
17999
42812
18190
85053
57544
62410
14422
85013
93073
2981
419
10950
90793
29174
2206
47140
95645
26058
34232
24851
45822
20011
65230
41685
97307
21368
21841
40379
18972
38426
16382
95004
35580
8107
34733
68743
24527
99895
62373
25102
9325
76950
82952
46923
1647
61063
81476
92255
64601
12198
51245
13233
36880
20657
12764
97988
77581
76505
87745
36175
40568
74042
66040
54647
86598
5415
75369
82685
94440
33462
22612
95750
63685
9130
15525
68871
37058
18307
40038
36244
39891
29585
75777
6774
87180
3148
58124
14922
95343
36745
91162
48022
12149
26197
84534
35283
10909
28305
60324
96232
85693
98790
97815
31138
89585
55495
49548
27750
5131
43892
60929
59273
36466
51500
96283
10983
98265
59266
67467
83450
47290
60446
87342
57695
42300
74590
83600
37487
24595
80242
57961
8753
57982
43805
50550
41101
31770
44638
17188
31684
53600
30373
9791
51450
75815
31888
11555
60649
29913
73551
37017
51643
60838
76874
48941
25246
11447
40119
88838
14995
71895
12060
3154
24888
85931
52176
1290
92660
949
55182
79212
53627
42078
35782
29849
16917
50655
35892
81879
10412
63034
22951
7573
51044
43225
6318
47914
81108
94864
25304
29653
91650
55800
2192
59789
41539
27218
84902
65519
23638
30597
18894
59699
74731
94338
83390
9565
25055
47025
32023
74591
75555
58240
78425
51961
48943
4487
52109
81663
79613
4261
20182
97796
75645
25528
87562
97826
39885
75993
88309
89698
65752
70372
58241
79814
44140
63252
32841
56706
59834
96752
22859
34083
62840
50713
54097
33410
77374
50231
10845
37052
75108
3239
85906
19376
10415
21098
84053
49203
6775
85563
69680
49062
58715
42325
8838
5182
99999
98611
7820
85691
71645
95403
21828
82860
81402
86098
34955
24932
71430
54152
20452
89653
65147
51256
14589
62513
84466
38864
69398
23041
79199
83638
49931
74271
27072
73796
75367
20515
41874
48914
33410
78763
42410
25154
65407
79705
81411
3045
37974
24316
86142
59120
77772
52623
65111
80026
83915
7458
27735
46325
20716
61135
29212
84779
6492
88006
45471
47557
55787
7606
10730
14439
83057
22515
20741
41688
47243
39993
85849
34883
81102
81420
889
45081
36899
20078
5866
97308
9159
47046
89881
67909
92780
95549
28198
72275
49551
57631
18661
77400
34233
33853
47257
30367
13586
71702
76062
55256
31881
23422
32783
43921
21608
92851
65223
39295
60245
84130
47879
86413
82140
48163
38397
8741
17725
42821
21659
87508
94317
48465
92137
89611
21331
8449
649
47248
34162
70522
31495
65196
44015
50609
65426
85736
14263
45959
46300
99928
30326
88903
12030
65421
9751
32247
95259
86070
95456
38516
12642
70764
50043
88554
60939
83415
31285
43171
22589
13158
92201
17974
5132
89722
52634
82683
42397
31531
82737
52660
94478
71766
96520
21731
57181
5413
36434
26715
79860
89083
13190
14579
51791
95646
57879
60731
15153
55461
89669
82010
54450
71091
23369
33141
7726
12351
83770
22307
12787
27068
89849
63727
3332
42795
44038
40876
74243
28311
31372
55525
46981
4570
63311
33506
99968
77622
66183
9486
31843
91903
67530
86936
41862
726
98209
23386
48396
63379
14004
44830
21643
14126
13928
52791
99233
49463
11246
8995
51607
17003
86487
86841
24088
34143
35029
49880
7780
89863
33173
30104
46168
74284
90464
20883
59538
2913
21865
2606
44585
20652
92479
10864
14307
86542
33882
32854
90641
10519
34272
50504
66375
57187
57878
14839
5415
80688
62847
7718
65697
48329
15605
58532
30205
83900
98662
47358
23662
93044
93253
96320
27597
8640
64410
30955
24523
75622
72534
37546
261
2174
59238
97260
55591
82668
63729
88981
16406
75624
15468
78849
40065
14147
36908
96256
5046
33946
80658
30406
87879
86523
9192
97597
17266
37951
22906
57734
92776
26922
90316
29792
8153
25300
7456
63522
89091
18344
2941
47536
20170
9681
30952
48037
77576
14403
56254
13450
71731
68154
25909
90576
94964
42127
49666
13737
92982
61640
79994
17639
59761
5994
96204
89484
85308
85675
70696
14764
6690
73386
7164
86701
31005
33121
10236
78198
55571
61154
20021
2862
81696
9456
86002
24622
1012
99739
34828
66026
75633
93719
70539
27450
38350
85301
87775
14176
13476
41468
62728
91901
43707
41489
6759
98345
60989
39207
59571
61842
31891
71467
58166
31827
41619
77131
35942
50305
19991
71581
88471
85568
50846
4669
39130
12971
2846
79714
48351
45703
45346
96060
64721
14103
98425
28120
59155
40207
2696
87657
63633
61805
40168
72986
34134
4165
35553
38711
85830
61218
49359
37469
94184
41895
52997
77159
41054
39037
2358
93788
95498
81274
90855
13867
16495
35831
6746
44062
33402
13499
17976
95735
47608
32334
7947
26665
45400
77859
70534
34964
77418
64135
93884
87133
96344
7877
1875
22826
61106
21265
87065
20117
37848
8908
92158
82359
70949
26300
56491
98303
97419
91490
5309
72330
43241
53623
89860
61849
33948
26331
31759
63195
68502
67393
16370
31363
87390
3722
17523
8617
33955
83919
82956
12136
26434
97859
57887
38700
40175
25588
55716
19099
21367
72231
37545
85928
58825
21553
43892
42720
18016
40026
88877
34774
89506
23870
51615
70454
92537
60795
94968
67226
8776
47873
64348
13500
8533
93173
45896
45382
95735
51159
21674
8359
70614
12659
41827
96271
29848
30441
72537
65836
59830
74802
90601
93929
95042
48182
22629
2564
46243
87433
46162
79380
30619
88489
10323
73493
7883
24044
77395
65651
75657
98509
46985
66856
18352
80518
64159
76846
82042
55343
40605
62096
88257
29132
7396
33974
57272
70419
18458
60351
70543
43331
99138
8302
4996
42294
77739
82125
2336
68333
88388
5803
53046
6885
90179
61320
27817
23744
75577
14523
84022
45782
20521
90900
46827
84066
91122
1487
81092
76348
16221
37463
5586
17043
95107
32325
99371
38682
61859
76057
2778
82034
74510
13709
66955
34801
9049
81371
38953
46076
6156
33528
94842
3934
76329
24761
22810
8238
61475
20930
51171
76252
1032
25987
52112
50924
216
36002
11777
57853
61948
89135
61884
99519
11745
1987
71272
6811
23944
12025
75017
9750
62534
35016
70192
82693
42621
1652
40714
70346
9515
91133
77207
40929
24886
26525
81002
48522
61597
16031
34584
73046
69593
81099
84127
17021
71643
95323
92188
74341
53488
15998
84293
49449
45912
41420
13717
66015
55795
69418
8303
98564
95288
41431
48337
70815
11927
20955
74632
85219
20985
22749
45213
7913
77441
1971
40156
81434
50889
53170
11049
47298
9464
66373
16857
93516
6839
27758
95017
83465
12807
14986
92727
92178
7727
36020
77757
28162
32762
13311
5093
50688
20690
6968
53356
30739
70784
76380
72008
43941
1264
32283
15125
2624
58369
61004
89099
28915
24573
54821
63975
84169
25937
91167
72411
5998
30021
53035
185
41420
24213
11994
48672
37578
48077
60361
26608
2495
13016
86118
22731
30459
55750
51076
82201
80524
99860
90103
33809
46723
46920
48842
3589
77941
49335
20924
24750
29522
34556
47357
717
17749
76194
30587
19727
89269
83610
77547
54547
98007
34396
86604
15898
38455
32089
33516
28419
74861
8966
91886
6138
39918
19225
53462
94499
75370
8404
70731
88242
27153
35611
97085
67938
65659
85400
4982
54265
25162
31348
92931
96914
22312
35555
35801
12326
60316
32944
65134
45852
15819
92504
49888
20555
42669
41218
60798
98524
22732
36087
44356
80864
12879
89305
27394
62396
37311
18666
50238
53054
27106
79250
3257
43513
16035
94972
83825
4362
83423
41136
34183
42426
43270
24879
72422
34648
85722
76529
25268
24440
24601
6458
31533
89074
86991
12066
84034
33007
8161
73405
75015
41649
82705
12079
18745
36568
89247
6375
4520
47697
57393
56435
15100
81595
1904
1929
37593
88000
16882
92745
76673
60781
93397
25798
28452
20648
47717
14182
56521
3968
10938
50817
96201
10017
66120
92533
59721
31191
6134
35853
45401
79347
72009
77571
67047
68165
91357
49937
87170
85061
74472
96034
16124
15415
96732
14234
48252
56906
83626
98096
88850
75064
49854
551
36759
6575
60234
5082
15474
9370
42208
6402
81865
81028
47343
97325
88771
15826
58751
60287
29291
97780
27012
71459
29496
14903
34693
80785
13285
51886
44281
2814
47564
8037
47002
70337
29493
71457
40812
60471
7931
86275
34462
77799
42853
68069
14168
35095
68071
99407
25462
32426
98155
23339
68805
91070
48051
78394
71055
21855
71882
79448
91797
63587
65089
39393
58837
73828
34025
77006
67832
17314
75014
98279
52356
43015
63317
49213
28605
61426
734
99597
12713
13878
26424
11855
4658
24225
39232
55932
22285
51098
401
18956
88588
28482
94477
70874
12710
3460
9232
40340
1069
91065
31574
8147
57412
99875
70983
25789
27752
98838
49788
9629
21121
72285
66734
77919
37163
53234
34734
34612
34595
78093
54720
16733
16912
56057
9691
23873
48538
92443
36503
25145
52194
60394
98527
21648
82303
18277
54443
4783
53242
13443
28179
23447
1310
90772
97835
16303
61747
16557
33711
59475
68725
74619
5744
22976
36344
14841
91235
1354
90184
47109
77250
35309
62335
24643
57434
60726
73758
45086
95616
18886
98791
29951
81369
21152
49913
31272
15423
26139
58222
93388
62125
31980
58731
77027
56420
77574
54649
75550
85303
67461
27041
53088
14598
6132
36192
92870
61112
76666
33337
37108
42545
16661
20941
14825
60684
38773
93249
84591
73062
5071
99418
65095
43132
96796
84983
45270
76577
85307
68223
79860
6077
98207
59782
28155
91844
45702
15353
75236
84960
57043
70160
38756
92801
21113
50843
45464
11039
43906
16342
17646
84324
70057
2488
80232
68042
61946
9956
17802
21149
90922
16293
75804
8443
53477
31031
44337
56879
92786
22980
14982
23420
18012
99631
16019
34911
60662
72293
22018
45953
39519
34231
32670
68965
50577
95535
36019
95719
79550
60112
29897
35745
97550
54087
94038
40750
94355
30312
39324
90082
6505
88584
18252
20925
1359
94225
66311
70426
86468
45320
7379
89653
87937
71849
81629
56690
83622
6839
57866
57942
95011
48618
77329
32673
93083
79236
25870
63925
5593
75269
40556
30349
32969
31936
39447
50935
15978
11744
67605
56351
29223
65593
9250
34229
52732
40244
47807
25701
72457
37347
57127
87515
72446
81381
95070
57887
11254
85578
27842
22123
68355
2386
64833
11199
4764
77030
56684
56001
32401
30694
40712
71877
39234
1514
28719
29418
39367
43100
79940
52839
31428
168
91467
68245
18141
53040
57903
51587
36866
81560
39680
30399
83902
45482
87996
26836
760
98051
29464
75702
83560
91806
93299
41763
96635
85250
48281
70931
52662
65651
18519
68154
5638
75003
90694
68186
10918
96587
93057
51724
19126
5096
19135
50841
91014
10312
87975
93752
13518
1882
28658
41316
13635
4238
69279
39622
6868
49704
71610
32891
4758
86971
98925
71214
63041
71525
24761
8899
54788
19809
15917
4172
4993
77740
56575
78463
72671
42458
50749
86322
97274
54529
57413
50780
36993
77203
54519
1399
5724
51071
61317
61214
24977
60166
46965
32155
6171
47921
87800
19488
85551
79076
38964
93708
85964
24486
36322
35894
47662
90815
66951
64410
98955
85288
35616
50228
29558
48144
34220
85837
17005
23361
3174
3716
58492
54703
79195
44827
30774
24420
72291
24750
54658
31260
770
18198
15565
63705
64816
12507
40881
18625
53737
14908
84120
96907
62259
39688
24549
96736
2596
58026
13700
1962
2482
62189
75901
35247
35215
31260
45290
91494
5119
23241
18523
42201
9751
67694
84517
17417
34663
65853
83328
21713
44956
98380
69624
88266
19596
61584
92443
39506
20278
34037
21824
14265
11049
52695
28777
38581
42297
80317
28489
33555
67216
49386
13505
30495
96385
41918
87155
94565
55170
7131
62073
36743
74698
91986
57005
4102
92565
87634
15651
73631
38817
5783
71215
71081
1417
4258
31151
57056
38916
45936
75120
54345
37363
49773
54496
95569
84874
39128
91880
77677
74429
97878
84335
13146
71964
85080
39566
19063
95690
24675
46015
54662
64666
54858
94737
61432
78171
42424
29077
92126
10767
30099
55648
9234
32011
7727
99379
24925
37489
61435
19227
53436
95754
37974
99201
40938
21447
58068
99117
16337
64691
12088
61365
14241
99920
20457
89678
82505
55035
93064
17398
42450
10051
99753
66909
44330
42230
75101
81135
64236
85700
14641
81573
34254
5447
92579
58908
26692
55656
53799
39984
20102
43306
12740
27435
98678
68733
41406
9313
11554
18049
16873
69889
44425
44037
76777
43385
96000
71064
54871
98708
46346
76933
34880
30636
50050
30515
27111
8794
7341
61548
62986
26849
1236
53079
97296
99143
97310
72318
68231
75596
824
65788
69580
46187
68826
44751
37147
90216
28669
49194
62908
55628
784
55091
93638
43168
8426
82104
77384
68163
41622
32611
1971
50005
55062
90024
68653
91346
46741
77633
46074
23681
2833
79275
97883
80557
7352
88693
61809
5299
93368
36894
80125
58146
98640
7357
26064
46145
59440
54127
90717
15206
94934
67
33974
68212
63817
19575
91124
78802
76097
45800
43475
51035
3119
39227
52795
21509
57207
13081
35816
19733
20294
72085
74795
4727
52486
43824
51365
47705
63959
22508
31906
92613
86916
30868
28746
2765
45300
29671
16739
87777
97568
83007
29201
47567
93418
29089
55027
59413
54562
4554
88937
46358
18311
70983
94911
22848
25272
29247
15726
19992
68209
43419
14842
53588
13894
50862
64118
72251
10480
50030
76209
27535
96341
48038
22164
37287
42884
27227
11308
23396
88797
91952
93142
59405
33570
85547
74302
15932
35956
5898
77492
16053
13944
96747
19567
54149
68164
75612
33673
42556
64970
82775
48932
4532
28345
61402
50017
70272
48819
57624
79964
98045
17938
92329
31194
76257
50276
55437
20017
28346
76560
48186
36295
4581
72537
60155
13591
99594
28471
68014
69123
67271
93553
68752
58426
6022
43019
88610
31059
72168
35529
4029
67113
78332
25933
79447
98115
21614
65552
43309
3873
12726
55594
5326
65996
16784
46479
44350
31995
68190
47810
50423
41801
80804
88501
12693
4491
49185
33902
25172
33238
61665
24378
47849
92816
72530
81072
57963
78648
93089
62040
91976
34041
85161
64141
56396
11676
88226
2756
41642
59542
98668
56615
62868
24358
85106
62228
86308
89831
13240
74955
48929
87711
40380
10071
42207
88348
7745
12509
93465
35711
88516
65702
38905
6150
55834
16382
56639
16663
32104
1016
16265
46429
92260
65629
34569
5050
61509
23491
7710
10302
94764
68132
65407
18134
13110
4264
93660
75090
21933
68047
3930
75716
9290
5931
71025
32965
17710
56718
68523
68724
5588
69645
57726
12224
58690
2499
95451
74750
75502
37157
26839
84254
4799
83162
40946
20384
295
20770
93039
51569
22721
81549
94729
64056
97085
40548
37138
86329
94604
1603
87339
4790
54967
38985
4713
25119
10405
53182
59444
10611
8813
18910
99587
84776
41208
19675
70917
26127
64984
50641
32670
96939
63679
16953
46003
24039
74915
93669
15138
18142
65360
9121
80146
73898
49817
22048
29287
65813
78449
15827
9978
47112
61326
82428
42756
3810
81961
9953
22847
77410
69630
11011
21345
43962
68933
90400
41111
38013
92982
80673
50203
16735
38044
41301
45250
99691
38764
25689
34959
19160
90388
5103
47678
49156
40662
85557
35612
81250
74196
42192
42078
64962
70822
37728
48511
54349
87776
36183
4964
59417
80937
91273
72831
97775
65623
93243
9067
20024
37177
43065
65046
56272
74994
3687
87021
64527
63332
72188
3300
83376
54787
59860
63816
50789
38595
85241
45913
316
92790
90901
11914
2580
20724
75541
38223
99114
32272
49903
83532
47419
76489
15587
44073
31131
77145
85805
89968
67134
50706
83984
91017
15587
32883
21588
4629
21076
27457
22041
59179
80382
47329
8751
27234
46276
31151
62466
35547
99452
65464
87907
32254
13429
88655
55881
6886
39199
15787
32685
73643
52790
95273
78778
49610
8806
99883
96326
69697
99135
70912
17146
71656
10230
90723
3150
89
67738
88353
97796
99979
14679
50257
90516
1670
62798
51729
77588
26932
77001
14701
65429
5289
94771
48397
6389
85108
68550
59141
18428
46392
34824
92768
36412
28539
48317
16250
22023
22705
85504
55791
39148
50846
17990
32705
58964
2532
4757
77108
86811
57076
22295
69394
92695
84433
5482
11857
76885
61833
84334
18042
31539
8596
69925
51403
65155
21910
13845
61976
53353
46547
29705
54882
41427
21210
75553
14583
87298
62066
89433
3856
80351
91442
72329
61351
24096
65430
73
51978
23057
36460
39365
60190
38370
67462
24251
30551
80920
66587
67550
37053
88686
42780
23755
40263
27370
67413
27967
71484
8880
90898
24558
14819
72400
80477
37690
40097
36267
8573
27306
99725
21837
61866
38918
16893
7182
69515
16512
73964
96959
45001
33662
20711
94515
52379
15169
37570
67687
32065
33980
56683
37462
28588
43098
32158
11901
24546
87790
57892
29772
84154
94284
72347
39280
67825
15215
26820
3862
6861
33081
57855
50900
54002
74525
63879
57235
3847
20303
20020
65308
119
72410
4202
74593
70623
62262
93249
18768
6759
4991
82636
81724
58619
44192
12804
50717
61315
81431
26690
37163
88349
33708
60825
98984
76124
5782
83460
54062
79218
74923
8054
4243
67770
92584
29652
11743
90082
97753
68656
5562
21966
8051
97102
1870
50445
76131
92280
9810
61720
13162
95919
22416
93612
82856
76958
66411
11585
5217
98468
64840
78801
39186
39549
31836
96937
78393
13954
66035
14539
1061
60634
63562
12774
21127
15197
80298
36605
58954
48539
99993
13502
73649
92341
66056
79003
85637
10630
84913
15626
63241
158
84864
99285
3816
26760
82779
68501
65266
4932
72052
62176
26245
95271
60659
52527
32357
9641
72484
67659
96659
29805
52630
56678
98474
51338
5152
46845
73492
52832
11299
67762
29041
50409
51297
902
75770
64276
8957
94366
32417
11796
71339
54022
76487
37817
87257
78378
31681
13529
46645
75996
38145
17253
18966
33436
47528
28185
810
52478
21608
35934
95009
12433
93632
4289
33135
75835
43973
59757
76757
68080
683
78117
35241
84863
58465
98607
80191
60657
64080
26774
15163
59963
6186
35303
29616
11787
31443
17861
53373
47584
63465
56479
72758
96482
16787
58905
60389
72197
4682
11421
34404
71924
36772
78565
75312
60027
82011
34102
74970
48920
47994
40153
88397
94834
20771
35045
6246
58329
74672
21347
44391
26112
6383
29172
4614
44204
5359
38759
68075
99560
38218
7993
55974
52659
92369
43238
23191
27621
59990
69588
29775
97340
42891
4453
99589
23312
68081
77923
75711
81741
52659
2060
97524
83334
67029
8291
65540
7599
73950
31108
54667
43252
66026
75410
10702
40000
84179
35738
2465
77532
11854
78625
98339
5083
91572
47051
83221
1930
29583
81302
76122
27436
63048
86333
46900
36157
10469
72639
85629
84077
77697
15592
53671
28881
14920
86522
31313
67480
93750
59588
39133
32343
75458
98178
69887
74033
3721
92440
91762
19978
25070
63610
78015
92647
54986
27231
80204
79692
28509
74544
29531
11539
50109
18387
99834
96262
24953
69457
90163
5049
15737
15740
8179
69994
42169
43779
51978
64870
16446
72866
32436
18028
80877
65650
59007
14087
37576
61023
73895
87689
6318
51620
38971
19206
30057
27594
82233
57071
98343
73625
49080
34263
2277
86713
4241
9329
55430
8021
50478
11207
75253
15334
63246
55642
42107
11503
30661
84458
59379
85747
58685
63930
95561
2473
98731
64116
76769
88973
39937
14575
61545
94906
66526
42820
23786
98172
15750
94164
61409
49677
58656
29554
10545
62688
12435
90984
88374
83328
77098
18553
96932
97775
97691
12595
14939
85149
38701
99803
87982
40125
32560
66457
68084
35903
49662
80346
48807
20426
31855
43934
95753
36497
23049
9701
27090
29131
53385
32873
90037
7746
75742
93440
11874
21383
17642
63769
97215
53931
27880
38637
59470
15946
6182
21283
17117
92199
61470
74641
13025
32089
42176
67947
51473
33163
22800
60434
74725
87989
85505
85808
31764
5828
9766
80235
64382
39119
54582
46700
18260
85892
83131
94876
92545
93218
84463
79806
30315
1765
92584
34891
67660
78743
19847
57948
65569
7794
41967
78711
98583
57207
89044
9225
68426
42072
6872
53642
6180
25947
56900
77997
37616
14769
56381
27133
48958
47300
75402
58254
48699
42993
30119
72959
95405
50613
18147
53020
85980
51817
14665
56588
97152
75871
48117
61052
96847
73905
26449
50473
86346
30821
73626
4368
44865
14586
97275
52891
22362
92714
8990
18269
32392
83712
30011
55589
27088
16085
13820
17812
23924
53851
67662
54362
11281
312
80845
61745
66651
95328
30285
75053
20850
24928
71908
17878
69367
25751
28094
80819
53338
65256
30658
93266
42827
96396
24196
13440
45859
92528
33964
80762
60084
8637
26549
32494
63159
19263
93086
44552
33740
35529
86239
27034
62428
33937
97418
7463
11803
12132
86221
1336
87990
33001
64474
58667
23193
74395
11535
14885
76116
67404
15885
74123
61363
49523
14968
12213
98379
39414
54719
50103
32665
83541
47078
17808
79016
3624
30838
8889
98978
16732
1636
33726
6306
32627
92771
27083
44162
67881
9301
88763
7727
78200
68436
66336
19644
12116
65670
12904
18968
85204
9084
72389
57413
36117
68671
4449
85922
46665
79650
19568
43557
2646
15907
59384
65767
82158
67817
28735
56751
87884
68050
30497
30112
65956
42376
54465
15104
80742
98163
66900
37953
17933
89920
13773
7647
29247
76313
70188
63956
88322
41161
97496
88230
89732
45205
5081
62292
9052
568
37486
44299
36935
56152
31084
17153
78587
42276
91457
93741
14206
89344
5180
48502
12749
81615
25624
12725
2133
51736
36520
5845
97628
64779
68429
46723
70554
42266
40380
20750
37294
92172
6052
80174
60677
22601
1018
61780
58836
96620
29060
86971
84856
76446
49750
98977
35981
48994
75480
8117
19581
92356
60158
57315
64048
31640
46670
72156
87723
84360
46599
36320
1896
70706
56446
22033
83291
25005
87824
90148
80597
63843
53888
5513
22676
49549
20989
21181
15028
69452
10742
21559
66785
32262
1169
44938
32013
48737
16126
29036
75931
28862
74057
74476
50021
92739
