4338
92054
78626
77459
78194
3007
49745
24817
11781
87571
89981
66606
84734
98722
55211
90138
12596
94447
469
8708
87551
16667
6697
71155
26413
3391
71049
4439
38242
90884
10025
48370
91289
66254
26262
53587
8558
53978
28742
55593
32890
86994
56302
78538
28629
96440
28396
9408
39133
17699
31959
12195
14336
72299
88389
87671
85356
7471
51046
74803
31958
45305
86575
20896
77546
41610
75316
18479
72459
1623
81579
58617
65704
44875
75817
557
60365
28159
42525
29972
74994
61641
65305
20542
58925
97829
34034
18990
77864
38590
68230
1087
2932
53939
23635
87584
418
35405
991
87019
21124
9916
36948
37509
36119
73342
46490
69460
96481
87832
27306
57197
64945
21073
99808
70317
80000
66032
61971
79717
7576
56326
40615
33868
33393
80492
55684
11765
21240
88232
138
24959
27167
55506
8848
65077
24692
27796
84423
85582
51339
64574
22508
90032
11284
11032
36141
81859
54131
53318
7584
34386
73434
21274
79442
64797
69301
3079
4116
55626
17657
34725
48219
8248
87693
2346
30030
9439
12224
34730
45624
52203
81609
76388
28378
43001
33817
50582
22584
22360
44351
73825
57634
67922
80648
65751
51525
5893
76063
44050
95776
21612
23679
28796
67925
16613
16354
14259
2338
8937
81002
26701
69634
19400
7693
55381
52777
97045
92896
36441
30980
18719
80495
81756
11275
43832
77091
80297
27600
21942
50820
24136
33376
68173
38954
24011
28524
52812
8463
11764
26647
19557
48243
13646
41357
17649
4190
38233
60228
25267
12973
54479
12996
39622
13070
77056
41117
41923
17521
24092
39522
36057
86659
80396
58117
56866
93325
1461
80446
83682
26856
99965
88582
81132
9794
11422
70476
66848
40398
93625
39642
38857
20068
2333
8968
96340
11139
93754
55103
61897
82893
86600
35291
84371
72241
90589
32898
67846
55529
84491
24324
2728
57786
76546
98410
13008
65897
31864
29828
1647
6580
74268
1524
23895
84449
665
15988
84325
71428
61776
45726
99571
46358
18549
788
40256
64673
4211
8890
19204
78524
2629
11319
55907
69301
36913
81070
43522
3923
95959
30443
79274
63925
53455
55316
8625
85076
11396
99921
71576
74601
48573
96418
93753
38765
24752
56370
39237
75757
58153
48335
61686
22974
10623
23123
3951
62949
45617
54593
47535
19594
72465
80401
75468
31332
66451
35645
92903
63232
92163
55180
53277
4289
37314
44602
29950
6211
17565
17142
44548
80543
41833
67765
45769
47624
68756
56300
53301
30331
51364
45675
39458
56802
52385
51982
2135
68171
20949
62420
72313
89106
63467
76004
83594
2973
95057
57396
85660
66020
93172
97740
45383
28475
10045
66991
77761
4700
34631
27844
62575
10151
82343
62571
11868
46487
15721
96475
51904
85332
42467
61778
85262
55145
44828
55442
17076
65828
84170
42796
52566
11360
70640
87280
37158
53624
291
10983
46757
85393
74220
97435
33539
93104
99844
62162
6763
895
64136
37107
87252
98582
5492
328
23553
31394
12478
90238
83646
54603
49915
11932
20529
91835
75278
51215
39510
95062
25413
58243
46195
4737
49718
66510
11111
45031
28238
92157
55300
82665
48678
16181
1692
47063
55543
53983
5867
70311
63727
5764
41146
10053
27336
92154
35478
62288
76905
41704
17825
48629
22651
11700
75482
5893
90911
82514
48864
38981
89216
78522
3155
20320
34938
981
5924
33733
10240
73466
36292
21295
45347
69199
31335
19648
17096
36142
77400
57564
31032
48822
68126
86534
74332
6670
60013
36978
40699
95798
56151
73028
5118
66886
81094
85205
2609
20826
75115
26355
86229
1744
52047
3439
5412
96530
3282
53452
80364
55833
88796
54769
5114
91300
7949
40393
10395
16620
45988
28267
40967
68945
93034
14441
17314
63263
16176
78461
88104
46130
17039
96270
61027
51045
71334
29287
96775
64686
81122
77801
3388
6560
56614
84865
7002
1382
67914
13818
58936
40700
74809
85989
74838
46847
85387
17284
8709
37606
86124
42148
80354
24820
65348
34233
38794
92526
93742
54069
19966
78662
43618
45708
35497
68186
24879
34407
12331
8169
7439
15931
95348
2357
19525
47403
71321
31049
21431
14179
65657
54049
20577
59169
78562
38973
97447
78567
41212
22380
46070
14476
7640
13845
93852
80273
97082
29100
50491
6652
21968
50980
4953
540
30166
70193
46800
77996
5295
17945
62912
7744
71094
79562
88411
65916
58084
84449
67146
96524
70738
46311
93195
89950
62098
92963
8291
81503
8505
39251
50320
42221
80558
14779
92211
14676
49096
20037
29002
8369
92173
19450
73272
23266
59467
38326
43381
28078
25433
27936
22189
12632
61953
53967
35913
75656
57785
15002
38441
37203
61901
65296
69491
66044
67624
20691
27186
56314
87350
73735
16820
38046
55447
58777
4350
51287
73038
69928
30483
23772
49581
80212
56070
80568
17061
37688
80267
26591
78866
16555
56891
34093
81595
91798
46467
26876
49959
7228
55642
38776
11140
87066
40727
51697
11115
84142
57185
3175
49616
84625
2617
87857
84519
14669
87621
81688
9226
88922
48982
29936
40423
594
77448
70795
16844
82727
56451
63648
12310
77474
1328
65810
14286
91707
12632
62515
39485
4372
69453
32919
80502
77092
76975
94240
13937
69033
49573
66926
4177
64778
17649
61036
58246
25705
98352
10545
9617
69932
34853
28388
27691
93536
90865
72142
83296
36807
73570
92812
2036
25106
42203
4854
19469
16062
49433
63331
23619
83207
56858
47810
33153
89524
59471
47531
59824
40292
7564
88580
93354
2086
52897
69553
69518
41064
5228
86966
86226
4833
10943
77130
95462
56761
64889
79070
22574
12795
41567
42183
76272
35021
86926
26410
13073
87043
95235
38166
34065
43333
12317
43004
29242
84990
99458
99950
72209
72650
35336
78404
10834
62467
77104
18786
72264
79728
52347
76391
24635
80400
24956
47029
98724
65380
12308
58332
15160
26487
56479
82475
45829
67062
52900
42892
92515
67938
47887
10472
57303
64939
6861
49924
77458
63162
31349
13805
57916
68140
54145
33345
34695
18843
13530
53664
18377
65288
44280
63862
72682
41125
84790
45721
16171
52861
32574
43772
9566
34211
26270
4325
31840
41875
19087
59696
73539
75032
69570
35561
34031
98502
416
47019
72341
23133
47779
26985
53531
99236
24515
27226
23658
84025
37790
16178
80149
61139
33753
24597
30587
87577
4239
23704
41869
49820
1505
92820
99756
53834
80125
43345
95718
8718
29830
74179
40709
37770
73380
93037
5081
5589
90240
10329
9696
99043
80666
47815
4084
2909
79547
12399
41278
44972
4973
46454
94263
76711
5149
22520
21628
54959
27229
99697
19111
81170
31508
14940
54194
63610
75468
42378
87758
40715
19516
24998
97336
93909
14008
42826
69154
53689
88735
96846
74286
67725
2066
50745
3744
83376
79916
63998
32620
50859
71409
50121
78360
90543
91218
28525
67535
65726
93621
40473
27440
37168
24640
562
25455
79975
49117
353
62702
62323
53366
67939
66223
30383
25410
51385
79104
80762
11195
70817
83694
11470
9758
36899
69306
69394
46638
6792
2691
85483
75290
3427
60068
48261
69405
37118
43084
1503
25289
23769
34258
79562
1295
70296
97493
3470
83898
47976
65133
39832
49421
86772
54531
22803
56778
15970
27410
87741
31256
56061
33336
42325
97662
77219
87033
49939
7870
17961
60977
88292
8301
77600
55473
87426
36558
4132
10175
39462
39405
65836
85496
98661
41658
62858
36061
88518
48896
37264
91483
53435
9707
55342
70247
69228
90432
91933
81899
24075
83263
47554
95599
65936
86998
76841
31531
71820
31298
67104
86245
52646
5794
87948
48336
65419
70564
34675
666
34804
41157
98514
1042
70606
26478
7542
78584
52958
7353
86244
96993
44624
22233
86099
56198
91851
70237
19560
11662
64817
31327
64241
57219
81791
51018
38836
47640
21759
7006
4827
98663
55757
91266
47095
82917
84748
46511
24992
39457
79456
98257
78572
64467
45054
70111
41620
30413
19694
31749
56484
95182
51004
23012
35849
3476
76916
41294
19251
19588
87641
59901
56824
45951
2526
87581
41236
53358
75137
3181
71449
45340
45244
80102
32206
66560
52754
99773
12165
11680
9397
8423
27945
90009
50522
9644
47659
32745
55417
43618
6001
43454
27260
5404
51815
19554
41432
32621
61940
57473
28875
88262
55275
16513
60299
11143
49937
70901
90805
69289
50722
77142
29128
7570
10190
79218
31956
66814
95429
92881
39921
8491
97940
31518
97180
27995
18080
39840
28286
12652
25127
20133
37832
54692
82804
21135
53147
11432
29710
39378
59706
76757
41939
86128
92896
28858
14325
19689
95213
72597
87598
74617
37191
69059
17551
20384
90321
23756
19332
32304
93063
10097
42614
78153
44161
30589
39310
74435
24766
89054
26070
20523
37104
56050
33174
63164
66551
11812
38622
68322
13669
98390
44626
55689
25054
50510
82941
68773
37141
62420
30813
29391
92099
97406
46314
49609
34142
63786
41967
62307
89548
39889
94923
6158
46526
67074
37512
81141
35884
54387
53832
78509
85134
51010
18634
94673
65470
86925
53099
93650
47647
70536
37294
62345
58241
96679
28423
39698
9735
83565
29021
2765
69845
76315
78774
73780
3467
38467
9162
57979
12998
1800
32889
82754
8588
52303
44256
41089
78771
51641
84138
47217
10686
48316
14659
19011
2595
32578
47917
49847
38651
97813
71405
52318
25365
51066
8664
8818
72235
44854
91205
27003
77762
95119
80652
45846
37647
54540
53756
5937
52422
87333
60926
58093
99427
81804
92079
21528
61655
59763
71184
70889
90550
59315
19328
15184
30395
80570
57388
57522
43638
35438
68854
33917
60436
57135
69454
15566
67664
68812
81363
48054
78821
41979
97424
51317
36887
13311
52891
43560
58987
87136
47162
12472
73669
20316
36452
18446
75791
65467
15451
57077
97151
96234
62298
16984
18479
27009
97657
42291
12349
76512
53863
92843
78399
23129
92067
48570
61890
68011
78297
17083
27678
13828
98534
56502
88275
56381
60247
40119
20682
51008
39775
2196
53361
24286
50903
82586
79680
80440
32837
9877
15653
10599
31211
82475
33272
54319
34073
50539
28248
87882
56556
7780
87170
98367
29398
83323
97700
5796
28709
62098
66761
57538
21608
61341
36736
51667
39482
54112
72226
9481
68889
81449
35174
68419
1429
17078
82616
16059
23229
33955
22307
9708
11870
32800
94451
31994
15025
54993
94888
67580
84886
73884
51731
70738
43115
58115
88991
69869
45738
81605
14837
79961
78313
18767
18992
75106
72606
18751
96937
12319
706
81640
82566
94754
39790
57053
45667
88808
66889
4741
36641
84489
59224
4646
24594
95005
29718
64435
25304
43314
28087
12746
70321
41624
19117
42346
31394
93103
13807
19345
59388
96274
58055
82568
66873
3245
91318
56977
30948
86061
12448
182
2980
40996
44964
30348
20737
73667
94172
23987
45387
8170
93446
53623
84232
87959
11319
40942
75636
97443
25659
52563
75000
47544
45353
40366
26433
76655
37772
21349
3687
72741
33487
39242
30865
27905
9766
29324
96659
88769
21609
57727
98931
89819
73957
51217
2827
4431
98335
78914
91926
50375
81340
33504
60402
59884
25181
55435
95643
4597
3914
44081
35894
72823
20300
72646
74683
54204
22757
56327
78192
81994
44282
86866
75834
67931
53632
85180
73586
94135
37538
22002
78319
58857
29422
53311
91400
99983
78840
70980
2723
54330
33681
92062
84854
77528
21832
26108
69519
1311
76534
48623
81673
42008
721
9931
6093
94473
57670
92471
6252
40000
81849
1507
67059
81912
65761
77037
43400
66989
81245
74700
75364
51776
53603
23862
48313
52220
2012
98305
46098
27523
15661
72275
17601
88914
40328
36310
58136
19491
47217
96926
42312
86368
64728
62723
72481
32174
25003
2942
11767
44795
82707
2530
20066
1833
73259
29896
88405
76859
61617
53873
92461
59364
46372
78728
24338
9574
83905
78144
41583
29450
18901
23908
19771
84318
32387
88995
87048
90879
51380
16139
27217
99069
86537
1302
44816
13131
52208
15768
15655
10431
47905
81276
57873
93344
4464
82948
39996
85999
38384
62907
48268
46859
61359
82317
25894
58799
82758
35747
69445
84264
42848
97525
25478
45478
26656
93392
72826
45069
33912
11207
57365
68137
62488
31152
81544
37624
66034
26426
79853
49439
48999
1049
52495
88473
67871
80357
37710
4220
75408
86016
30372
16460
46322
31390
67583
50379
55797
12395
66688
11072
10121
94926
52086
27176
5542
80130
84370
30207
772
88269
92764
56332
55894
20005
35265
41798
45030
37005
77607
46298
55681
68606
69661
47895
80834
40904
21815
31098
63568
31165
81827
53639
59737
68780
39318
54072
48963
25318
82930
87740
95987
7503
3447
87138
93252
74040
60566
26316
96125
25784
5349
18791
34787
20390
55390
41514
25265
4190
46342
64637
58315
53272
66638
69607
6442
39124
96594
87113
80687
81192
92835
19711
54075
89866
50310
48178
65158
82522
54643
6794
80338
95498
34972
37783
25816
63035
18852
39347
13390
97804
28807
44772
78976
18293
29425
42715
40865
33840
80696
54128
77446
73452
45629
14932
32949
85637
64716
44920
70079
7212
76355
42742
49547
39548
84299
62816
18299
28854
43790
43407
20272
57246
73723
82882
52385
48062
40735
35781
60441
7595
7313
31317
1826
514
29347
6885
49868
20040
4834
40178
98318
73931
69267
6178
21448
86064
95225
39428
33994
66608
24415
12010
90050
37288
33855
20199
99729
62746
62547
84886
44902
28934
84478
62484
99898
45037
40916
49032
10200
77413
12947
98259
24020
3611
45088
46340
87978
67545
61434
66320
52837
1306
1787
93833
83179
95302
41267
64537
66658
9147
7156
87122
57492
19948
95276
69383
89452
6783
6279
76410
45148
46192
29228
56580
53660
26156
87990
86438
92200
87514
32221
32184
1312
96226
32048
43595
27147
90645
79305
4595
3769
76378
82373
1052
70257
25825
40766
4071
8335
75704
56888
81195
61265
85023
21172
6645
72078
45207
40172
57022
7312
54829
72337
79143
76926
74971
85810
61265
87899
51681
42236
98806
27477
1683
72640
68769
63818
28176
86322
27835
85389
83918
78103
16495
30626
51025
70918
16288
75054
25403
71516
81939
50473
22282
97283
48940
4041
3229
24125
95285
40015
79500
16172
56654
33468
58081
53718
59582
12382
52403
42827
43902
58884
12337
71632
23393
76726
55842
48517
25901
4053
69521
86211
62496
80164
60296
48333
5194
4399
23700
64727
60588
4050
91036
87819
5888
67745
21449
83026
72545
97307
11335
3905
22650
82576
27614
23055
38135
50649
73889
72214
48199
54712
98223
91232
70493
93289
53676
76489
73171
9747
48523
55183
88682
87675
82238
39851
67847
24517
65744
55647
55276
72815
75972
28594
92718
65616
63560
79920
52549
37241
10197
54544
30509
51485
16528
5875
5826
99804
17326
12599
14069
44959
9855
62797
48783
56152
15222
34974
337
87762
55207
13618
84905
18241
16937
75383
78740
69629
98514
4877
29728
73756
23940
35930
99549
93978
24673
37197
71147
76362
34025
68043
7191
53144
41578
10317
62960
13174
79810
36565
50393
28586
79582
64787
82033
96579
69639
12267
34547
41144
27135
36196
1290
12448
82870
40313
21019
73924
63247
54805
31479
78025
63827
23974
53737
87164
6427
31760
76663
6620
12423
65565
89819
61948
54484
1142
94173
59152
53896
2970
24339
12405
2649
30002
49227
97828
66752
94742
70273
1265
89298
89035
49927
25004
5086
72367
64758
55607
11049
94869
90152
37878
35604
27927
28721
61569
46377
39341
57964
81728
46139
61866
20028
60277
30465
19073
75376
33825
74747
55909
20411
11684
61486
75398
17322
23388
15638
64815
56862
82116
36383
38566
48103
59026
12818
86461
76800
74721
1281
87658
51451
27410
36778
88545
55126
27431
69006
89649
94538
86012
96991
30933
80860
55140
74457
78467
76391
60206
10605
5332
45930
81561
82479
75847
45344
7572
13762
61001
47458
44004
42273
654
32544
87088
4458
93001
74906
72941
20271
89890
54382
25988
70276
70850
85124
5450
57705
92963
84569
34351
10070
16594
64116
95948
41727
69889
44930
60930
43200
47553
13668
8004
42191
50534
43739
96337
98389
93771
50681
81456
3560
3449
39934
20714
50950
19941
11285
11629
90723
39894
49867
20799
76432
13107
33934
25678
36537
36595
45360
34569
48070
13976
29741
72718
76221
46377
83797
19741
27110
88787
7061
63934
42281
3113
30790
6620
76660
43402
44997
21786
58603
33301
70206
3306
97686
92869
31571
29083
16600
18060
59799
61793
48410
16112
33385
89584
73708
67216
44492
4573
36143
91543
84518
1935
32833
85932
78518
73319
82317
27313
49018
93135
91598
23574
75965
14769
43769
26434
75032
83352
14805
54714
3141
9049
28987
45267
15523
26169
69727
41205
32912
9444
98909
40424
85643
67059
48782
68271
70473
11753
14351
58251
46765
89286
69042
66664
70195
24836
40146
18616
45814
47273
92183
61139
89767
81429
88401
75468
72947
87565
70409
52348
3592
41111
94401
39574
94225
51173
37931
8906
65986
75497
55961
63278
69001
56553
7948
13855
40007
62323
75072
90687
86022
51111
95390
85638
17260
37769
50656
4213
78658
73314
95323
82907
41343
62002
54659
5654
94884
29468
72438
19021
86905
31240
52629
70316
91311
28905
92138
33213
73480
74545
35461
10624
12493
79722
66325
52480
45720
8763
22313
56455
517
33717
30247
92672
80174
73054
21934
6999
1893
2294
18971
10538
89884
56050
3781
54782
98481
25073
94326
88355
45631
17443
30732
4112
37852
84699
70414
61621
95676
2178
59933
86120
7154
15982
18504
53187
992
59957
90142
18257
6970
85138
31319
71186
55574
24922
20740
56442
75940
11543
53999
20647
14436
33958
10824
83073
2984
26135
54819
95475
2639
60313
11322
99714
42360
32850
3384
73901
37546
50594
53790
38524
34931
76068
81384
60492
86123
59546
48537
12930
63959
13971
85680
84133
48179
39286
71683
73195
5158
35430
50202
74856
5137
94667
15617
46656
73816
31604
28825
22723
21538
46838
18895
25346
57752
15474
85715
38368
52573
50332
96950
43438
77598
41889
31515
88668
74632
27189
51535
3074
61166
30188
68743
2116
391
78933
33386
40263
60451
34728
86676
54518
30720
25813
91391
17120
95076
60334
26380
32705
53570
33315
20621
54826
38479
6764
97258
63248
63151
26949
72023
46626
80069
25750
61556
91350
78095
16779
24954
78819
82088
45452
77917
17845
63655
42432
12717
51784
50497
14395
93591
14297
808
18829
49504
27851
9566
13917
63636
93626
81674
70137
77111
33501
62704
40049
74448
4969
64257
41
39025
78296
35380
47561
50616
8117
55398
2776
91170
96047
94046
45474
12750
48756
33357
57725
45817
61240
76246
33705
81784
64178
53143
31327
97144
11950
68340
44415
55140
23606
67983
7747
87527
50456
75369
15295
78917
53247
68212
41386
72452
6789
22746
67588
99579
36200
57387
28354
143
4978
94231
13208
28723
30551
18256
74846
25152
4052
50417
38666
39776
10982
47635
67564
28064
86299
57947
62294
73386
18062
78808
92570
93027
34859
61253
74994
41431
85555
31747
60944
54563
39986
44272
50162
29374
54774
79024
56975
32200
522
90142
74865
2830
29546
1609
61469
59154
55182
39524
13280
78252
95092
54967
82081
26170
1661
20181
93863
69298
43262
33415
39597
72304
89472
84103
99790
66710
97473
38189
73289
7274
971
30094
72863
27919
3942
89740
63481
33250
99783
15840
86248
46030
18467
82691
59470
85018
62191
23991
27713
34593
85161
87677
88937
67107
50544
2560
13357
45442
1818
94759
61681
16993
66234
6006
77281
64998
82103
54161
22227
11920
56700
60613
69514
27421
47166
93566
53837
6781
24633
14772
4519
73481
10476
38696
22112
13293
41156
5756
77374
1382
76383
18038
31431
5024
54159
69255
79796
12460
5410
94471
2914
8029
1763
15792
77892
24548
18163
61516
19940
56978
48723
6575
20809
87046
90239
88199
6517
27537
83893
63987
23842
76347
76787
20845
35537
38662
29181
64490
73262
77911
13770
41377
1371
30161
11858
96490
71718
94683
60803
97564
95130
79639
85815
20396
52658
69807
97228
44384
14784
65960
62738
52258
28566
41422
70628
26566
31242
80917
80254
39230
95366
53672
88253
42029
43207
7346
5203
90648
75188
93749
16480
11833
66733
86329
68856
44202
90531
56390
68186
65730
41433
84797
49705
7302
15173
61511
12810
59948
59533
85291
65248
90800
14428
21573
2198
41457
91386
43786
77188
45312
64603
6580
69196
21035
49479
50904
85524
42237
72566
26425
36034
74851
12730
14524
97796
10569
3967
80950
26855
81696
94535
45255
31114
89896
28501
25679
97404
45160
84131
27398
52816
46745
79202
22874
1126
34853
15600
28670
57822
64268
75986
70573
87382
33107
49256
90396
78070
99903
23776
91628
37490
10435
16930
95492
50776
19348
75465
79300
92534
23799
53499
40364
58105
45167
73609
89289
95649
89856
13398
62943
94969
75297
23127
62587
5709
23962
57872
98007
40640
38104
47609
97501
21384
92502
89907
42380
29815
83710
72097
81777
59387
36299
36135
34023
10769
35622
12467
42214
59498
59967
94747
88214
86505
60832
96659
62193
87307
54342
89782
26814
61475
77457
38659
54430
76190
55998
18979
65603
55260
31228
59473
11938
17759
31620
3556
58669
39161
89104
51818
70086
11495
15658
38509
80673
43356
59395
10995
60552
95843
27714
55073
75472
93927
45282
20301
81929
97640
81705
57832
54770
16643
46864
86954
28269
493
82808
70455
54885
57276
37990
23032
98202
2524
19696
15319
45817
38948
57986
11073
16795
45003
58427
69760
27545
76155
84001
18011
72476
11318
21626
61029
57455
31272
97047
53443
64630
28704
10239
80180
60547
88940
56110
3275
57852
4682
56870
72947
74231
29963
74484
42981
39653
70631
41036
9767
58215
77104
59408
52114
16491
64797
97978
43566
35649
76960
65576
66930
5476
66252
50688
17113
28708
77806
50526
27855
88892
55151
11907
22863
19285
11053
43780
42512
36834
78645
21375
86823
90235
87280
95227
87526
69295
58125
63688
95750
90961
12543
67625
80892
39105
89940
67470
7978
79275
57370
14272
61847
20105
13180
20874
3063
65197
36544
32829
5437
21016
55465
6732
57004
55585
78752
76694
18196
71024
63161
47817
70582
14117
54776
36894
76349
87525
31014
83758
29344
43583
35801
63237
79463
64373
59528
66718
77055
66406
92163
22329
32750
25296
58251
74733
35495
5811
10621
25306
60352
13246
49274
36953
16113
9552
43689
47730
65329
76286
44524
15537
34182
52786
3484
61854
85214
92227
27268
92631
96056
12034
99639
51789
78860
40832
15067
45286
55865
80042
1398
70537
76904
5708
23405
16098
94308
98848
47124
69910
20683
11798
1389
768
21881
76626
88147
79964
21812
96397
89518
43267
78543
17990
29249
48318
13607
97484
58092
75281
94485
98403
91864
85286
74887
73987
38633
28474
29381
87385
67545
86366
45103
57357
71947
84258
10645
98870
29908
2234
52685
35103
23473
59468
90523
58131
91994
58914
76458
75087
2491
96823
40755
71843
75424
22280
19933
16102
25880
47894
37992
59673
50582
34426
28851
3152
98164
21185
46042
44991
37672
14736
67576
55858
22596
59382
74929
32395
94762
16756
81992
79719
52015
54293
84894
70721
45611
73260
81932
49667
64324
94542
72989
82013
64242
93011
84520
89046
30616
87371
59966
70808
12872
31467
37414
87755
29247
84897
49247
16041
47350
87538
21340
9124
65901
58273
7657
96289
49532
58130
57541
24904
39252
96374
80666
43130
41746
85562
91615
29584
74862
85882
1779
7391
56789
11183
66846
20548
16879
97139
41474
60714
24012
65891
2317
76786
73202
63865
16112
5968
85354
88231
39514
72486
29829
35062
31556
16497
50800
94283
46008
43684
93281
19663
41179
61467
85758
13948
52334
54717
91426
87108
79409
52393
16656
96827
891
73361
94057
3879
69928
77880
69450
85647
44230
86631
46368
29293
77561
21726
79627
50349
69747
22595
51130
97789
67433
4349
24711
40849
91028
59253
11531
61394
14542
98245
8821
87121
55830
33002
34171
58194
22440
46920
24355
68127
74234
7634
75433
54547
15099
56465
36387
30607
75089
41077
17361
56814
1262
18866
29394
96541
48649
53208
12851
10674
66349
8055
71104
45984
77810
59247
73462
44558
87555
21432
27909
22826
98240
83003
23554
59798
28916
70164
25749
34562
22866
80923
86305
73465
80884
52007
85858
36963
3608
37629
9545
69231
34069
13680
1777
66179
36529
29448
76737
55852
83002
91828
43052
53657
13168
94534
58574
18259
95311
69595
67625
78485
27458
78289
87808
85425
21750
97639
65100
25802
73388
36498
40950
49925
11887
58677
88757
84559
81225
57375
23269
99468
93426
69896
51559
31038
37871
32647
60297
86349
93433
67598
41652
34013
70004
31059
41772
55779
25871
16351
44429
38889
64347
50934
82463
46504
50877
93127
41769
54490
5776
74014
37033
37936
46325
68156
85058
57561
26729
56770
47554
89102
37342
78750
32369
5789
94846
6937
79920
80827
16904
32977
58688
64873
12945
84379
35120
42492
87433
5055
80160
44744
90878
5806
80573
19418
30565
3715
87687
1847
46001
84210
29050
69101
68797
55327
1547
85596
18564
76673
51657
43940
13206
60941
37586
72798
15326
72160
24990
61945
33035
42566
70128
21674
76610
2809
98223
31535
98177
12950
75224
91131
19249
78072
34826
32693
3927
89587
96076
57618
82832
49524
23927
10759
53398
36219
31538
29937
68220
7774
4092
58405
78725
25741
68811
3435
14082
7375
92490
65987
57103
70011
87419
5614
1448
60526
24691
35133
26114
4892
68871
25739
76083
67371
79113
83511
18638
59368
68276
40391
71271
68286
63315
90402
8858
16819
12405
93507
9260
31391
18611
96552
97096
30088
514
12820
62104
18313
9311
92872
11528
96404
3822
63327
38903
78353
82321
11353
46628
85300
84796
54713
39098
52099
94715
88817
6695
97016
96756
84629
48120
31183
25872
94723
86281
72318
28642
45995
66857
66293
21406
325
50057
75404
28863
74867
64463
99988
51499
30504
34498
1052
46879
23960
46594
63897
57453
44996
35372
11696
6124
65087
21557
24681
44751
80344
70532
9098
77046
66584
49711
36325
44496
80334
63893
84471
4655
63694
23236
19848
24354
6707
45517
66251
50130
47068
84304
1911
48129
22383
14865
83645
10622
55160
60168
56319
78767
25375
30652
48518
4335
55364
22941
84914
80793
98172
56555
66544
60067
62122
59241
93758
21760
15524
87342
99416
19569
55305
74550
97683
96040
68620
60969
54662
51718
66065
25703
89336
20166
7574
5704
79280
33041
74717
15513
68989
83765
60603
85458
51958
90512
17759
41844
86006
63141
21107
61885
95098
67817
60751
36749
23461
50825
32969
52478
35714
94395
68279
33195
14727
72469
67219
46378
52493
56418
79961
60716
47042
10
18353
15651
58966
69847
22592
7170
78280
26776
74962
91520
30611
4180
30605
21518
59414
70824
82242
28454
72
22239
79798
74593
15486
27407
70731
79489
23293
71381
89350
29588
83180
60390
14842
95087
49464
45100
77783
53614
28232
25799
74197
8938
19433
76758
2583
10547
41863
45701
86963
81668
74176
51506
60644
24803
20212
43759
164
31558
99116
43102
83877
6899
37425
45374
8340
70221
89338
35518
72053
14314
93041
28627
222
74272
48041
70860
55160
38728
24823
60183
37625
77591
84417
7682
55412
31673
99745
90038
74875
5705
44936
46224
54498
85129
41922
67298
71513
74059
68417
32362
21209
6345
73648
72649
88627
45548
51284
86372
76762
49351
88599
61435
6734
38932
5477
6285
22482
29742
89961
76667
70476
99299
60643
66348
69377
46816
74128
15092
32350
80743
99347
81101
70311
92461
38974
31280
3943
11768
19055
9863
80388
13373
13276
25523
17105
83500
39490
15566
79652
35636
44815
41770
84097
91749
61886
21909
45702
7299
3271
41810
71420
36192
54021
96018
50004
7497
91124
14272
99957
74197
2341
10714
10687
80098
96279
57102
86022
35119
49242
85876
7326
58562
35440
96713
35927
57576
97004
78562
30575
17065
85577
96644
8496
77244
38443
44196
59351
17258
75519
9608
92376
25217
15609
5455
33295
34101
31082
3998
95470
4783
35887
10583
58057
17394
34483
12857
752
57307
60091
92427
10493
12561
83697
82892
88619
5697
2217
33442
41655
52082
97751
68764
59600
39634
93500
82109
42952
29984
63418
1825
26494
93005
83091
25792
81177
74994
38586
91101
42761
25585
43444
2043
57167
83091
99114
79814
41520
32717
16835
27597
31884
97639
62343
43387
7032
67123
50982
18422
23894
52374
69905
70767
93889
58265
65933
17488
29470
57905
1714
13625
67110
11116
90681
16069
8637
95707
11597
76508
40520
13685
40589
10235
13148
35820
69941
28854
30661
39703
18759
14054
24011
20164
67206
90386
55680
72677
8154
98901
17158
81625
50344
83614
31002
3210
60487
20767
6958
46273
34749
11324
55525
74473
77902
10209
11785
59669
57618
58068
88324
37078
86826
89766
39145
87659
89613
46946
43909
294
60389
35960
87553
12695
59350
58894
63340
56974
79233
9938
75333
49173
21896
84388
4954
7434
58528
49537
42261
56996
78601
96011
15058
50085
10577
80079
94799
60578
44469
43342
13597
13540
76857
6663
85884
98789
23771
42829
15123
19008
46869
54811
80436
47680
82734
39150
15182
2438
84812
31710
29131
40075
4684
86913
21693
64378
20901
37467
2118
79270
64095
2761
12504
35890
96340
61793
72315
15232
98503
6164
83663
15698
34414
23253
10127
23790
15575
67378
67350
71426
64897
92360
75766
12759
14211
73522
8856
89944
84970
21506
77887
86304
40711
35852
54912
44107
42306
44545
51339
20941
66834
99949
3934
78647
48047
13432
5660
81430
76785
97902
48803
53523
70116
30691
14373
71734
26994
99745
21678
22818
52936
82371
30262
76996
28277
97358
74987
98561
68340
66019
81483
71029
16038
46408
4592
64947
88425
97119
64712
779
67861
27425
13159
87067
72703
24364
16187
10019
21479
83178
17112
42561
22866
28520
68005
84463
69687
26937
50370
50688
38444
7099
13089
10766
16418
77773
37484
23708
26099
49426
83308
29875
35033
20899
54957
25510
69211
43194
4293
3912
81171
64967
77082
85162
48906
38922
48162
87517
78403
20128
95259
61487
46748
14023
62334
60762
14336
2393
70649
94929
86879
92479
83920
72052
99870
87237
7527
1967
73563
42494
15251
26493
22644
46457
69517
73477
30016
27927
61859
77495
29611
49966
45304
5970
54166
21820
83126
21009
58565
94195
11174
66818
72545
9363
17033
88692
81047
5029
85291
61669
31395
46195
13954
35909
4877
68765
38843
291
44506
88857
30745
86408
40533
93153
65318
36913
47174
77949
17885
78050
4110
86518
43401
79368
31319
48432
53948
13280
29424
80825
92429
24986
42635
189
46100
83415
36012
9395
1093
85401
82976
82835
76503
69707
63449
24765
26284
79391
44045
80119
41517
3097
87144
7241
57559
44876
2793
34585
4589
56444
14817
25563
70867
63680
96427
5759
43773
40344
47052
81902
901
37778
76856
32484
95073
21275
10014
73694
15919
6553
22148
74556
69235
49304
39307
89332
37842
35393
42630
1223
80622
1426
4806
44648
70583
57413
11967
12822
73280
57690
80992
85940
32339
62142
79218
3739
26240
54659
12168
36284
34862
29099
18666
98036
34296
40260
56327
21562
24373
7095
67916
8379
97713
45828
1280
99474
32971
32208
61900
37659
9307
97192
413
58229
25560
36207
42217
7093
70085
35567
63091
83183
23225
6346
66361
51522
82760
6770
10352
30323
1086
90405
88448
66184
89773
72612
88226
86511
60861
79744
70767
94032
92758
74508
26977
37670
28685
60436
72475
98088
98043
49234
51477
88805
44003
84733
85154
91367
79467
49758
16714
26201
21856
31577
36573
18902
8743
34228
68455
52947
47981
55706
46231
90341
64799
69059
90424
48716
79368
28691
22836
22323
34295
12263
32279
51851
38927
99642
22181
5040
87458
96858
7043
11102
63029
44566
72176
61181
37935
8074
28927
94457
91981
19527
50107
42337
3002
61135
24005
74944
94308
36438
11999
50775
26921
94390
91906
9592
99297
84722
79974
9100
12047
63415
65489
51122
48662
35129
27311
20233
96882
29243
10781
71293
99764
28379
30342
14767
62156
89941
48848
77792
75636
47236
10731
51020
84859
56268
84180
68639
52659
62584
61883
53212
28100
19826
82409
28565
54038
98984
93675
67873
33823
3772
78061
65064
25656
40705
51011
98542
64048
77138
47435
9356
35873
2181
33463
64810
52683
14468
66263
92393
50948
58672
67574
34298
67360
57568
43193
79937
45969
1776
60729
63172
96266
80974
43969
71864
69175
45666
25363
44154
5256
85638
4590
75520
15148
52527
17339
25919
86363
17599
75881
39569
32720
1281
16925
75150
36197
43762
97704
68088
97511
71074
52573
62271
16409
84263
13089
54898
58212
61598
95635
7017
89105
22108
87137
65309
54081
92053
19150
14833
40228
17273
93574
28370
25895
21160
30451
94984
64049
68818
35666
25412
47962
57275
46642
34182
33065
42319
59111
30885
39437
62440
67706
24764
21963
68864
50463
10611
14143
51615
21069
44144
24612
82870
27859
80238
77500
24202
36376
95248
53811
18104
90849
89394
25931
70223
59055
31830
75466
