8250
27767
89223
31369
11192
38759
29252
66102
26783
79552
42178
77335
75352
12545
68664
46377
89067
94309
75223
88863
45184
20311
79675
41289
66173
38096
57675
57117
45597
64967
22610
28367
95278
17872
32119
87830
1579
13426
21333
98909
3718
86882
44522
61578
50213
4052
41127
90241
1069
22509
26459
58558
97194
43222
65010
87938
48092
47934
65196
73096
81083
72135
20505
61815
56941
13810
82056
57480
80426
80834
44797
75640
72976
76313
85144
58301
75789
18096
91075
62120
96968
67434
56047
23087
38508
64052
31172
52056
52862
44180
39737
53644
48230
48236
17826
31583
66377
82707
4637
36402
21995
83646
9815
20234
77711
50819
85581
20881
58077
6708
12149
29996
56858
3075
76127
13649
16087
97417
23307
92888
82637
30000
4618
36245
41097
91153
27410
24739
58487
53561
91924
93081
13458
54672
40125
13321
57619
35812
45376
87688
78470
10291
93978
46153
32031
9741
96785
45154
72108
4177
15496
68959
59400
11749
53764
91994
79028
73569
79137
86558
23408
60842
62394
4516
14783
19067
16537
2186
62949
62805
56030
80275
52041
35618
14417
72346
36022
58464
4214
31355
94367
82255
52631
54309
38064
22965
33681
1709
907
48131
34293
84049
56675
58817
64280
17628
47897
89461
31370
12963
93204
94599
82205
9302
48147
35221
16917
23782
97331
81418
55972
20564
69355
47781
92191
41152
8211
8084
66451
91818
85386
14827
1278
14818
28512
71980
23599
93223
71337
96789
24448
46560
27094
91250
38151
99767
50
43328
6162
2843
6047
9899
4378
19488
92158
13728
14694
8893
66626
23127
9417
39813
23009
39551
27577
78377
93320
67386
80790
76167
11621
23693
52444
542
56970
9411
93470
78104
9629
92423
41102
64882
1922
63607
85770
75486
10448
81790
22659
14783
57285
14706
26596
48209
87371
84635
23550
87542
63672
59774
6447
32663
62537
29995
91222
82353
57454
3836
62518
82746
20258
36589
99263
74203
82025
44534
37890
59402
53781
52091
67928
11530
44726
66006
18881
96914
97096
4234
13170
72334
85861
5928
14432
49855
85975
8438
2345
71927
72384
3416
18031
6612
19271
39912
94525
20695
15442
52393
66184
42837
46744
64148
33760
11581
91846
94917
87937
96531
11113
94308
85256
53220
90666
90184
96885
14330
22157
49408
88227
73586
42189
65963
87017
50364
34059
61315
92258
4813
71481
98185
81471
44703
38050
70332
25589
21712
72167
2850
58008
91058
20501
5813
60813
78076
18160
64811
15946
29087
43026
80194
98538
66034
64165
92597
648
80781
77131
83396
77522
30530
2658
83123
25049
12928
12836
40553
15170
20333
64594
75173
42162
19307
91399
97169
53085
36375
5149
8940
32204
69247
45369
63171
61787
91286
99647
15437
80537
45452
69684
44808
44580
88771
25328
27478
88400
37378
80763
47885
65239
77606
49641
95612
64492
67853
38032
79231
74634
66996
39512
64272
75631
68190
51191
8274
85161
39486
21335
33763
13281
97399
60015
69717
50649
19785
30592
53391
93978
63921
8769
15706
55611
57264
43700
54597
19605
49756
98679
93933
53254
20416
40802
13541
5940
5411
69177
76389
37579
17053
42316
48913
16042
47000
34603
67840
17591
79923
44963
44706
37260
84641
85252
10713
58226
23805
8661
18366
24490
96594
88668
35405
40807
27401
80509
92865
56596
46473
63777
45238
50608
54202
15811
76924
21605
59855
99664
8611
22660
75859
37005
39681
4792
53972
56673
68612
35163
30089
55314
82134
96750
50810
51899
40985
28385
6911
8106
88640
66491
41738
11244
71117
16146
99725
94098
83057
68830
8328
89107
98371
24140
49
95705
48630
59588
48987
30612
86835
70728
11896
57701
26506
91158
81642
48488
99797
2303
74826
48539
14694
51749
11023
42120
80922
64615
65887
23535
5067
59873
73616
99782
26835
40981
56943
57993
96700
55105
3269
81396
79397
76298
21271
17912
54594
84037
84738
79959
34503
51237
94301
80754
94003
59788
74413
46621
13117
57929
14783
84015
93700
25451
25545
26961
97112
12114
30866
85524
34214
23648
51787
44691
99033
93429
69141
38395
30478
93111
87525
96884
79876
85928
89031
53829
65572
92861
5778
67046
66568
10322
44876
38770
40322
19254
87695
53946
50752
94309
20800
42480
53171
99213
45744
10855
99449
49609
81720
573
90646
36017
16143
20005
70403
17898
4138
7772
36420
71716
61389
4250
6335
63819
18956
23892
78772
13017
4369
79779
5734
15195
87643
36168
72311
45045
43713
80663
40184
78176
54379
15963
11140
5205
76399
30550
94178
24870
68366
22423
15115
79923
17525
79036
32920
16549
36144
89352
80257
21851
32083
86432
45239
1941
94839
75451
48374
79974
47694
25357
74184
23475
67588
58244
17336
45425
93109
1130
87419
88405
29714
53901
44650
81945
64664
25811
97670
8607
3248
55761
8900
54361
405
18332
46092
67947
70723
9199
10366
948
82176
14203
77176
43008
48238
91640
12334
59281
61699
87494
23439
35014
1932
91851
92137
78182
41781
63293
37277
69027
77781
39767
76726
91932
16457
19823
23069
49255
12151
49388
74702
83910
90764
86470
6229
15510
76724
1641
33706
73024
13476
38389
46907
15753
32322
73885
52428
8554
26194
67910
26166
7429
71922
41338
23167
42409
37477
85243
26551
28415
68570
63078
47129
12311
12791
39529
44250
15461
85621
76627
1457
40139
29586
64253
55551
39392
92859
60973
59610
42571
67394
14515
23061
44240
23222
67273
11987
49425
63303
63820
78033
91481
75090
5291
4453
50397
91259
34596
2961
92792
29635
36966
22932
49567
66453
86026
77842
7669
85786
83774
49549
76503
25633
83980
61020
54055
40017
2888
89088
45518
27541
94824
52158
21800
98593
9975
65049
24295
59799
5153
48132
58263
58011
66817
12936
30427
91582
73493
77787
37195
89430
4318
63639
79528
14271
1529
65847
91109
44271
50397
10379
88371
45507
57442
65251
34810
84808
1132
50973
56477
20977
53547
47869
80632
35642
91285
18491
58816
71044
30592
62473
66524
25101
51892
56087
23223
31185
72629
7529
97064
44128
73939
80024
9401
94773
59761
12756
569
1565
78126
45619
90449
22519
21309
16218
35883
56448
83006
43886
22985
83037
7031
20065
13678
87924
43855
63269
93614
1355
42028
3624
12179
93602
53909
12349
47038
73522
38468
85859
75880
78529
17922
57250
92918
84973
72023
44004
3791
35674
20203
66774
48179
28742
84543
14026
37096
53873
66345
21477
50918
96491
19141
99213
59537
74501
33439
96846
68610
8959
69180
62360
17980
97147
68005
44456
65115
49781
27147
28705
15900
99851
59478
57940
81151
75254
55445
83436
9059
39883
75253
93164
7177
16990
34941
79389
59387
18708
97712
18416
51533
75176
75394
94831
66493
57843
48793
51031
60736
40086
48911
87315
26726
37640
5576
51066
37013
61200
18062
84283
19056
50002
87787
28727
33706
76016
55183
989
62206
88616
85068
46406
52069
8730
77171
40724
24456
64646
91447
23308
26460
4413
22700
68972
90971
87937
66437
69536
11414
83874
42375
98187
646
13428
99360
1531
87389
46667
61125
90477
2659
47803
88825
72119
55017
2505
35246
17995
60469
64852
26610
72367
69753
94754
57823
14643
27302
18814
37755
45768
9578
85646
89575
78331
46241
86881
45760
38640
9370
75640
53334
77789
3521
969
20648
78656
15587
50580
13955
88466
52691
48441
9067
46562
57264
70007
28433
5891
55605
84716
74228
68574
8911
15356
80898
17012
58228
10493
25878
68136
56744
96605
8625
84829
11517
48820
68846
68783
74105
79166
99056
76721
4859
49288
93077
61136
76579
43012
21067
76233
58447
39868
83034
24653
1411
84760
68877
88165
20071
3636
20428
5093
24702
45819
31721
56086
39816
24238
35045
8443
1161
59650
31785
76438
85660
97507
63715
59623
22279
19762
40432
15215
89426
49644
9688
16876
13570
83971
83417
26756
79943
80681
48712
70469
58738
93962
52018
59040
17567
36990
21319
52341
7967
12624
75072
98797
8083
6596
38993
3904
21044
9254
65886
308
63203
5212
15667
75058
36130
14845
42515
55844
40820
8288
28499
20479
10938
61315
17700
91697
45488
4675
42056
85288
98442
88091
7248
76801
74572
10890
8792
6974
44978
79513
5712
70689
14795
48403
7266
53526
78295
76960
22909
2721
94475
65475
11521
99678
84124
54592
87859
46767
88895
47295
58415
16369
67198
80597
1866
75112
97963
38865
486
25240
6053
35540
10866
61306
2576
57810
5684
62534
54049
64173
13402
68527
81765
39334
90812
32967
76570
7569
92676
19979
23031
62025
18079
97683
21097
89342
3491
34197
46537
32153
55563
39429
76474
97669
96668
58934
54608
50214
97102
26314
48907
25325
92717
24721
33892
89888
34604
27863
89784
68898
98542
90393
46189
80506
2208
44027
17461
13183
40209
13234
54319
71487
15997
21895
8610
73972
92053
84096
42666
31878
78358
26355
10467
66361
71071
97706
69307
93357
63790
31209
54738
75628
44412
77638
33611
65169
93240
95967
95460
52640
41473
41425
10005
83868
71995
77420
9328
70821
16111
59920
97834
50507
85196
57906
90540
72186
79925
79827
9434
4502
74719
24104
49392
8999
58495
78691
27074
38358
88284
43440
80731
96086
88635
90026
90405
36933
16350
26599
94366
93651
88378
98486
77245
3869
33375
4230
90431
86506
87098
61425
85243
13413
86532
90957
77920
17368
92032
1005
25372
93304
50346
70969
82537
72670
79189
1748
61871
95170
67501
53607
55835
53326
85460
15783
16124
76233
46858
45523
75624
54264
88259
40568
51260
26859
58196
67317
9553
97678
12105
73036
44900
15345
1226
1062
43304
17408
15948
4575
24680
31627
42358
95261
19004
33490
5589
31917
27953
70749
74832
1687
70510
46509
25380
71107
5044
9777
19708
55678
14473
11871
92194
64193
83064
94464
8706
40490
52100
84398
72478
98716
60284
42283
20843
43997
11906
92998
21563
17769
21269
26279
39364
38804
22845
10418
2526
98391
89964
30118
96017
33527
97699
60270
90101
12808
39432
78165
12196
24540
24784
65099
79817
43555
98270
76116
41402
28227
25666
81383
59201
12046
88214
1939
34408
88194
72507
53390
41348
72646
91937
10315
50525
21981
88380
38951
1016
14
52181
8034
4565
33740
80801
97023
92985
56170
46462
95809
40534
46728
69015
74299
72725
8581
70916
83970
45312
95760
25861
1907
40300
86041
36817
39549
32602
14468
14573
57835
55174
59318
75100
41388
76045
17631
76818
25461
31245
91190
8953
78237
41731
76698
12856
94619
3631
17638
37590
41944
51064
4409
93638
5255
74152
50273
67733
18523
96923
41251
64421
78516
41597
88626
40634
81215
71628
27627
98253
55093
31762
45455
52725
54122
86806
47624
60175
63602
73185
42197
35918
14963
76878
72628
6770
50764
65679
69844
67235
25772
49897
58294
28537
89993
26769
30437
36640
53104
36063
31641
22991
76003
19384
82496
10182
5609
51683
39516
18448
26528
90097
4131
45337
54725
5332
49457
1637
68969
81856
89869
15535
1783
60392
72481
5196
73467
16918
62731
27352
56369
10984
7071
27538
41544
19206
59915
95579
94382
62446
1161
99081
26162
51396
40707
35674
45766
12957
73811
84661
77311
28799
67670
71248
46194
16105
21207
15611
46902
77300
36714
88691
88952
12164
62079
15544
83026
76592
3793
35519
45417
53878
7255
6523
80695
90788
89372
50387
19685
36807
59429
60510
43106
78070
50041
27569
43313
35822
81344
25439
97998
44303
48676
17081
25731
12470
10129
13998
89316
25162
52648
69173
9163
38292
39243
23432
21544
61147
90553
55405
26732
70820
95926
10095
17870
76203
45584
10881
62122
34510
72231
47203
95248
78354
37520
1113
5202
90173
80791
68225
80659
75373
61070
94522
84159
90255
51346
4814
38827
26608
6024
82165
45269
25938
98706
27177
48377
38580
99211
49528
66885
99247
51876
54806
52931
5444
73925
30809
771
38129
18230
31371
80356
22327
74746
51358
9750
1404
25936
27614
24856
40770
72054
35514
28485
90066
1933
69310
79648
10343
52736
66621
90962
31262
1340
81411
23497
6263
41591
78714
16330
20537
4042
697
8377
74653
1808
22942
51191
47347
17427
46973
12643
71596
24671
26114
27193
16361
26320
62865
3510
4614
51161
90428
85393
51608
40409
49093
20987
93334
27861
3486
59812
47221
11283
4319
36727
71357
27136
53832
88257
78991
18118
32300
92915
5763
53977
19365
6591
75225
54218
7136
79942
78725
75203
11716
69376
13614
15303
56768
34243
52714
1954
57857
19486
13940
87160
65421
60312
20352
89386
55836
89224
72488
74607
24519
86496
18860
97512
79629
97630
21043
42502
45762
39116
20725
23543
81086
72018
99567
34942
23113
56053
70368
19588
35542
77037
60260
12814
78974
18603
88555
59053
86239
85838
98381
17911
7454
4118
50684
25219
50515
16102
35674
59138
13200
10212
56192
18741
98761
90397
6073
93403
60744
85409
66273
99783
18856
52899
39065
47482
26235
6046
18537
61026
9074
61989
56262
59923
40734
2813
16088
76968
21334
74348
84427
7010
20378
11230
6387
25330
20845
41519
14053
88577
12529
95152
98309
830
19565
98598
99054
54554
65053
3201
98983
44469
97565
74647
50063
51211
53949
96268
78006
95947
74308
29104
72069
86396
982
59262
79404
7626
46511
13734
26637
84716
91993
29960
48496
13922
63680
55432
40357
42135
3758
61534
11915
18132
75364
39957
9445
45731
61166
55176
71380
24576
63512
18105
14268
83425
23083
11913
99848
60302
19194
91428
8042
51318
76564
14267
52476
67604
26151
36140
87530
98516
55910
35871
92189
12774
17188
53937
11031
61024
49817
33673
46459
91335
42353
2060
21203
73887
15691
65071
90839
51767
55584
80055
22940
12330
53491
60597
41567
61097
87481
41840
19579
25025
67646
72863
68665
27641
25916
1494
66236
69146
881
38823
10484
85521
44968
16707
8964
74504
93064
78588
51913
61079
45301
35762
42932
75855
12930
79859
59283
56591
12369
49933
73543
7976
14093
21433
23688
69490
33394
93562
47971
14197
98835
21693
50885
16760
69570
37419
67361
36783
51632
67063
68033
8892
89927
58499
79724
31883
29931
92810
14710
46057
42211
9644
56776
50947
65280
2508
71427
23534
93018
39474
41109
99501
30616
37716
62244
23608
84877
26171
6284
75511
12497
22499
4958
45306
81900
64650
18049
55593
41709
91805
39558
40584
78851
1914
71986
89190
64916
99937
51480
67062
65991
43826
43765
12158
25953
68531
78275
52210
96255
56116
47006
3759
86525
39199
33559
19711
4685
11470
69047
630
84458
15834
81825
1213
99915
524
20650
28702
65730
73053
58691
84939
74690
39221
9519
68670
78734
92800
19352
13369
86374
65839
59338
85593
44799
35798
54058
39652
68354
52274
84505
53446
30890
50850
82604
50157
62001
42552
12242
25428
47880
49573
86480
23201
97424
62066
29069
47303
29679
64888
40977
11884
92118
55677
14255
18619
56496
96232
56413
64116
46466
80998
60347
13456
88548
5245
54048
23840
56617
59362
6669
36181
80557
93923
65488
36801
79358
36136
88168
82732
6729
6754
9972
3465
11296
72620
61328
75212
36594
63985
93661
65768
86138
48126
78962
66882
89225
73024
34653
92179
8017
5228
90686
70317
58219
4795
31327
98194
90189
77454
39260
20360
8064
73681
57387
39711
71025
56881
2159
15927
43916
78836
87245
92632
65700
40901
50043
32431
14960
98605
47575
6334
1482
95988
74714
1501
16068
39654
45246
6500
41293
63133
85023
59139
24724
73300
57704
12456
90738
39250
95857
32343
70864
18726
48263
29181
17982
98054
4616
17317
54752
98895
83234
91583
29878
32926
18878
12076
98966
55885
23643
31371
11635
95659
74634
80783
93812
28105
67907
92400
83196
37586
41692
75709
2748
15232
35469
82755
47725
45532
83518
18014
35037
27928
51747
42397
79899
93440
29261
91797
54422
45628
13490
34853
15607
64486
20708
75204
44092
67479
35369
89876
30146
12216
34121
17165
57202
7524
88834
14646
97457
36122
64351
53433
72367
5629
96333
83706
43911
32236
883
371
98844
76109
37977
37568
24096
6839
60102
38262
94523
60264
38663
80245
10163
93642
87867
22821
93807
34582
85195
72375
4605
14614
94340
18300
81277
60057
62486
9977
68153
37002
31293
11856
66595
34997
91031
54036
74239
96552
93069
50363
47421
50572
20122
37192
97459
84105
43270
78724
17761
73511
89898
9329
47041
28508
95766
84230
81769
19676
56291
64039
44353
50124
70109
57521
28971
26807
13649
75165
2610
33831
48581
97255
41512
34832
24953
54032
94491
57148
20841
97171
16786
83761
92216
94641
47104
21963
64814
38087
39231
6801
72267
54562
40260
29030
6009
97297
80463
62601
8220
70651
70456
68104
76114
83929
24930
92642
67816
12209
3555
41733
89739
24620
98835
59120
47252
60592
57908
75468
10417
7007
61992
75561
35934
95809
61564
94018
56994
12482
28822
27656
73569
31889
48927
50189
26714
48682
7647
8286
69710
54461
54147
52605
34532
97497
17061
47646
55727
81140
81778
45416
39389
4995
52184
1212
8659
94894
32169
80304
22365
30911
35648
55333
83386
75899
68164
57849
75692
48645
32405
98569
52945
49621
5757
55955
52860
9386
41029
38436
78747
13918
38291
75854
30704
83405
88267
68574
79705
47715
41530
31819
16512
27342
85921
38798
18813
98813
69219
58632
29333
59212
71953
7081
48734
83208
92471
89767
99237
96228
48352
99272
53864
93733
1556
8447
92620
59793
24629
99980
87631
99589
78143
27977
7115
586
82056
25602
63700
66958
37142
54046
40167
82396
9103
19534
41964
31209
27119
47495
90934
98499
69336
83476
99362
42257
77955
22779
25785
77473
46178
59019
74184
69238
71001
29743
81069
43975
99965
48148
1151
66868
26067
32279
59086
94305
59104
71467
84630
82022
66482
61411
32673
77133
9046
89132
30253
94666
28614
64858
22630
59277
99816
86226
20780
78122
79862
70929
11395
79359
38465
97989
31243
78971
46343
24065
72431
37057
24390
5057
83152
6487
38149
43763
10991
84767
26345
97050
60191
81868
99490
86402
15360
35107
25517
41874
67051
39841
11499
80963
14443
88175
60071
5270
43556
68493
30167
53702
30789
84981
16700
93195
70276
23557
81705
16143
21127
56053
75234
36013
51776
82811
10737
29527
79868
52062
82628
96136
53454
4469
57013
32590
25558
43426
90614
94977
46415
32878
207
42498
54599
72643
66260
75210
65167
6295
16126
91803
53401
9373
20746
10998
64606
75485
29187
31631
77437
30544
25402
91493
85864
34030
248
26320
27968
84109
67637
26849
32942
86728
69728
88249
55845
32736
81413
79133
16551
35527
64359
73573
35936
90824
42735
44080
83722
46014
67984
50072
14239
58983
17540
15870
7476
8713
56633
20568
72395
39939
47241
81058
38657
89276
58861
66672
39645
32497
55152
31870
94072
50053
15080
41909
66184
51829
55557
95040
91295
56167
42598
81953
16125
17565
12609
73959
69188
53857
80772
47132
76102
60844
6738
76611
88286
83301
34915
46659
31963
76062
4434
51225
90861
36114
55999
64185
43903
75630
49685
55647
53156
61593
29273
16227
97341
65287
64932
21092
76666
84901
97484
85788
51724
8020
55767
33227
43315
38468
53623
82883
16913
8897
63077
15232
51733
91372
91092
80011
61565
48424
30056
93557
4171
25125
93975
14509
31570
90511
79269
22998
18368
13823
69992
47061
78578
18646
99501
82841
80346
22772
20870
5434
22007
66802
38733
44259
98515
14041
64494
5969
74195
84921
59527
28242
54845
3926
81616
26598
14044
41258
1656
52804
59199
30625
64515
3090
38904
16016
36653
33086
91871
8251
99664
38793
27554
24621
71550
37369
86391
49716
15993
17529
26016
73300
48802
33446
54296
41749
92215
74652
37030
72902
68796
39088
21115
68065
46234
91382
2287
35643
5354
82499
77387
31407
14097
65944
85257
20733
688
30223
32375
44247
40207
64328
25264
84127
26787
85899
81822
31068
48793
97154
23800
62001
96055
18969
39454
60576
17677
59488
78387
80168
35082
50747
44361
33494
40142
94609
59202
82858
48189
33562
41061
61991
42276
92782
32695
4468
13824
36988
41277
60335
9559
71218
86849
8199
58698
15385
35351
95128
26489
24680
3056
41199
51836
52206
9165
89459
19966
91769
43984
32178
26696
98964
82879
15231
56093
61809
19725
3273
86273
34986
46752
80689
18211
18051
70608
63863
63897
36162
74795
24756
59257
64074
56368
23508
30505
99861
10154
90069
83617
43235
84502
22054
93003
9099
33639
10595
88339
71618
52106
96889
95660
32078
8854
91503
77928
22367
22988
33785
81598
45301
25561
83803
16973
19227
72921
62621
42595
59370
84725
56232
51654
29655
19655
43038
50484
24697
87685
9112
84411
60013
75524
92279
84055
77906
29096
27178
55220
64864
45580
8138
76872
76369
8471
38315
17674
698
5080
73775
36177
71018
67999
28968
86892
95874
45234
66005
12423
65816
41019
53230
34681
13876
49373
21584
69777
33281
99747
39067
90131
45742
7400
77731
13790
76587
79359
75285
21183
81339
25363
49785
19617
13909
72934
13393
92014
46556
5387
88181
32672
63091
14755
89404
23844
92349
73456
62995
26995
86887
68538
84393
950
66013
83643
90434
63617
90268
15178
10304
16514
69948
44821
31083
40452
91233
33613
20772
40942
35979
29570
23221
27893
11566
6394
27040
30987
17996
53886
21440
3130
16363
48289
34296
12801
40970
48835
53603
30265
82499
49776
1746
31377
95082
71666
62723
18270
83671
48951
32611
58736
52684
22053
91016
57316
45317
56499
89384
59618
56603
59447
45620
36381
93737
7174
151
21658
10524
18282
99482
42398
80009
90506
58443
86202
27824
91843
32810
39899
43671
8770
47316
69045
21275
62703
50445
94309
57273
76980
67483
84470
59451
93985
73662
23052
4156
65364
37640
87908
71515
41064
7745
65388
49468
90212
78727
62178
63610
4813
29492
53473
23689
49484
15947
47832
12130
76575
15106
31033
56728
5841
64385
33544
50798
15012
82947
86024
16844
35390
82046
62459
54203
44902
68383
2607
1024
81927
19576
31062
83976
88267
30699
52460
47487
14009
60781
9966
78038
25829
10921
27581
50258
6606
31179
65673
76679
74201
14589
34456
7265
92703
45333
28219
22766
67032
99270
78786
81100
13339
46807
30202
56998
84043
47057
68461
75141
11924
86056
36789
54231
72980
7985
91014
24468
54465
12201
47596
13722
2710
25927
26823
67337
85120
23797
91273
42933
2479
29693
80455
14738
81994
28866
64698
79021
80719
70582
66214
59549
62718
90531
64754
88145
77800
80225
34285
84717
54319
3750
68301
54830
51674
65064
78390
87412
19984
62864
71878
60246
55784
25527
72662
82231
5600
22050
72236
44114
43287
11993
43749
83883
45986
88047
51004
12178
61173
38677
89537
4894
89511
6555
88614
98729
61392
25625
63064
16929
50475
77286
59036
17854
98703
5968
3764
37190
17869
82522
82545
55750
7988
90171
41429
42325
60001
84418
8843
63626
14059
66212
26238
81307
73327
66983
70734
49228
36913
73932
20839
79975
58985
55306
93638
66001
52956
25894
85179
40018
84282
13814
94308
78650
56132
33786
96906
99340
65125
46288
38728
76973
16781
99437
2870
84263
51047
77729
44526
31719
35233
54536
276
43937
61683
2569
96765
52681
96532
75428
89369
34106
99238
68824
79344
245
71904
47587
25174
39541
70077
71393
84103
90624
35204
43865
63194
59547
52436
9375
14953
75226
81368
53459
4784
29746
13538
50371
16967
53563
37021
44225
2807
89697
56919
4621
77734
47956
20092
2625
12359
3460
52555
4985
61642
63839
70433
9651
8732
17817
39375
37217
244
87157
60474
14142
52738
45779
64040
49598
86706
21532
30619
71611
2520
25852
68586
94405
33705
30582
66131
15237
39455
49811
97016
11493
22671
76382
91817
40945
59312
3886
41638
99150
14187
99803
43980
15650
29222
42777
51883
31955
83916
70494
15918
90826
72840
80943
2465
35789
95253
76027
75945
78149
51686
24137
97762
50433
90140
48980
91470
76355
53962
23095
90285
82820
79893
31469
57423
2716
81872
52935
65183
90928
78698
34175
31321
68960
33893
6189
38653
41728
73917
56027
45691
83285
27940
63489
47463
90049
2041
93547
25509
80241
51306
75528
77993
60821
80208
33098
10932
41370
23519
99748
53917
42318
10843
85017
99450
17510
92816
28801
16540
83951
10327
49742
2438
97934
77403
7000
54879
16404
84005
67374
674
88325
27425
84941
39621
3170
56182
70500
88752
794
95257
97282
18208
74168
2109
3372
72441
42923
64038
29953
97233
73240
77006
41558
69914
1564
73090
80058
83417
73208
78219
94528
57365
56145
99073
65592
14893
25902
45395
96280
61328
22315
40049
15745
88693
13044
31534
28269
95825
74031
34559
11955
52366
54052
70140
27434
11318
85866
15027
38057
30080
76123
87083
15543
22575
729
39917
62062
75095
36516
88479
46539
97527
67758
68624
74917
33190
61261
52865
56869
70029
44821
84233
9386
38649
66263
42162
3312
86005
71638
54274
29026
10874
7337
66200
85205
35232
24505
93170
87964
73126
69471
53174
59308
85551
88019
14427
84607
85427
95222
94244
50056
33001
58157
68028
85259
91890
77697
76894
56311
58567
36605
76057
3456
82241
59453
35664
90189
1558
83419
39685
8685
68090
64900
83743
557
91646
24924
23834
50629
51835
57554
17884
90782
77394
4217
96025
52717
39309
80940
93315
57535
47610
36858
29397
36521
93414
49717
77066
26098
52355
24237
83049
2008
55537
85559
81965
68101
74413
67470
93612
66965
53862
26265
4476
1012
18720
85275
26061
78024
63427
82947
50880
20617
90104
82149
61074
31232
35502
47222
7143
41929
47858
97735
98274
27597
74504
15876
35244
91835
22251
27923
78303
71839
87328
26349
3672
21345
32382
28384
17800
8138
23655
99042
62670
69407
73357
62432
11903
73388
24485
50733
32598
27191
60326
51683
19107
56126
27991
76878
26508
2843
50031
34226
55772
35504
4644
79040
33288
63754
78477
39728
98850
7117
29421
99004
18273
48815
35065
28866
54239
12071
3973
61855
67350
71518
95325
51111
11513
35645
7242
47545
93354
55503
1876
14957
58107
89429
43270
27166
64763
94317
29144
48148
94911
84756
51883
25480
97769
61321
33409
70291
21061
99125
22638
14437
98870
88175
66876
84253
40178
53532
67527
97643
56512
30931
46374
43346
5241
14464
40897
28843
5544
7898
64102
59922
82927
55824
66944
82593
19635
69844
53342
50191
2235
36950
26484
94228
32865
87438
16087
69931
22552
59016
86987
11231
26790
31500
91636
63979
38381
8537
20239
83304
20424
4566
64746
13162
35022
62715
31509
43045
21230
84282
64618
70334
190
17335
95407
19561
4447
52145
10480
17802
98377
70965
6290
46527
20911
52871
33132
51426
64188
2965
44212
11098
49605
70037
29767
97669
72204
13321
59206
70149
55929
73041
48701
38270
94398
16653
11040
9454
36093
72075
59532
86235
98056
2436
84927
49458
98275
18219
92251
82151
29583
80082
78857
18265
40070
53520
20729
30153
87568
97738
47357
91125
92939
40330
61873
25335
22264
68020
52129
4258
41830
23678
15333
92112
43432
57976
13041
47169
85110
80308
99394
53985
21070
77054
40566
75846
94184
30435
98199
40878
95924
80887
21886
38354
24718
68406
93295
57725
40562
59591
27194
30254
66089
87993
40320
5905
64749
86744
74832
82094
40478
73559
45042
7260
98344
93372
70055
15885
99764
86026
31151
91828
69820
11250
8334
60943
1792
76978
67394
75025
64680
55315
6606
25518
53113
69139
87895
33076
36734
34661
11097
7439
55602
16105
399
22364
35844
14625
40010
31346
98351
77410
57961
54536
28439
35366
60434
54838
79659
79377
4113
87770
19350
99807
17413
85162
66953
19524
54146
29204
5476
36978
79151
65102
74929
23711
36225
53714
10851
85970
25098
87166
36968
36048
76674
87269
97353
52070
97079
17747
8705
33056
53417
57356
30548
23327
88089
55795
98692
15236
55410
16320
60479
10805
25869
61373
98259
92859
79606
4727
99140
6719
43987
93689
54279
16947
50801
83302
23132
30143
87809
14883
22444
36399
20499
72420
83560
21794
34554
51601
35622
80429
55022
95614
30559
8777
26686
26162
10179
15301
89010
4494
72463
92351
18606
1985
89069
59728
3077
13601
72525
4787
32663
68548
27427
40526
93875
24080
90305
53448
77812
76465
58304
28004
69105
18710
51696
48372
63129
45501
90260
24639
73122
7831
41133
83314
42420
30093
17792
18513
83351
23831
18717
20953
79076
30835
47766
86474
68186
90032
14901
2606
35856
56730
37488
12544
46189
44458
23246
99895
50289
40696
96599
57575
23341
47885
31664
24831
27415
44113
98106
63782
6287
71792
70097
53980
57748
37351
48928
38269
70944
65222
80186
73096
30599
87653
88782
16392
70342
28588
37124
97961
6846
17896
68224
42655
27232
61141
97611
31190
99170
22934
59059
24073
91926
51119
96319
64064
86632
83508
54796
8837
95530
84976
28951
85066
60509
23502
26976
35687
59103
15271
54489
98826
6988
144
56935
88390
3567
27442
26747
96606
39739
17737
39098
48009
6163
56112
81170
79480
91334
24718
29760
86833
73791
28287
2431
21869
88944
83157
82145
3730
34165
61924
72087
83899
68445
60232
17085
91781
94183
7928
60496
59189
56760
58190
69097
77792
45878
80942
78903
4397
42332
47495
44353
34384
85511
67655
25034
78701
97712
35066
99446
20409
45297
23017
62441
77815
45650
55199
79563
45930
39027
89388
85297
83405
64221
70570
30073
15601
59189
24639
75991
8002
4254
77747
61397
86669
17570
37702
98388
789
35197
38383
94068
59117
8482
40086
13892
33743
95748
91282
32141
90678
1378
32972
65370
52944
62198
60947
70163
14940
37582
9433
19512
73073
59074
91443
16155
67549
61619
75772
60244
7947
56810
78774
10733
643
95319
26179
74923
24134
56678
96329
19852
67907
92497
85312
6623
71281
12377
8453
24470
56622
67538
83447
63207
25763
18871
20995
42
17038
23931
46342
72123
19976
31037
24194
33867
22604
22239
64726
57624
36018
86024
46028
58262
41252
89581
51605
80575
73761
84820
44873
55172
53165
51301
3622
40408
73363
15566
84969
81772
74323
26137
57884
203
10335
24206
99875
36869
68303
51444
84019
49042
47650
50829
88451
70598
21510
25185
21954
36182
67266
40419
26280
32218
79057
91170
18957
68674
27415
83785
60504
7037
37270
82954
83300
9881
28139
45825
47926
17046
89705
14735
12272
22317
800
95831
7521
2336
62849
33023
18898
48177
93611
48786
14505
33903
99856
25666
21145
19165
5248
31201
9454
84518
90939
76981
11772
64696
67528
78570
42458
75684
77258
4908
46477
52530
28147
3963
31417
83225
83648
16621
5825
94391
64886
12327
13425
88483
68448
49396
10024
2473
24679
28761
11798
58504
5280
27753
31377
23818
84059
42824
34808
84279
90565
43214
70919
88703
2308
61975
5756
95893
94248
37919
35516
88626
25375
15063
19632
78612
63556
23288
96248
18131
68546
39985
51005
48497
93110
87973
47250
393
72585
7598
99166
40824
81813
21545
3825
21672
41408
24721
86174
6473
43640
14130
8224
86759
93244
23171
33128
90216
8121
52764
60262
60770
46576
16676
15733
50579
92209
22421
95593
14335
14724
5362
23307
86650
38753
94692
6813
3830
11237
97959
37204
38834
37114
89774
74490
54415
31761
64245
55252
69938
54845
57033
92272
19821
47335
38396
94247
65136
5812
53245
29462
18986
29128
71839
91748
38278
90823
21573
48006
98552
16357
29297
78979
10161
15559
21428
23656
56802
42186
61318
18818
27963
67168
25655
59490
57691
13089
3486
39314
356
445
41677
98018
57991
68497
18218
9706
65275
98025
36211
63592
10187
16238
56700
53581
25547
78054
82110
4261
25907
14740
37445
22950
44494
34427
1499
51817
3473
12349
34057
25189
87336
82259
47649
98107
74680
31279
20987
41664
97341
11722
58381
58776
5974
97725
8631
11724
10468
72073
33942
79637
30979
99224
13406
85616
62999
18726
53523
23564
66997
66400
6232
52926
63968
11022
76255
27927
68588
58593
78900
94267
57067
40445
6920
14185
56359
78668
16975
46768
25796
89774
41348
31399
78406
54419
94209
88111
68853
62033
35107
55953
77755
97422
74666
30940
5489
5455
94807
94952
21470
80703
43136
51875
93173
39674
22570
90533
92304
99221
29257
84331
1750
6755
97768
77223
25052
74833
74519
9548
16812
88144
59074
6555
23485
22947
16511
59644
65778
75979
8695
50904
83860
22023
25298
45092
46638
89473
38226
38731
31849
3676
95806
69631
32776
50776
54202
71000
99654
97443
5888
30656
30935
85259
78139
33325
21628
36580
28389
70226
23162
62925
24754
16325
90526
78353
470
79726
81457
52675
30585
35578
36607
35787
77699
13136
92337
89443
73779
72709
68744
45511
59989
68335
70091
78039
19968
98601
43884
91972
23464
10057
61084
68000
15569
68923
78921
79481
79105
54423
50305
74475
89543
46979
66857
70309
94049
95147
7559
65003
40988
32185
62801
55679
1481
77651
2935
56418
46233
12487
58384
1868
35842
89484
29210
20528
74494
68607
20218
8775
34214
12856
10338
19356
22403
94268
55968
13010
1478
99781
83990
24820
91041
78881
50983
91278
47256
5404
66518
37917
65988
22502
33247
66618
96038
48437
38633
58
17768
46329
95815
25441
74929
98784
30788
28132
21847
43444
33275
7213
21683
89925
54940
46452
28497
33564
10826
56961
38501
37932
73271
69089
2089
82300
42787
11712
79608
43720
23317
73966
55635
55910
95242
55148
3965
58548
49891
92257
48092
22851
69431
3811
72128
59304
16234
76062
67561
86794
38120
62474
37610
81671
61557
79836
73057
26725
23352
92628
55997
19076
48523
78127
20127
59309
51578
65773
94683
99792
42486
69948
83672
18569
8868
15649
68501
69460
96960
42784
66066
66724
44150
92813
5599
60843
36355
73963
94352
15405
82090
77240
35195
57262
36259
29016
74327
91303
83684
12819
7726
50461
81379
67769
44308
68171
78801
19041
72803
45907
11335
3597
29765
80568
26562
89273
74925
55710
72528
59283
22953
77615
71420
79277
17701
65246
34753
26410
82309
79852
41322
77197
85776
84140
35058
15604
85344
76381
48505
37427
82041
17313
1160
48445
4070
78493
47474
54627
30700
46986
54090
18617
18775
24400
89866
30111
79041
2102
50067
79062
33418
52391
36732
92951
4584
34137
17821
45624
45510
10957
3928
98544
7205
35101
77241
5639
76455
22974
75206
39208
17771
80126
95709
35322
25761
22705
58422
61375
94274
4947
36563
83242
26313
69442
4008
29650
80581
8208
43860
69933
60671
1850
9116
19742
43058
55545
11412
83673
47158
84226
53656
56067
26895
10858
61290
53292
56681
1409
67189
81879
75715
56445
51349
40563
74394
20686
72231
37762
31092
47591
25057
68246
79113
5273
78536
15920
71009
75966
92264
70215
11293
74748
14217
10048
51290
80496
56346
15455
8152
50716
72968
79172
41019
61981
94217
4226
50501
68553
45348
22372
83314
73649
52581
99566
59168
85409
76953
21621
32321
45369
82282
80715
9144
96974
70586
966
42228
41300
89272
93898
64339
56776
29609
80376
74623
45885
27226
17132
11055
74310
65419
2455
30618
69892
86900
37643
22167
14650
50880
65881
3542
34725
83133
62782
68433
92253
70028
44044
91394
93251
61998
9200
79281
51449
58032
26538
44039
72205
24943
13283
58183
59821
10565
58011
79950
79826
50096
39251
10073
32943
78799
27577
90420
23391
90356
29614
73642
66827
11942
82370
75856
83181
25737
17804
12312
56219
23174
79168
11859
60361
93603
49962
89706
37597
7697
43720
24159
25122
82832
88606
42156
30776
33971
58451
14451
34420
18780
55890
61093
28418
52896
77212
60262
42573
37426
75001
34084
92760
45699
23730
56652
70927
27392
49711
39339
28837
37871
52823
15693
46635
5454
48520
83994
23335
40213
45080
49210
67285
3353
77891
37438
67284
18075
83440
7465
16390
89699
47133
170
32696
9636
31398
79422
59101
31954
71229
3384
84259
19112
85613
96549
65957
40197
14458
22964
4375
93217
36927
2359
92346
25790
66799
89407
67807
86292
89368
52852
43951
42245
22949
39138
90737
52652
82996
36999
74056
69097
24893
91381
68984
41695
64950
48172
17739
81342
71481
27087
3617
60476
3090
23172
52772
44774
7824
6906
42837
41991
11615
72809
42585
18377
59433
42014
96163
46475
5812
13305
57200
77459
48907
35277
68324
45545
33375
50650
60840
18626
71668
86465
14810
62281
49234
83474
39155
99776
86366
45963
44827
76090
94162
32065
57482
52083
48795
50607
82262
22936
52009
71263
75530
58176
69886
26158
11568
67813
54848
7226
11399
57173
46066
24210
70323
25149
57999
80303
69142
75958
2858
96386
60109
59848
68477
81110
83297
16842
77794
16240
96749
82767
68388
37903
66616
404
10935
56633
92395
23076
71906
71342
44927
79139
34564
87653
30024
69951
61742
32333
94084
68491
81465
6304
20077
55622
11153
15681
89699
88776
42860
94725
90018
38607
10476
28631
88785
8162
57594
69918
14214
1365
87908
46065
4052
31516
51459
80969
25284
80823
51086
13345
55100
45461
22155
28258
1302
62083
17826
10993
89250
95253
66934
3619
80215
77180
81323
6320
68663
5932
98868
21861
12356
91823
18118
92719
80583
35399
2251
88560
4163
30183
90396
8875
37689
29515
39624
44557
16451
82218
27329
26701
90336
46600
80668
18960
34430
84289
65849
26872
50193
45138
12306
19351
81955
29224
988
63277
27342
29436
47674
65902
59832
29265
6829
59066
4856
58058
65929
50700
37555
36766
89868
86444
78603
72166
31525
65756
11155
99157
58288
96293
69550
75379
38366
59024
17877
71044
26920
8465
28526
76347
17214
87015
34543
61426
66869
61070
39770
21601
14104
76372
18360
15148
89316
13427
55270
25861
40748
9789
97698
35232
52122
28185
71147
51381
96352
84452
90898
47805
41189
33812
31138
57463
22174
61207
19551
2852
51901
17177
5296
70454
25985
89553
85053
81916
77932
54401
86063
24939
3754
92015
30296
17130
10766
93293
24225
89029
15867
83162
65074
82417
70172
91965
80412
80292
45233
60896
92974
28108
93875
52417
73960
23571
4492
27243
9246
62569
43131
89231
73448
41950
98389
65959
44050
49173
3515
14007
46696
28880
36982
30522
86984
68739
52102
22878
282
34019
9140
4761
36682
17035
61427
57954
31063
51336
18054
6725
12638
83522
84046
61655
45897
26636
9713
23123
84028
4212
47914
31238
76776
31226
14200
64093
91126
63352
65432
5221
71468
81613
26961
75226
53428
38370
52548
56412
80523
40434
34895
92714
31119
96790
1369
63173
44834
75326
84625
60348
59025
28978
38850
96069
86105
77901
27984
5456
2835
97334
66828
67711
85903
12833
35256
31024
56561
8819
8227
7527
74087
53300
42600
43593
69317
55200
119
79986
29856
51026
19259
15799
78727
5084
46195
42490
42763
30891
89121
75526
10385
47092
53576
83188
73606
67184
6810
18285
61534
70344
6612
36014
67099
77098
86261
5724
86377
95256
26751
30904
77782
47998
75599
51809
78075
51028
88983
80819
66637
92766
88261
25670
19698
32700
97141
26994
99724
59412
69987
2133
48389
81833
18451
59512
44414
83244
48699
1629
18822
40470
56112
47506
4139
58217
97744
62386
71492
1767
5113
22577
78200
25991
51648
68767
82082
80941
16316
34399
79956
59266
6000
26965
25269
24618
82514
95948
29546
16087
7395
94830
2329
87353
61996
26166
36653
40754
21531
61480
34955
34755
55502
97956
54298
47409
23933
22398
30185
49684
77429
63472
66928
14299
21672
59555
34470
29146
22237
79521
75702
1796
32839
55405
94372
10283
20248
90846
63995
25481
32114
41328
59409
54835
99443
45201
3764
8043
72667
77860
684
60116
65762
79862
38657
43922
27901
88029
65680
2440
91696
7506
18517
42010
85777
33159
1915
96
3584
44014
27160
33086
58402
4704
17570
36101
4062
12093
14856
76471
55791
26426
56479
44376
78836
15586
36033
52976
16747
50449
82382
32218
25166
61554
33784
24607
22810
17399
69057
66284
43285
3668
4459
28652
50699
67598
1713
61058
62292
2556
39859
15808
73173
89209
46649
65270
51027
74140
63173
70191
97125
48939
83348
53134
61632
94941
7920
96847
70919
92962
13291
86663
43035
48571
33185
52123
21966
27827
93677
11237
13872
74975
90683
14191
10590
66573
59045
35956
14905
68514
73579
48669
54225
98865
69159
94346
20319
51325
67019
55757
59678
4866
90138
69329
89264
53195
72772
24601
56023
94525
43303
23199
80463
51936
56319
22149
58255
69157
42543
95059
35896
71963
81942
2404
19383
64621
32437
44170
79412
38839
31803
70641
60807
37919
51559
9006
84836
21353
24926
57394
93801
34443
79933
20379
25211
50380
68206
2289
42545
47009
36091
51161
8781
71960
19861
87715
22923
87733
49946
24643
20758
28602
45189
17183
62722
72662
62392
42543
376
47313
37312
36901
44230
85148
1258
1452
92029
61562
77193
69002
96415
30148
1624
32402
2748
80642
61859
88847
18058
63843
86082
97102
71406
283
36636
65198
89254
62749
57657
52548
87987
25662
1912
95231
9696
99189
6931
23632
70702
18409
95685
61361
10540
80943
28227
90609
26978
12787
14435
82079
10802
73544
24485
36532
61231
40210
65494
43947
48512
36059
12198
29279
3904
24644
81014
70752
28235
6392
22705
3558
73710
38227
18145
99649
68158
24720
86562
90462
72055
46026
38220
76466
48314
75577
41746
14443
1177
65379
33999
69486
33694
62983
75120
34642
6210
66406
57456
85895
99928
57474
62373
20585
90081
10876
8368
72575
55399
24836
68374
36511
53647
75031
71891
2485
97839
35731
80965
28326
82898
66571
69575
62856
72392
53219
69863
10727
63106
83502
93438
1751
67263
667
90533
14580
83653
17635
86385
37437
67208
69171
59043
76341
97004
97488
15839
58662
91091
72634
36803
70479
85441
29129
2996
33357
87899
99517
48192
36862
41013
97641
9468
71896
31397
66623
69247
52979
84498
57311
18832
80203
49346
43527
61118
13727
7527
93234
65851
74904
37379
11200
19635
90472
46699
22959
16310
38133
97671
57176
26681
84135
69442
49523
96424
69567
59702
87147
44943
30381
28241
62860
74164
33780
53802
56599
21132
41913
68011
89269
25829
94664
33665
73288
99482
29812
78005
18996
25197
8437
50312
31113
55308
27321
30629
34696
10761
99822
47103
91550
54024
20380
48290
35470
46662
74519
37036
85855
36669
90099
1826
74396
70122
8401
31346
32016
50470
96154
50041
66612
91561
40706
61949
36505
80068
97127
7551
46843
3150
19105
45838
21309
94810
76460
35244
5448
46373
98195
26625
24962
92776
92150
82326
35098
6611
75915
60991
46906
95974
98612
84226
14606
49781
80491
99989
13317
58431
11785
55401
49534
66967
90192
82704
17564
44261
80516
79586
93661
73157
25897
85642
52274
69528
25078
73835
99411
58380
26851
29894
4152
36136
60645
50868
4537
34878
31231
71528
14319
76471
21927
47017
34588
42793
77090
57994
2583
9445
64761
90837
26094
96329
67329
73749
70076
12970
31951
45077
24703
6655
578
54936
31580
81890
51248
13398
6322
39324
78167
82685
13029
8988
65266
17190
51230
78880
51054
9481
92438
67083
71252
89966
93619
36014
3800
7822
68807
86896
80791
91567
2927
86153
46824
7664
75893
66990
15437
52697
91544
63692
51672
63259
31277
82076
77807
17105
31063
50139
22518
91196
61915
22470
52639
57619
35403
10612
61317
95566
78090
43425
44591
19425
58532
86599
79758
26875
62163
57602
41297
84240
63443
98356
17936
28746
15410
7993
58688
11542
58206
86694
76759
18667
64377
89594
29651
80456
33514
89204
72261
65280
5672
19870
74607
48119
19100
32247
4726
44677
2317
50932
54941
73460
8842
38278
27753
63559
4533
23893
42209
27409
51923
49774
37359
91396
66666
25923
55047
68937
56948
99301
93360
72959
85341
76016
78567
43572
23748
69817
9645
83163
3266
14010
9224
7274
31752
3299
9825
26098
61841
66092
75923
9621
46995
44851
13357
55897
82510
83211
81453
93177
77199
35788
87729
3016
57571
81982
88119
32825
59711
84180
39810
34716
14247
59045
24142
37913
40550
30085
59643
63366
16097
28948
7096
90855
23378
83739
25963
40490
62659
22670
61062
40537
88364
16468
5963
67478
26280
6208
49703
49769
15179
76999
66387
77661
26282
41206
95373
87949
20708
75443
15347
52425
23567
18086
77079
48250
28692
96874
79638
73831
56019
47629
70166
37040
23118
99272
46352
97779
53081
56664
11632
34341
80382
9873
48187
39098
62561
29434
64573
82171
88366
38013
19782
87215
7323
8637
16969
70278
39388
57713
38786
29406
26569
75871
93750
67550
6833
29347
54543
27009
94853
97593
34867
64043
63810
81005
72042
13693
69898
37981
85689
99257
32300
97466
85465
18005
27847
82951
29717
14480
82303
76074
58391
95368
17877
82226
7771
4510
16123
80636
32265
33213
74891
37564
87317
90773
3145
55738
23404
26317
36594
3275
379
1407
72023
39529
97105
29103
90406
75745
39703
23882
99630
40062
44706
18779
39202
39499
46166
81584
73233
67532
97570
89262
5716
52475
24365
94736
10148
94691
14859
72108
59546
3399
77886
79027
75695
56983
23344
78348
85120
78668
14103
40378
40932
8382
33583
34828
92857
68538
51570
63646
9571
41820
53084
69062
5705
11116
95691
19547
15163
2369
18954
95714
60885
67594
64335
96230
62176
65678
43084
82219
16154
67817
96464
94564
53428
57192
48330
97333
18892
89537
1878
41610
43121
51212
62536
17726
50315
8824
73322
64578
61291
3796
63185
82751
59714
18388
79492
73337
44047
37352
72652
27179
25454
69351
47491
41754
45355
58519
15633
48512
62786
98358
655
25626
490
77343
52593
9672
5058
46609
45915
53351
92356
78505
20927
12358
4632
13713
34850
35040
77700
74992
53285
81539
16884
74699
16156
73769
3721
20782
72370
91795
93190
24809
1792
62932
3141
37558
82260
82371
65795
69819
68279
97437
91436
19301
34822
46949
48423
35133
37121
31642
23669
80593
70812
87794
45072
19115
8742
25790
61187
78823
5951
84275
74238
54119
60160
67546
76712
57994
9217
67073
31452
52479
69245
7880
6712
55848
90103
97583
39876
69206
25345
68587
83660
40728
68126
12597
53997
13998
17860
84025
28816
56469
21183
86971
63867
84004
23199
37316
59140
67276
70236
90429
25916
70047
189
71190
11348
62931
81081
89224
29012
11158
85914
91980
53478
37364
614
33510
85993
47562
13549
62713
40134
25191
38257
74982
31295
82273
44013
22708
32649
52786
38442
72599
98970
34916
42671
13613
40538
96936
1249
91065
32917
28635
55012
17657
70555
29202
33492
26503
83389
89688
51323
11577
53727
7522
50294
724
31790
25207
39894
29074
18918
58372
56575
76226
72715
13314
93010
18561
94693
87001
92971
89057
46313
22483
29796
11498
70178
20599
4427
2092
48781
17509
39318
42960
1462
26865
18872
91447
84621
41946
81822
15331
57041
72175
72147
74544
72060
78786
44942
57240
36192
14931
31810
96388
96717
62266
65264
31244
77726
38796
30545
11191
20779
37801
80292
1408
19053
13615
74763
45850
94442
1563
33939
52746
5179
77640
32015
74137
50335
55252
39438
91392
75657
47186
65900
33849
85699
42930
46243
39196
61601
87628
13720
45825
11400
70630
94551
19239
91882
70739
55490
58445
4022
99091
62798
34628
80991
79063
91209
19076
30250
91126
80908
22474
99357
39152
35534
73592
71901
46443
15708
76123
67371
35567
84248
6813
87842
88114
41346
34548
83088
12776
82254
79596
99761
80993
87370
76565
84388
31271
52858
6636
51721
27166
8946
70474
6719
91246
46467
72247
35096
20958
47338
45439
55030
79367
91073
68455
14843
55984
46785
92877
37717
56660
35987
17474
8872
1312
22712
18364
51782
58969
89204
40629
93585
9071
24401
40205
26621
13774
94
96596
41646
69098
99452
62130
65437
36814
24565
20394
89920
18915
61721
28403
84486
59981
68919
95060
91178
91471
61601
5406
68534
28103
20465
76127
31753
6708
51854
45958
54965
50867
41833
1069
55890
50189
51230
68618
57208
73857
52036
72057
76746
2317
28444
32867
97247
60801
56143
33604
40152
29341
49026
35149
52172
94687
28062
13542
48633
23324
30376
58729
84960
78606
65429
39052
77081
60652
72513
34296
8750
300
37852
17321
39435
89544
28659
66216
99659
87598
78880
70952
50564
18250
5806
25623
1841
6684
48897
61202
22126
37687
19984
33883
43481
93306
87097
98140
36888
89392
55785
36594
88288
21846
24853
39851
91489
31704
95714
62627
66027
61846
13883
61035
44444
59424
8164
66710
72800
39805
37210
70397
11755
11310
12169
71062
80315
3968
73840
46128
2447
30519
29327
10267
31812
42285
82664
28718
93396
65954
34134
70136
10970
86269
95174
60280
23804
58949
89439
84056
85142
20386
25339
97082
52181
85388
24838
76977
9676
53791
59535
87520
57864
49585
60180
35508
32518
3616
29222
2159
76759
79446
73313
6845
5671
67073
59427
25486
16136
51888
47257
21366
14529
89783
60985
82060
5179
32245
58085
46424
17446
5686
19041
39604
6418
46613
12272
61384
26088
59666
27762
20188
29726
87279
7297
5696
47073
18493
91411
85107
25960
99351
60840
57788
6533
38169
72991
68080
88599
78120
30328
272
45530
82798
84712
71073
60404
33708
426
59057
54801
98043
99398
56470
24126
27069
91639
27249
82486
55289
34987
86685
40833
72977
20463
18095
44845
61253
33071
68249
73621
44191
72784
47967
29337
27489
74657
46928
2567
36223
45291
13364
18066
32354
30306
27917
99953
4370
33661
79463
46529
45742
85594
33310
43133
43642
59438
72552
62334
66617
26227
99151
637
32177
85435
10609
25259
51431
27132
96636
52411
44711
24681
46262
9998
21623
68618
8479
42671
92546
18141
40474
27591
53607
21720
27879
58596
39474
4833
85695
68050
2105
84594
35950
9996
46139
12726
85889
46918
19696
2658
48521
77238
37024
27051
1818
21060
39332
23311
21510
75023
50959
29881
69787
48475
85752
71559
47030
10457
57556
52012
85784
46598
41437
28585
50306
60117
88731
36265
63859
8896
82729
61560
22974
89888
69620
63236
90566
26555
19902
6818
19264
16162
83322
10671
17091
72223
14806
87474
24244
74579
65696
75432
89362
67684
16873
1923
35801
8439
76745
41700
32329
3066
59452
12614
92294
89398
6906
79899
78855
22516
80993
20474
90555
50737
32747
69622
63275
30766
11494
78082
45310
1256
12021
89279
43200
7296
72198
55290
73014
67696
27434
82127
49810
78201
74489
16198
56710
70708
18376
27693
65317
34906
8619
1728
93586
45221
84877
38624
34936
47251
38648
5035
96944
98662
96390
31072
91044
70172
69413
84997
17199
51616
6884
11158
95081
98865
70664
12353
76248
16549
12911
92566
12389
83800
12765
10403
92637
10293
95693
97979
22419
33573
20353
25763
29048
22399
85182
51147
81811
43416
25153
86538
1295
33378
10493
13700
28021
97460
6647
94720
74556
72523
62376
18386
34339
46081
92645
13144
85896
85986
38435
80751
74479
71434
62578
83626
31262
81121
82110
72681
13682
19516
30542
32831
91395
26373
91271
79010
73307
99065
82382
95176
3645
972
23422
49895
71197
1967
91423
82966
29754
72038
65251
95824
4981
44401
12059
29861
70800
26867
82437
46900
15349
33966
81038
55039
41980
29544
26991
7966
54810
13634
39837
86831
3604
43258
77106
73506
48011
12682
12428
29295
89698
99144
42927
41643
54265
34718
27849
46993
14314
61409
8210
46439
16627
35481
79826
69679
19934
68382
7914
41652
74975
83456
28155
16119
32201
78420
92220
61723
67295
38552
81849
58118
14438
53142
57202
16205
91039
39394
774
7262
1695
79997
93652
93400
5424
93397
70203
68122
63431
7426
53572
79628
4767
70776
54319
6241
70989
26807
9442
75844
42497
66126
79698
75761
79560
50091
32001
63485
78279
63621
78640
80539
67608
652
39957
94978
89804
34754
10694
38803
8216
24097
98291
59868
84980
2220
53350
43661
98822
50960
45215
64231
29951
24930
64765
35568
298
17891
13840
55333
61396
6718
89842
99810
28786
73032
12020
4115
30819
59341
16436
36235
16113
70638
67627
18399
67834
19829
90781
77339
96741
88339
64662
27319
18405
14408
50587
42678
35887
4388
94679
71913
20913
55361
77407
1498
34255
98481
31082
11947
90200
49235
12842
39481
34523
8980
48117
59313
57302
46365
67734
80469
27110
36501
58591
73057
42055
62523
81405
14377
22444
69342
68228
26431
64661
44523
15321
60752
93231
66129
84144
69353
88747
78833
87138
47506
75496
25181
92795
9424
66291
91274
85375
89521
36653
14210
44803
84412
96769
4349
59443
71731
17075
16705
89503
20857
81006
86411
74819
90000
93659
87365
66081
91173
62220
98380
91722
48276
49362
11085
97560
16874
69728
71980
48086
31169
83966
78706
89777
50451
99720
30909
63983
88881
6685
12412
52277
72042
89330
66281
66499
89085
50361
2794
15765
78925
25193
94202
27300
38273
22487
96526
35049
85683
6789
42568
2003
45095
68618
58333
36890
2300
96633
24368
90279
62750
23382
77200
84487
49808
46103
19680
58946
83081
44586
8474
66513
66933
56215
69160
5976
89764
51405
51504
27963
3194
95859
78299
82092
64117
10408
7182
3423
30996
29390
64198
92452
25992
12514
53015
55543
47993
9715
77492
92169
2807
37579
51968
41097
98314
76055
35069
88880
99458
52356
47126
50895
45129
96404
87085
66891
45082
95107
20370
39399
38920
16257
27949
53690
80388
16022
40520
54418
3200
13616
57983
80049
73913
59334
25156
65614
43890
37202
83778
88061
75338
18302
3964
78640
82264
13303
47322
29587
25429
86123
10460
52885
89344
38092
53248
86550
9629
98278
60708
82291
35534
80651
85679
85841
94373
67076
76981
85794
71248
21470
23000
7880
11329
32308
64061
20618
12292
49309
71426
67084
68700
10932
28989
17076
3156
5098
90704
35820
6085
38606
55985
45611
76493
1486
52527
94687
32622
18122
84267
15187
36321
61528
58339
3958
63123
2580
41555
57036
74031
32630
74257
60320
26852
93624
13591
24602
51661
68603
82685
89274
76372
41161
79709
32642
65485
77388
31387
9843
79780
69373
87996
94169
65042
56238
30762
7171
52593
25030
53953
575
63542
33667
61789
73455
64348
95664
18759
82869
87895
27925
43026
64019
35437
94992
38815
95160
81818
25697
38473
85734
71193
31712
77256
4658
44634
80088
95277
70613
62861
6419
72009
26630
14650
82109
25732
42704
79371
6253
68293
69820
58629
48517
21948
51855
26347
23977
58732
70050
17423
35602
25352
26895
86557
68218
29382
31830
56411
57131
28821
84260
386
48146
20007
81475
55916
16395
49368
53327
69259
96110
15789
75565
57403
68652
27105
22675
9764
25400
78311
20656
21355
25227
53190
27259
81066
45113
40073
46431
52726
93902
86292
22240
77432
84033
69434
10482
28510
40472
95939
9951
74608
5405
790
21312
19813
49787
69492
17904
41113
6707
22065
31011
78820
8164
62904
75158
94956
92748
408
10802
76321
2937
600
75357
9818
93548
98132
73369
99218
16622
94165
69291
29460
68359
46048
15950
24437
31877
7445
31278
75621
22168
5317
46019
71836
55281
43420
69268
21128
94275
15526
35761
40063
85136
33630
71670
4804
25432
11494
26264
51655
96122
18686
24491
12542
52773
1550
10460
62115
46954
50721
63078
85302
69130
35181
54152
97620
54581
3520
54536
50128
28864
52241
4943
1096
58403
29228
44323
34728
74378
11146
99004
20383
81181
79623
79499
3482
80826
33476
19062
53730
32959
7152
74174
43553
52447
50458
70933
49955
79477
74050
50223
21912
56957
76136
22791
43881
13743
23394
54139
23545
57226
75731
87737
35807
51717
42695
4121
89506
55682
50670
16794
21104
84458
806
17169
21711
78066
61389
48649
7944
58294
94368
55251
328
60922
77092
63426
5045
56832
35618
89738
57431
79337
95517
96504
57227
19415
38366
91836
9752
46336
81426
94272
28806
57256
29118
37453
56151
58966
1079
65814
52353
74745
46194
65250
62857
20480
87409
74884
74625
79269
99076
32674
20064
60932
59362
41767
88940
4301
59942
2296
39699
69553
38896
61608
76868
95
26444
43071
31804
39638
7274
46078
55752
69803
37384
82685
33143
30266
33646
36746
32005
63481
17210
30482
47260
48752
74208
67874
97893
87351
48513
51849
99024
98783
26115
82800
35848
84585
88382
62762
94035
44337
43080
34986
71994
52998
76921
50261
23547
76676
8623
58673
70655
23195
70290
76217
52342
8414
14347
28115
25887
58570
45178
44453
91125
55425
47053
56969
43687
54584
46837
48557
41884
70884
42711
87668
20401
82224
58488
94261
71830
23947
44326
21216
78728
89839
81193
75829
28492
49897
30457
27434
70237
60266
36875
35464
99159
98627
43861
16569
5944
19951
6573
68962
29839
60065
16789
99771
80483
82622
55816
70118
49925
20085
56284
1939
14243
23961
65725
1285
74231
71224
28477
93790
24127
19402
78319
81617
34008
7246
88509
21774
38362
41919
88317
51878
17374
75363
91377
18662
73050
81422
95345
45870
94081
60338
77509
50151
3981
34935
21220
75197
32902
42576
42337
34719
91474
12782
44835
10437
81745
35171
65762
73237
94113
34042
31756
8005
31768
4406
84564
38880
32584
47062
28235
92809
75879
82606
99708
63788
41893
28168
77636
99073
86025
13311
88871
95786
99581
53597
60403
4591
30528
80939
36916
37878
15659
22107
51757
60039
28581
69503
18383
99575
50370
82340
42613
85839
14340
49528
58840
8868
13073
81046
68544
53577
57535
66689
87211
80802
45170
35970
8424
78170
44002
79973
8351
51644
10146
90357
77149
53771
30849
39669
35206
72390
9784
78060
48702
3684
70697
3032
81445
50053
94756
51535
91517
49481
12395
83338
80343
48969
34895
70954
14868
92611
61079
40212
55573
70397
73988
90969
75693
23983
72378
5069
78018
73404
45839
96153
43793
79475
17987
83526
10104
42138
54524
58370
83414
92466
88455
58870
39248
26807
10013
28179
18875
59894
24801
42595
11311
69571
22486
78304
29696
79728
27338
57462
77674
89687
73517
18113
3642
16241
39545
867
30982
51368
60850
72730
38087
2708
56798
63107
81942
15118
51720
48886
13969
44199
86194
18123
48603
3244
84842
74221
56988
39683
53830
30376
14799
97062
80696
93726
18948
70341
55227
23007
87261
9146
97197
67506
99044
52070
4508
8602
12773
59379
96361
14577
28008
78452
43492
33475
3492
55393
69510
398
31398
65324
43879
91298
97538
30474
57931
41024
22011
63071
44158
11601
59890
28713
61624
4823
47001
18688
19079
96532
98736
76239
61448
97609
43321
39253
2367
36346
53569
47221
90234
63555
830
54829
91608
21937
65267
5898
69968
68570
94139
63483
86591
49701
15220
84760
54686
99295
16828
38669
86473
84804
36314
72978
1662
55159
3876
46269
47977
58284
28106
21584
87455
74790
72837
80603
10770
5061
37105
39686
39556
41102
48719
50508
2392
35252
89648
11746
82389
58561
84567
3072
19517
14899
60747
5429
27240
27852
53167
36448
18061
18997
57921
11683
40464
72554
76028
11800
76864
34617
73989
49625
62189
77141
99113
45370
36084
85806
70585
66409
65510
92129
63880
89415
73717
25033
2066
72555
14042
67407
53362
82917
51893
656
21625
20558
83181
37036
10044
29838
59224
77848
34882
47771
84572
34941
40882
42376
15786
15377
69344
41434
57267
86758
70938
25932
55117
68506
37966
15430
70488
3472
97757
9456
81254
91071
97731
61533
55516
78554
62189
99048
75761
40747
7185
87661
57246
16108
4843
38775
84150
59690
56768
98665
98063
11928
25650
65135
29717
95693
65440
14674
99069
94614
59349
55751
80090
25426
66517
93500
37209
79349
86859
37231
53187
70296
65673
16520
79573
83277
68685
39009
63663
99190
31279
10797
46704
99092
11393
69325
65421
32596
31816
59823
13114
47514
99978
81147
81397
51433
7571
31819
49590
11343
1565
4801
72830
19536
45478
27767
46255
9130
85561
46440
27007
26430
51011
99879
63334
48552
9047
80998
14033
97191
28078
4613
47532
27036
24117
5672
70317
84525
35123
28139
75705
36865
89419
52319
97624
26478
37966
27167
53613
83626
23070
56291
47034
85376
32815
86683
96503
99
17813
32844
42385
26572
17786
52398
83264
96952
57268
45794
95419
39805
57449
61729
74006
57421
70734
90141
37011
98691
2254
36855
10586
81880
27384
30407
74121
71787
57578
62156
94220
37433
9169
70218
66712
2278
85754
49133
19079
37020
69055
672
69209
92172
31747
13807
26176
61340
82284
89612
14641
42674
49672
97811
97844
80957
22258
60505
99188
87378
78277
11476
39374
95112
51573
57985
30636
87231
95017
71728
71667
21601
71062
99990
29636
1582
67646
18413
50132
13576
4231
12780
89502
67965
47514
51546
87761
11358
72373
85755
80020
25248
49945
31700
58743
57578
61298
74096
40598
73762
83171
38944
66323
10556
17945
93040
71611
49681
68175
96262
13311
3844
10372
85611
83147
65496
21973
71408
47597
26
70224
19278
14858
9262
91707
46419
71656
39361
41246
72057
40283
93549
77815
76370
30405
65286
46457
78946
50020
54473
79934
38079
43182
76110
72443
76175
14875
64333
48552
93247
35605
89889
26499
40571
3538
63893
24086
57061
18848
71525
21384
32250
8435
96117
55978
19761
26029
34002
55205
17861
19039
43027
21388
93124
20092
32144
76095
38747
36818
15532
31543
7322
90808
47999
36452
50394
67050
37243
72832
66512
41199
89396
60097
78494
33089
47684
29644
47065
20132
52682
50146
80872
9127
30691
74207
92577
68501
33375
20479
71393
87797
85339
20242
3316
39981
14062
41441
60435
59665
5584
52711
88785
61170
88693
76661
29642
82929
42893
60034
72407
2500
29030
18615
84136
65385
50670
98194
60117
73791
43874
81892
33675
16764
1438
78714
55860
69153
56781
38512
19027
6243
69208
87399
14547
99970
61360
19702
20434
54029
44565
9647
25607
73340
48071
68893
58767
66724
36106
37930
89311
15867
81323
86643
15790
23691
19036
72021
59731
9979
20801
60489
26148
4380
41007
66163
33291
41630
4067
84165
4025
30968
77760
6087
29226
34227
56285
60334
68692
32545
19946
89136
33046
18850
49201
3159
24919
82565
71609
90856
80934
89339
59970
10454
33228
84075
83499
21227
32333
81908
35601
17137
62656
51940
33905
58342
38107
75236
57417
81563
67406
58701
3328
27185
90032
31664
27442
7297
55179
37847
41244
50726
70021
13211
3231
14685
70997
67305
72859
45150
50727
35058
28001
86784
96944
2809
26479
81106
84945
90858
65052
49683
25147
90045
23449
22232
86010
32785
20421
1563
56633
76201
66048
94486
40663
84875
47116
49445
48709
19219
87345
70801
2377
12266
30835
32348
30700
16544
30241
87223
5185
46336
22352
64320
72795
91560
25578
79975
89761
80998
28674
38212
46883
71295
88517
74526
69010
33515
46120
12069
55693
77033
32396
65726
3513
94250
47306
12881
59209
91101
91532
69466
2543
33198
96378
10296
53849
1727
21691
49103
59296
67140
59684
67710
90544
49133
23917
31081
23748
56309
63338
97184
70423
18172
31530
28151
13939
56626
60806
78544
44253
12697
20765
98660
89465
59208
35668
13685
74916
78220
20676
67282
11824
97017
52772
88552
17349
64685
75181
54379
70332
16224
89132
2900
27762
94347
99042
84371
1668
68226
96357
97223
40920
43146
4849
46599
46375
61023
78244
31335
13465
10232
56165
45528
35632
96056
85360
73406
65399
42977
10801
49253
81444
6427
8211
28029
23564
17864
70897
95118
60166
51296
12017
6689
81863
23453
26361
68677
92167
6173
42177
56325
86440
43845
40914
60100
60059
43604
67268
31706
8987
25635
18972
58690
57424
47103
15778
34493
34935
76820
23035
28510
90126
83126
71169
62168
98214
49475
63665
12178
69694
16683
81239
59226
800
54476
62812
37598
65512
48110
67969
79960
50596
39190
86131
34530
32324
53326
49264
34760
7674
91867
33742
15347
83138
13667
66199
3314
72676
78746
61885
10584
79939
55089
62012
92303
44396
59746
57890
2948
84290
78179
68981
86824
8851
43074
77913
50936
96995
36638
29843
44888
210
28905
4503
77826
82940
65892
76087
87132
88277
59498
64922
86766
86225
57384
21
95506
77178
93827
90134
72578
95436
46316
50469
29494
22886
46917
6495
40063
35753
15262
6318
36037
48902
16997
10374
51034
50585
84185
9363
78504
83658
70757
14671
24791
13256
82215
599
51466
43053
82407
73758
3168
46504
57265
49452
53894
78435
75009
54940
36022
59396
36024
51379
73014
53179
28885
37863
69227
47010
48986
44920
92992
84464
11629
88920
24678
31644
25677
16237
40671
46318
55029
97009
53346
41504
3150
89532
91637
67545
56480
72598
75576
29244
73340
19107
47633
19378
41657
71612
84371
44351
31371
4455
94066
37486
80765
18703
34874
68345
24774
22249
52757
58771
14269
89704
4366
39014
98033
31509
50028
39353
46225
1682
90530
76388
69343
63747
11123
92521
41286
5300
89986
54065
31866
96319
14947
50573
2942
15859
60738
84446
54657
23292
42770
34230
19841
16805
14975
83636
14741
8618
21344
10147
21583
45017
98126
29688
13925
17678
68142
17017
7580
42352
27059
19474
32263
98691
26904
17950
74757
53793
36071
82173
70770
65581
84695
22933
58911
56300
56546
52538
48772
27487
77780
32667
83955
79838
32482
86849
98193
85258
36648
85264
47717
43721
76866
12304
96233
23296
1966
21149
89901
97025
8879
60947
72546
39170
39377
56001
60321
75192
70777
57625
61131
15604
68245
80092
64571
94391
35518
52424
66208
40055
19757
89498
17145
50807
34456
27049
88715
72391
26700
35615
54333
35396
62636
51747
18608
16833
60120
44784
40461
76481
26527
23000
14481
79023
24132
32112
75475
96773
47732
1841
87777
49542
54941
49846
77268
19380
43802
21739
4713
12327
67285
87930
48491
35162
3291
25734
52967
16497
61484
47738
34271
90734
11963
89727
13527
96756
75017
38122
26674
2344
51573
91941
24658
24859
47837
4791
80455
12790
74478
99227
73030
38380
40070
28134
9195
38596
74509
79319
75731
98397
79144
58977
35288
99994
67569
97043
37578
65213
36318
80511
44362
5680
95064
2369
60753
75344
63272
23632
87324
98499
45278
40177
42019
62256
74707
95890
50663
83828
80531
74930
22247
95698
62390
28277
23199
92595
56652
24664
57289
50793
67212
15242
76471
93966
54865
67350
43316
37700
67380
33851
75324
50876
91994
77232
53119
38967
16958
73032
25286
71679
46379
53749
84681
61387
58264
48663
43289
66787
79170
68158
18691
38607
66342
36531
31286
30036
63705
48052
7391
7356
52574
12963
16448
46680
99606
71370
3704
85158
75157
84231
75636
83620
99378
85610
4414
13462
30560
15083
35702
6202
24061
76529
58530
99222
15159
36716
84534
55462
45945
23082
75261
68906
65640
17929
19105
33416
37301
38000
61781
86894
44958
58131
91629
94938
92521
35070
39229
80732
32117
17824
99475
48622
12349
1189
83295
76044
54432
17226
31521
62889
86835
48241
39212
52075
8970
6729
17979
81448
66504
70997
76161
92559
53302
48807
61243
65929
84899
63591
6700
80088
97487
3802
23345
28121
23606
26639
56556
64451
34633
43060
78984
20075
6479
98892
58
96716
18918
39553
85968
85791
17091
57781
14227
61119
41662
6916
95319
63542
39945
17365
91145
90840
10525
51432
65402
83033
24896
11091
28469
82330
50173
53527
46814
23444
92013
56086
86079
54410
48748
64526
47011
45345
77623
20909
62997
39705
89574
62226
86458
16690
31319
93014
24506
17268
51914
88143
9549
55047
33489
17025
71820
7826
11084
3637
35618
63563
10966
90782
69105
85576
20836
40909
14794
75418
70354
45799
13216
89615
88434
25696
93458
62669
24633
11778
51011
57158
29021
29546
71529
3870
46536
31032
20920
31722
92706
39184
34260
73985
85291
99434
28738
98792
93120
882
95853
90409
78220
49087
46913
6115
74926
19933
66613
7793
23567
9150
83193
99306
52626
78459
34541
81420
19252
65235
39039
89804
19989
83071
82712
31169
11539
39231
4324
89000
96957
94666
69549
23750
15925
60601
78938
79933
82632
65414
28943
26602
64419
13126
8155
83555
55990
34954
21359
6831
64892
47318
79539
27884
61842
6049
70419
95149
66375
15743
94575
35695
15608
77612
10835
28900
39600
59442
83380
92024
99521
54607
98788
53838
36292
12436
25385
6862
74915
99156
75179
76584
17871
97493
24107
49639
15126
41665
61908
9876
90181
83789
13557
66888
70838
93248
10994
86806
2291
79255
43954
96547
51573
29334
7309
10284
48530
25701
91592
49405
80663
63556
20234
67219
40564
17991
17823
18115
53505
61196
13774
97935
97534
73504
1842
15732
41049
31899
82999
43043
1442
38579
4571
95660
55201
78631
25011
88536
90183
13822
1108
89425
50073
12502
29212
26625
63555
46338
26323
52847
75424
92879
33301
41094
65480
46019
99013
78068
27492
91577
69235
16630
42701
48548
47962
42084
58984
24574
12018
61933
92980
29287
27931
39682
60087
24349
47862
85031
44292
75217
52176
94711
5575
30151
67619
8563
5278
63477
30179
9182
79618
46942
61044
98605
44587
84478
46723
1524
64539
87128
67640
38981
34319
64390
59867
46137
64947
93618
81006
41131
98156
13981
33776
52274
39400
74523
11054
12550
80928
39399
36806
95507
94394
2836
82315
46037
68242
29325
95095
75609
77625
46337
20491
57164
7577
13195
60391
41185
70284
21482
43615
11659
82470
89047
11025
65636
13166
8770
59205
70064
73424
34173
20596
25140
50321
72132
44586
31483
82075
13829
77895
35622
98523
5397
63505
51818
93489
76611
44697
26205
14131
69869
42265
59446
95783
25146
13036
5346
91810
16678
32871
59471
70120
25030
2184
43452
25741
95351
6842
35444
68609
28908
59109
56454
43586
7993
13136
77072
25541
59206
72146
36554
64073
33000
55932
3555
91907
61149
29356
25175
59095
39239
39672
65397
80958
18423
65502
73492
3212
20053
26076
98138
69769
9252
57595
85222
10759
85811
15859
87790
12010
35964
79805
32603
44531
96316
95398
37120
69098
98629
51544
64592
65994
81667
76348
29369
89235
93712
75496
25163
42490
39643
73859
5488
33129
74008
66785
54820
75404
70709
92795
6096
45289
41566
13165
23131
59434
7068
20865
84641
23024
28382
4394
4582
68508
61484
32144
88102
32903
28225
95987
17046
10314
90696
45299
72366
62104
74316
99474
70523
29531
40577
61715
98388
5833
45448
19303
24428
68502
53217
69935
82167
72847
90854
2139
14108
35249
69276
36980
71645
41864
78682
21917
47178
74722
75749
95781
54593
96266
40798
61027
85117
7594
50341
55110
82446
66666
6006
98748
23059
42181
7715
19600
79686
58290
13820
44198
19460
88557
31190
37117
92827
37336
27828
28659
50848
18660
14537
23665
30084
49666
64709
28161
27703
92190
84817
74572
22506
35743
19692
47442
29242
70527
13920
29463
34148
59082
42230
88887
60902
31551
76321
66036
65076
3680
68199
47781
79765
21681
4262
63786
52128
82341
68664
73393
77471
79554
91896
87496
73473
39247
21692
83716
68864
83748
7874
22299
23415
98364
94511
91765
76429
25649
62762
98532
73345
98673
63085
24022
23990
37035
94806
824
31481
55906
95313
46901
1863
40527
51992
54593
67186
54734
15414
21655
9858
92604
97171
81328
95805
45899
24365
81400
27170
12496
87356
26478
19578
70131
47
78798
16469
67873
63505
36437
44440
20868
52234
12958
88434
60973
20436
82888
46372
39917
24579
21695
10235
41107
88674
80741
1502
81757
28216
78090
12670
13405
73653
18985
68549
68835
27323
31731
40479
73194
38124
99312
91228
78977
77214
88990
40369
84212
92893
34832
25463
41476
35028
87252
87916
65660
16243
78470
81457
19306
77296
34712
39656
85415
23766
31035
47214
33249
44409
19598
33650
88705
42408
73178
1793
25266
30467
31258
63893
99683
40371
17289
88863
93384
52627
71193
78377
86400
31068
2888
52591
48852
50273
21173
95897
3412
59655
5812
55210
46179
41776
7120
39803
73294
1182
36758
99068
61850
85459
62650
35193
84985
14577
81774
78934
60006
45848
46272
32788
52573
52657
60813
2180
41520
67007
84797
38431
21235
77280
98381
65611
24654
76047
17713
57907
33251
77485
15568
92201
15868
72125
16527
941
68418
67695
67606
34274
68499
42239
35891
57563
13383
73024
2636
93521
80962
4939
98283
6287
16385
98326
77833
84569
87078
97038
10538
8937
96863
23867
45682
82520
30280
54070
16919
80448
36130
59872
33762
73824
99400
50522
69932
78995
41389
40817
52227
51629
73410
24192
76945
28312
79202
9280
75816
17541
94292
31957
13862
71379
57156
58668
37411
44632
96557
53370
27282
59312
56105
22188
57391
21089
71177
24458
6887
65862
28394
98837
43180
46260
44811
58909
35526
72671
46921
17369
3318
21000
78254
99377
86156
4172
46010
62382
16668
40731
13111
25300
82438
88018
13535
92915
95524
51222
66801
55856
57135
54743
2393
9953
89147
95454
88777
67601
26568
98247
23142
64739
97710
79187
50051
6282
81057
56727
36031
53218
75078
8794
7790
66155
52751
3094
16399
55161
32725
51895
63384
84303
5870
91065
60234
48574
18606
68300
10230
90702
15395
78408
35814
18420
17589
48371
27589
3250
37967
7252
11857
38797
15191
13582
80777
48341
46953
36238
57202
86052
79055
33615
34875
74672
34862
38838
58869
6644
18953
1477
87676
12757
46496
45329
37822
96669
72980
89369
48565
4379
75504
13148
17194
25473
40038
24587
69112
92287
10288
11893
1620
82368
11097
24177
11646
81779
43532
61141
83557
78751
89502
20944
84297
36489
19576
99100
92300
69862
75759
84107
75360
57584
87673
52823
10547
65906
16421
9402
34634
10275
69726
66581
96356
7059
99856
5307
1659
22319
33682
56043
53137
11838
5811
69813
14877
54560
28850
80704
5896
40938
32286
99249
16528
26180
36532
44036
94694
58274
13629
45740
65358
34130
26507
73282
9025
22920
24587
77238
36633
14268
97440
69981
36179
19716
30970
63522
51772
17859
37945
55987
37056
35716
3505
93696
77988
70476
50053
70176
70527
55820
10613
43385
8689
87942
90684
19007
85331
32529
60787
91956
29972
51612
44071
91628
43497
62305
63070
96811
95210
73010
92263
76834
20328
57642
8684
29641
30624
32811
95293
38549
72867
54411
6710
80812
3655
54055
61291
48237
29031
11963
78191
19243
57072
45988
26015
85443
91645
11877
50198
15683
7405
53241
74965
97517
63556
33778
23056
51047
79257
61042
88382
52520
37235
22238
19089
75560
44901
63258
87972
89442
1013
14832
67779
83246
94818
73019
19762
74339
31626
23240
37996
18746
82612
79610
31143
19625
79445
9193
17255
69877
30999
10244
68980
67988
23580
25671
82007
34833
26899
50455
40541
28386
23905
60756
14669
92573
85461
91719
2698
90536
14015
48716
19420
56016
23046
69636
69907
57625
91094
99464
96114
35707
46002
18095
58442
90769
45852
99790
59666
69147
91012
84928
47440
81171
82698
9610
94841
21855
64941
38569
34163
87726
6495
26718
55861
82283
90824
12963
44942
53943
55763
24381
43739
27435
54340
4834
82383
5809
2313
23900
46721
85671
32052
33550
99524
29086
1275
38249
73318
13436
74795
48051
92684
52524
65300
8387
29212
19283
62234
76159
99944
32888
54848
5722
13384
66630
41189
20005
26830
77864
27227
89031
19542
41040
91848
48492
55674
72945
27194
26774
81007
52575
39645
31506
79148
7711
31697
91214
62134
45952
75622
63099
43575
26154
23955
13832
30822
26330
20165
32894
87897
81269
11418
95453
86208
85763
28509
51643
60676
16807
52713
56266
92089
35459
95151
47369
93243
23341
26573
5672
34933
49974
57870
80878
2242
64127
45456
93387
17085
78015
17669
29344
52779
94299
38876
99737
41156
44191
45297
93385
79202
80053
30538
45326
93238
19355
71009
8115
31002
76585
20588
7480
99756
14493
97961
37923
23398
30540
93210
22081
40306
35121
34558
82661
99137
23369
3487
97789
96582
95413
6212
49052
78044
33188
26469
54879
19436
12544
87639
82887
93118
37341
62385
40499
57426
10189
29587
38285
96338
953
76338
10616
50980
23216
53078
44080
45495
47877
46188
69869
15868
73219
11532
35588
70373
71536
29436
66567
88023
43081
18486
10854
42900
10323
28962
2965
72736
94058
25234
88948
93781
65201
1451
95628
19075
95595
98071
54827
80109
82389
9384
71559
66355
17769
67018
19898
25808
26797
70126
85889
80753
63020
50262
53257
82466
65484
67715
40657
94253
50113
71344
51436
22642
57240
76087
50667
71768
15903
16513
74777
73465
74608
86457
5634
33696
46927
44499
25131
43305
9064
77156
45938
23932
39344
8195
30761
14939
48194
13162
53590
27879
57414
60574
29996
11044
57948
48916
9115
41681
16351
48130
9905
10283
95348
12424
6144
76562
44627
19560
35539
20984
42584
97351
85189
72956
25405
27504
83297
49044
45326
35728
23573
2741
62922
46897
16050
14033
56461
94590
75748
98011
35384
83449
26953
60933
67251
35655
28583
26920
2050
54198
70311
28634
77622
32606
85295
60062
75385
57039
85638
30443
65619
60070
96355
80623
24556
7163
47361
48451
96374
92110
20101
50037
43812
37528
85600
59135
70398
24255
5705
89750
98921
56377
46993
91128
65416
94939
25118
30316
61602
55987
38648
99421
8951
45304
32391
75313
87094
46330
36377
60088
88294
80131
30546
9940
34097
20273
84821
40094
47006
26160
89664
51129
51334
95887
31522
9242
13077
5226
15206
29617
82044
17044
86849
40386
53462
20680
41086
98507
5136
10286
72040
24068
87878
45616
1456
18789
25830
37053
57031
45143
10117
85023
83310
35441
66323
87518
48086
13063
13782
23149
62236
81867
31123
6759
78043
71249
93282
90160
56477
13416
79187
86314
34958
36719
54119
65596
63251
5718
94431
12732
83411
76023
48195
70063
19499
97020
33734
51407
74062
65943
72594
28022
84725
81987
48049
90173
92944
81118
67573
30207
25507
35670
80575
43614
65956
23803
50065
46590
81322
727
24267
42368
18632
1049
39737
86213
33671
61060
87260
81022
37514
41874
16097
90534
40822
51164
1589
52971
88670
63946
72651
82133
38144
64224
87225
47740
95448
4581
4106
95696
46955
87144
70085
73335
41676
30226
9390
83675
42249
61836
56501
31883
93857
86550
92692
83632
19573
90041
2791
14791
22214
97094
57919
17375
28075
42133
4223
54407
13824
91997
90764
29089
56953
91564
34067
50369
71788
42762
48858
10596
41774
17913
10721
26833
7444
40768
88275
51594
71531
3592
28167
5406
1789
89315
73482
49861
29225
52710
45259
99542
26002
54982
69851
50252
71071
27411
74930
2293
52482
42323
11843
76811
41183
92195
73016
4300
86372
31085
9930
87307
53858
52628
82876
10231
63830
85358
27300
67637
18082
84206
21144
19078
97502
49315
84593
86791
48061
60469
55762
80033
65838
85982
99112
29207
91748
51355
64223
9594
16298
69181
63488
98139
42779
57952
45684
73374
72106
59619
86422
85713
111
7292
84211
68276
21179
92765
79308
91867
7601
86225
56238
25903
75323
29897
21469
67876
53515
53668
18483
12474
21134
17705
51338
48900
20717
23005
76299
39549
3631
11219
14684
88442
74047
70048
79921
58545
1770
30836
8028
98983
72046
72356
1992
30073
12942
37585
22815
12881
36483
77807
19858
18438
41136
73947
64579
82405
55953
35310
47558
98173
16465
39759
88235
96382
71540
67796
51856
5274
49976
62923
66105
22679
45639
19500
40427
48778
15712
21265
35957
83132
189
63418
3065
25823
91360
96245
47305
99
5469
97515
2592
66460
83278
9855
82517
32287
84120
5610
58533
45146
85728
17540
62905
73560
11702
97179
72799
21636
33520
15800
66692
34688
99352
64425
97983
53047
36693
62412
5021
75294
20490
51756
99804
52460
60330
99644
39401
35784
36982
8140
64657
10102
62732
90811
97403
82649
512
29505
14121
94181
23446
25669
66578
89669
30822
67904
67107
18853
11871
29469
95593
21708
588
83238
24655
33972
17735
10444
13229
12057
57777
37015
84653
25380
51142
56590
71956
8541
67021
15334
52534
7188
48290
10840
51848
94820
85177
10135
21637
92426
32537
20548
23913
7512
12546
42949
9514
79493
66155
63431
64913
90068
16275
2063
36403
86431
41016
41198
38526
74232
95948
58566
51831
96536
76935
88405
73417
89748
31390
29834
48794
7600
88806
20802
79520
37229
13102
77140
12833
8192
47076
92462
42385
3589
50421
62466
90912
46227
74436
65416
53804
43979
71609
47405
96478
73970
68716
27376
30577
24141
69532
19765
48103
36321
14637
57312
1261
95473
22543
99174
73329
63875
28364
30333
27156
3485
16181
48242
46114
14469
97492
27190
15311
65973
76029
4815
35990
41401
24324
5549
68513
85725
46563
88692
38660
27310
44359
6064
88951
93108
61204
95439
23683
75262
92087
89929
15614
41276
20248
92992
57789
20473
81262
16108
26648
42342
4454
82129
60291
9822
21322
59860
71148
16993
30660
87603
17311
39672
91673
99845
59126
10117
59290
53006
53264
2053
3506
40049
73885
86100
89200
94714
21152
31332
47760
48039
4463
30455
62043
96317
22856
62229
45772
79129
71786
1343
24291
6689
44601
4484
72618
75941
49602
20403
33865
47672
61182
28256
62843
24595
38836
64404
8244
74191
20621
26607
38708
39815
69233
82621
83140
86856
77629
95355
76989
96897
64344
80161
81219
51920
77762
96816
95448
69401
13481
13259
45111
749
97466
87
86856
76207
67611
37447
57481
58451
53985
71581
58507
45179
62635
84475
37456
61979
21343
85762
98311
54246
43413
36968
83328
81021
47036
10922
46833
42019
68955
38842
60709
7362
81495
37958
42349
69145
95764
6933
19244
40182
37874
18537
42911
92762
21654
36039
89285
93286
59360
33468
48057
27719
14947
90865
57335
60498
16759
5835
29170
56689
90613
15461
89496
15142
10872
51144
63684
24677
42126
68310
66215
14410
66518
58129
16372
24875
94056
90565
59366
10996
21637
53547
82658
35487
90785
32989
92414
90630
80622
81850
52386
89928
77762
62554
49568
22413
29041
27769
81889
70509
72355
64607
51160
91050
67253
33647
61201
56817
74493
32460
66441
26193
46469
18173
35051
37066
32803
54009
24357
77883
58730
73053
44054
60275
15924
76286
36647
3963
8561
93958
95834
66287
8676
88856
38640
57029
2386
91608
68233
57137
71787
35596
16137
48162
15409
26192
43459
59588
27502
12501
89609
75032
3411
4005
11779
99301
20553
90885
75126
90967
96999
57238
48256
80534
36625
153
17517
57612
79532
78022
34680
41195
85775
67219
6096
23133
56916
95891
44865
89732
32826
77058
76460
96059
4348
20801
62875
4670
77077
39339
36476
11500
16482
77265
60137
14548
87340
35603
11536
15255
8674
85846
80055
49480
77821
48414
89256
36192
97909
88646
42384
24661
46019
85393
58141
19941
80778
52197
76185
15823
37278
12846
80535
40193
41546
23179
24713
8509
7081
91547
35793
21313
84355
29609
81057
46979
97002
26979
18237
55934
31545
26683
6760
88430
96954
11814
65480
31088
19124
40196
33770
35143
59417
95712
77977
95827
5311
39862
7934
54642
23701
80747
29110
6362
52853
21071
40306
16410
4336
11161
22938
53798
33959
20251
84278
10594
6086
92104
43239
29731
57698
93624
89384
66884
57776
649
61895
88642
51632
85229
41668
57140
19044
63595
32232
50798
97572
397
35577
75883
71508
49070
26751
7963
17258
79971
1183
39166
11433
67382
89741
13206
96622
78202
96943
30076
91362
62225
48586
52203
59175
51663
64778
19107
69493
65797
34753
70364
88018
33480
13021
5688
56526
67356
58223
8627
66873
81421
49626
77804
99466
22729
77208
84249
95487
28461
60517
40842
66651
2155
59435
35347
51811
83374
16708
19844
84292
7643
38469
51461
45218
30819
51147
77952
54361
84053
56679
29266
19979
88316
63203
9940
12599
70782
52736
36446
74454
80529
23619
41031
5279
93911
3712
85863
74044
77674
53877
73152
50648
38378
24334
59229
42951
98165
32586
68647
71581
99255
29888
11434
71781
31251
20862
78335
38951
49495
22748
81029
30637
80261
45389
3763
84024
97438
46181
51306
27106
65284
3908
76686
30175
83527
78618
81600
63981
3973
66988
14433
38195
84089
64864
75199
50641
12185
69249
74028
73049
25377
46911
24549
54926
72848
42514
70386
92989
20571
75205
45513
51984
81279
41540
6296
95347
53201
81258
88254
52632
39262
14354
34978
82506
8314
42833
46548
15397
70190
53122
71838
28188
72152
78257
1728
18372
79358
21759
57327
41012
8232
88611
43409
28768
21474
62449
56915
42548
58568
79851
97439
30926
80995
21396
33786
11023
11933
42042
46612
30015
95966
54989
22798
67448
3366
17325
79831
3022
39812
87923
15988
31441
23931
47242
44400
50650
70944
6210
61032
45864
85917
3999
56828
90339
55683
40912
47193
50755
44470
90705
6439
37316
75147
27312
45046
53243
65812
75960
25401
4149
82617
53893
2736
70644
63862
65997
6995
33752
76996
83135
40079
5723
81010
748
44097
91966
98160
32459
11765
62453
70132
29076
58552
49106
81484
78672
56294
96619
2196
91156
84838
94983
80808
56882
63246
32024
1263
86184
26476
89685
33917
13440
73759
61334
50626
716
56305
74398
83214
53079
55082
33353
64195
62947
34017
53541
95340
53629
89160
85189
9702
10376
31556
85839
98297
45096
24915
24127
37501
12073
90703
11976
5982
22080
28536
56691
55316
97217
98480
80767
22366
81895
13404
49116
36073
51485
30788
17860
22865
9704
36683
47633
97023
41287
79982
23541
81884
87919
63036
5529
75801
32178
36896
71140
62376
43106
27370
42115
34411
77325
98225
98122
55148
8392
62822
27807
96971
82439
49765
46812
14308
7055
1262
27797
75389
43069
14952
64695
42097
4995
74807
67396
34180
92950
4966
90188
44998
42263
86740
92967
24114
88672
83448
45540
11479
38560
92484
88631
78464
52175
26569
99444
38154
16224
91221
68746
30916
9099
95750
19306
28154
62675
17
29415
2517
30828
63941
62198
3426
72634
82808
54707
95699
56798
22698
25635
23606
55721
16317
36829
50584
26320
86230
89921
78425
75363
29242
17956
1728
36220
59272
35899
46513
67433
64812
61438
88655
54033
43022
80651
74618
30286
85205
5830
69367
71862
3745
81356
93526
65586
45140
75194
92782
58921
68722
1833
76444
10095
50990
27154
1586
45985
60469
67205
13361
46908
8194
28265
91985
61259
36979
69573
12699
35666
62210
20297
41115
80400
20554
6562
71618
47885
24430
36142
91080
84078
43117
87591
98710
62978
84994
78559
3043
15868
79065
28633
69817
17999
92468
22458
63668
75479
89370
32267
28607
75567
62495
57115
96711
48425
60718
96044
89541
44427
55536
53700
21555
24327
76125
29283
3791
20602
29554
29006
76264
58420
66529
96830
56601
33577
50479
23115
87931
98096
42894
96138
58515
92162
7535
15512
21582
86001
90880
50285
2260
88950
89018
58616
60332
25364
7078
45490
41873
63185
18666
43065
45925
60364
56002
70186
9037
65665
514
63134
97945
37602
8112
91445
1532
59397
95184
29392
16791
60612
7700
17790
29722
79268
26745
87314
69401
7913
36497
31236
26498
4988
81242
24746
79429
99828
50213
98151
36160
37348
6475
55917
85486
27745
52340
64658
80837
97573
57083
934
30179
77685
28698
81260
55484
876
13343
66656
33618
68687
785
1123
29167
69278
36635
92956
56360
83365
12015
1703
9184
97033
93232
79443
54137
51782
32303
1976
26928
62087
6476
71828
50830
35562
1056
48813
76290
99981
69262
78553
86485
83556
64532
67472
36562
5352
26750
16208
91110
59383
8298
97472
85557
55379
91750
33145
84452
49254
27123
3701
68572
11366
39728
71530
62210
28956
50292
93604
68222
87821
16666
56378
14102
33462
15218
25628
