28175
46410
62072
14814
70201
88843
99882
46655
70577
22972
585
4135
49389
92407
66226
42722
65047
48178
80737
11654
14550
30798
3129
18057
5879
27335
14320
47722
5482
58086
28260
76272
52891
95494
82625
89523
32467
93788
34463
6879
72529
31620
25567
99838
14829
84263
971
94531
35379
81914
15245
8587
13961
80884
46377
97376
43281
44015
8934
42865
74522
52159
41173
12491
94712
24313
51243
53894
9781
76702
10254
71258
13715
73857
39124
82930
5230
3291
3227
21616
26364
19789
12343
23567
42840
19673
62310
72007
49117
85249
46242
88452
84854
91597
32356
20370
90446
13076
5125
90516
33020
47077
84749
58676
71659
43987
94871
40103
41759
63446
92145
39990
40788
87318
16501
54733
39816
17605
69650
75039
62002
79235
4776
24532
30460
21802
86404
22117
41501
18754
92483
92154
98165
12711
88596
79287
35039
53666
51907
98853
24801
22206
30248
85671
93103
6251
47663
97536
75096
77622
80554
72840
43425
30086
28513
53784
42300
60217
28215
49857
57582
72754
98602
23005
70962
99991
41825
28076
98721
37214
19694
86149
65698
70797
50237
39796
48987
19105
31428
24208
74138
88868
47021
63878
38200
19642
48728
68078
84198
34812
36986
74821
25451
2050
41270
52046
23603
7243
14708
93112
64426
19587
98814
37882
57928
94404
7142
72628
79848
88716
4796
23195
28789
4007
75718
68714
25733
34724
84804
51320
51262
73746
43878
63909
227
44873
60698
63647
29526
98191
16192
41744
4396
38315
59781
54551
90053
9138
5950
43795
12500
76099
88230
95481
30015
13790
46031
21443
26332
72556
26313
88879
22438
63388
41849
90680
75708
34904
37654
13054
33706
43494
43101
81657
72524
63052
18798
90473
44225
21166
78661
16594
28773
41009
38819
75163
85516
48396
33894
86436
98841
39254
37315
56970
71877
27312
19306
41008
96466
69101
78842
55148
71484
92895
10088
69005
32997
6572
22957
66962
94992
55557
77218
5165
93895
9718
60105
81428
24568
66686
5164
27312
1010
51217
14212
94452
6179
86131
9780
45211
43746
77789
94007
75124
42324
23512
45110
35878
30921
69814
42165
78943
25439
66931
91444
43284
62036
32150
63075
62158
67206
37878
16440
29780
63936
51530
54138
20266
78683
15636
62826
46866
96792
77746
23216
17202
61550
2093
62841
70382
64608
24227
50507
54753
24521
26221
1873
34078
59773
70928
32416
74028
23056
47621
78004
5867
61349
64226
11187
90793
69374
24844
57195
15285
6988
95298
82150
47692
43715
74241
81733
59942
69309
92692
97550
42979
87371
61686
5259
37715
49657
20059
60492
7754
83220
88797
23810
49171
99741
17348
55853
97323
90905
72047
1007
39764
67032
35221
47765
29222
44070
54180
90363
85532
89195
72473
4719
30363
50071
35025
18496
99662
58967
73472
41136
49314
64352
49440
32064
18190
71488
32979
47951
26366
18388
84409
69036
97261
91684
57786
75947
52149
13921
76036
93645
95476
29696
74960
18558
10746
84078
93447
99099
64716
98852
56190
38356
17433
30910
51693
75412
17591
3157
29574
57733
11090
6228
63996
67143
4786
3436
7457
38678
92285
59078
66347
85741
82931
79826
45659
19618
89391
30881
21318
34112
78041
33879
83235
27514
62198
46053
51603
66351
39991
82374
58355
48992
84347
18302
82555
89247
65699
7816
13772
7310
76620
54768
6814
5638
32504
70449
55425
37606
85250
32074
86020
86709
81838
95461
79692
77210
22993
36482
4945
58733
51833
41106
98686
9910
722
17355
1393
64628
97271
56412
53919
81575
17109
14008
57491
23272
27064
77596
95009
91748
90627
13996
81100
7917
96353
71646
67153
88886
38610
5344
66254
29216
2870
55039
55476
35514
56082
96903
4916
15148
69055
90796
40335
28838
78155
4444
69600
67830
37969
56420
50145
45397
41472
13196
68105
37837
60005
90769
13556
29076
50202
12507
26018
91927
90158
24702
78704
62069
58531
21977
67190
30160
72680
79861
22693
99831
73661
52262
29761
91909
2045
99322
50916
82189
55198
20856
87744
89674
86934
17638
75509
65313
83347
75840
64946
56548
64778
48407
38680
53453
25740
7531
9298
15992
89230
19984
72716
61611
90503
68273
64176
7742
61007
21647
27030
50879
61590
43828
36728
69301
36958
89030
75134
40892
46467
1876
46813
96840
14914
66145
35053
25253
13581
76308
66169
94514
90023
34924
92959
35213
48140
26132
99170
18660
53462
67766
4305
61699
48809
14066
94957
20949
11678
69379
16494
36709
32396
68406
69524
87353
73171
75876
46696
24358
33220
38922
94161
84698
55478
32515
60856
26666
50868
1514
21161
10825
89859
56474
87430
78700
97571
85114
48030
847
71187
14103
13574
44202
59813
29459
62118
21617
65399
5606
62042
72263
79435
74812
85440
14539
73605
19606
6220
16294
53210
68290
70080
10164
48217
5669
46849
75922
80975
90824
89782
88056
27845
45849
53170
19117
25348
49958
24885
26018
70396
39238
61267
45262
39472
48897
31389
15047
71034
72890
5095
77964
78893
31736
47637
2896
44022
3410
95985
54143
82609
86196
40641
74575
15824
73986
44418
33586
21641
66323
89191
23647
94721
80202
45897
13971
7023
24818
70691
99320
74280
31802
4887
8085
85728
11817
9162
96109
98211
50273
75094
21937
53972
70741
43408
84200
98597
86691
29437
65485
4478
97802
93405
4710
83699
81447
83242
98691
85838
33665
95873
19203
32718
96664
79863
50807
81308
32556
88846
4007
64823
48308
35375
71368
91228
67253
69674
23980
36793
61697
15374
20331
95381
5205
94841
76478
38397
177
24385
4280
28574
10471
10271
64545
54400
55890
89218
57308
90877
92601
2891
66040
97845
25430
662
56170
62427
22037
13482
16445
11773
59262
61898
24140
18291
75541
23822
27512
1823
3385
12409
81131
8170
84565
75432
54351
38037
70829
16967
35338
78035
12366
33102
44191
58806
49334
22486
69951
4543
38671
14051
16360
86694
7940
92507
69312
48573
86130
46254
78859
32068
61706
55484
87492
80192
21759
57869
13279
49998
46310
18132
91597
5069
78144
38409
99406
26160
17706
65334
68957
53054
53870
22969
63151
89334
96049
94436
229
92057
6120
5778
51907
24575
38108
3269
16329
56881
45609
63999
37046
91464
9206
19953
58232
20539
22453
11290
8550
69530
93101
43151
30867
20796
77297
25804
78197
38736
92333
98158
84142
27322
57639
21222
43877
40532
66224
67022
66961
74874
22080
42525
80550
53706
28287
77492
43848
33917
64736
42612
66880
84758
85886
30699
98956
62968
74911
31111
47277
12304
25072
77592
64548
47450
79856
9723
33825
87984
76075
17700
54314
55430
44329
33675
47449
50576
62601
77160
92508
99805
81955
44279
73999
49720
31277
99384
41436
26940
22265
80909
65620
35113
19744
54656
49802
44488
77976
33099
73849
18563
43666
55863
57842
47035
88297
11449
40428
52210
83249
48380
366
97751
38602
47472
30348
80792
3592
14827
16173
80472
68287
6885
65719
95165
52080
19200
35686
89673
83873
2961
72599
29501
3310
73945
56138
26091
86437
26964
61422
19828
58955
89226
43691
73885
80542
67869
96511
72272
24308
69010
40896
63148
16926
93377
50276
36781
90144
62677
94955
69096
75763
50755
68337
80287
75780
70865
94440
64657
91334
4256
94355
76628
53404
96344
21516
79061
63193
91833
14622
84211
22689
63413
65364
14863
62065
9450
12575
9932
23668
19357
35947
23759
32008
92326
44064
8200
20889
63403
98104
9677
73428
31854
80937
20051
74655
64267
9743
20581
71861
71215
73587
98310
48054
10744
46407
12349
85390
53473
18222
66330
58290
84508
40988
71977
68309
70595
44619
61078
52280
13315
58172
99790
93729
4944
10782
90835
82476
45312
40207
97797
99707
91993
38071
52453
45769
37636
75705
21263
45918
31714
22809
67415
45181
31774
51387
88919
90865
8960
51742
4059
19647
48664
68300
58545
13043
73797
4581
43110
99961
55571
29873
40078
13265
20424
66623
66296
46436
88535
26207
30673
94889
23356
15160
20566
90506
90756
54609
61955
53556
21862
99970
73515
93570
36148
78150
51042
23692
79526
39409
71972
33054
32595
21302
90347
1840
82731
54149
24756
65151
85090
42483
2329
82752
21069
9170
96291
33504
47734
68039
22286
19188
42626
89553
78098
55601
56357
46507
77117
42274
15580
42604
66910
49125
54235
97618
62294
2053
24812
18725
7774
36607
29852
96804
68466
79379
97640
90763
72501
26977
81858
17537
75958
11487
17123
52784
90428
43041
43203
34745
45482
36223
77031
82482
49570
42486
75572
53203
28517
23450
46875
94237
8691
29008
60264
85678
89335
45821
21087
98718
57960
65594
74006
50139
60415
98043
66646
55423
32002
1451
7189
19252
58849
90066
73243
71550
59576
47369
47233
25979
3806
44436
62245
49050
80102
87620
8845
46949
51222
31444
63448
44606
21954
44484
76785
79887
62216
26891
22066
51526
75840
20149
21201
27065
16260
27622
35388
18624
55764
88713
26102
41965
98588
95107
94911
13523
3348
24956
70037
72795
89197
19696
4200
557
38002
62583
97298
14364
13281
93355
9334
32684
25303
95706
50139
83657
23235
35179
32789
52480
52232
90220
91184
62509
5342
21482
46018
26847
49572
63262
76538
37260
56854
49271
62329
56144
15948
20643
89063
53677
30324
21023
5343
62409
79379
93417
16662
2881
44968
11254
90287
68168
92166
17556
20562
98976
28511
41691
95215
16520
16564
70450
64791
50019
16816
72073
75830
76031
33377
93994
67708
2591
46116
79112
22156
31209
84877
28775
83129
11924
4819
43136
81878
38318
72974
8369
45093
39297
28708
63352
27632
74257
25427
72542
37112
59873
56231
55324
45592
7305
17586
40630
69503
50973
43545
87696
22052
13054
95400
89353
14099
99735
58561
83291
11700
73427
88571
26473
77045
8447
26979
36533
47323
70025
66362
93451
77164
73573
41999
62282
74977
29553
83183
75823
94337
64189
73632
30905
94772
85278
86317
32039
43896
39355
49253
27896
15695
42136
60842
63684
71301
29757
78278
37145
80326
81052
93307
99478
84611
50094
10531
48478
71055
33118
14375
84545
16552
82737
88953
47511
99794
57666
31700
91767
22129
94940
92637
7967
20771
38465
77755
35027
12731
78314
90980
45220
51274
46038
95497
13284
70881
74154
46293
44678
74746
37839
60983
10777
24979
64707
11343
32958
53182
13331
63890
13635
98057
86511
15015
85385
88415
85340
78707
46146
72339
75504
35746
92740
42137
69155
33270
70514
87240
75668
76630
25640
11373
87022
17021
84290
33956
81859
82988
56063
27121
44797
81844
99399
14424
77345
47162
64763
31022
10111
24869
85541
95446
147
72339
99241
2092
68242
68639
55823
31437
40829
45717
77514
36701
38249
2262
11035
69490
30725
51429
6555
2351
22643
19024
27541
93659
36346
78316
64792
21992
68507
39492
77128
50799
91089
30194
11225
14682
17779
82197
65713
13220
27164
24626
86292
99079
4330
62698
76175
75083
36127
95272
297
58682
18314
83189
72803
81122
44797
5581
65745
89926
3847
33830
62929
1337
68589
26714
45612
8055
91036
96352
51711
48527
85715
93335
75187
98016
32732
28462
89329
73648
2141
89709
85865
73234
39195
18445
32485
7899
57390
30102
69885
12197
16452
75787
9373
93333
61697
84955
30489
77615
17086
68119
84046
39774
43561
51769
72967
24979
8002
74786
48390
16334
16252
92097
87784
14137
47965
89694
62141
50144
94229
37712
50664
60933
26467
39513
32075
9928
83961
81853
36319
47777
97973
11713
56561
34021
5662
46090
29673
87425
45477
7506
99897
82603
81712
53550
95944
24354
88002
95235
45368
72002
22813
80344
83385
79374
17455
23112
13307
4047
19693
63039
41017
26148
38467
613
18361
4538
35535
53763
8474
1874
60021
74715
4666
86723
37814
68060
79221
72917
43568
7720
21925
88726
36485
64316
24963
17628
28327
77187
16566
82549
32783
25625
67732
82438
66488
73748
44136
81099
35188
91406
88819
34239
86760
43493
11981
48097
75678
96662
41559
49394
43891
40389
60479
11972
41113
52290
89663
74150
75649
733
76211
58348
37196
25924
69090
34395
6983
22228
20234
64065
23924
98122
37728
52162
18901
87686
1965
92991
52335
76866
41949
31665
35627
67171
38658
92393
65146
55759
41324
14198
84085
69985
5449
34454
15194
30470
97042
60835
74402
77585
41114
53450
76427
77493
25470
45769
2661
8316
93071
53427
50325
96671
21815
98783
58783
44545
22720
70024
87266
76697
69249
51223
80903
6036
79980
53938
92672
3273
36967
88430
90643
41129
18588
74749
35752
88499
55237
58134
41701
92888
89732
56830
62688
87897
63872
87414
48169
6666
75671
70649
7750
27018
73569
97705
8336
89890
72547
70390
97513
71531
53097
99387
71348
4640
62783
9196
78082
47066
63031
70284
89307
64585
28323
94377
86964
12418
88535
93005
42164
92565
5768
86006
27602
66318
80680
63625
67560
20883
66412
45861
15952
84847
60620
70169
39791
90344
85481
58048
25113
54676
9331
1103
43634
5386
81341
43164
98695
79191
10740
95917
1355
79541
28226
4947
65762
67090
71785
5029
23960
99158
41635
57199
80653
17169
54331
4460
3964
58153
54586
96620
26937
30487
67891
87487
83234
4665
42371
22215
84976
37515
64930
88368
10142
70494
44506
36410
56620
55673
4406
72701
18559
80451
34087
25955
13040
52132
20449
26465
51055
76881
39199
40541
24605
14120
68980
70867
11649
40739
21713
61097
24718
49569
20052
86445
34228
53267
47056
10158
72662
17921
47840
48291
53746
81885
78060
46485
96399
41936
74446
31101
84215
15906
71160
8095
98315
24388
63763
96022
1514
73638
24761
15880
33959
43309
47982
68990
60398
47642
91726
59773
5075
10290
53802
33134
29040
90908
86795
42719
36060
22495
74468
69712
66292
90611
76881
8812
78409
11957
88130
9840
89503
51034
8644
99024
93159
31959
14332
10437
33902
9070
86086
48756
50210
14673
26026
73925
62104
38026
79055
7407
37593
21043
59961
79019
99170
55048
49588
43347
66427
39170
90581
48441
59512
81886
70269
54040
1645
54778
39974
97081
76575
76357
8816
26990
36408
25711
19502
51618
64585
2956
46707
40382
32902
80722
72247
68459
91072
29625
99853
38111
82370
70984
44009
94732
18488
37644
89244
68324
44403
71986
72279
7326
98051
81973
30831
61235
12226
32971
42610
73458
35545
97969
78762
63470
92462
50198
15539
78789
9639
1809
62967
72020
54924
1862
14710
5590
32348
14084
8501
98764
36466
51178
7215
92598
30677
39381
42330
50928
49891
11011
56233
58100
87015
26395
2566
84401
92222
80538
2269
68290
22104
10455
58685
42594
9018
258
52402
96189
67263
25240
28887
98142
24470
43845
36991
84367
90754
86163
32793
53081
7867
64611
28897
98627
45576
4866
85004
28529
99296
30309
13368
51809
11814
40210
76659
26011
92493
64621
83580
30418
86978
46141
83665
24651
82124
58090
33630
43169
89403
18198
93646
6059
47745
49188
60422
57493
81557
60057
97017
4151
15253
23872
96892
36953
11872
77078
86328
84259
67186
10979
91874
26133
2583
2375
66102
61726
80946
4246
16502
87486
71236
41835
39125
81097
36663
7308
4063
62626
79788
19166
44454
32435
67603
79428
15164
63105
49248
46711
12778
5046
71762
49370
75983
78423
26324
67512
3476
45370
83085
98696
76547
77310
43555
9531
32915
73418
84747
15795
290
4563
73014
23702
4471
48019
66525
59438
58529
23154
87210
2996
12477
34234
91467
11455
15723
21865
65851
60702
54773
69150
3832
58693
79540
81091
42618
67143
88879
58072
46512
41746
78358
33453
46421
8215
32032
48060
44899
27963
11897
66885
8982
80321
58159
80088
86218
42312
85842
32099
93807
11049
7566
24044
61021
31140
730
14320
44161
23380
5401
99381
70558
457
76641
45464
24637
79024
87812
83252
79423
67663
76966
37888
48804
87887
60167
23510
533
99451
94872
305
81301
56780
64264
35463
34179
54314
72431
15281
7484
17711
3898
21519
22562
12516
96326
8525
3680
12695
55450
7194
54500
2589
52675
26144
34082
69678
75239
73134
70972
77220
13786
44710
28507
5095
18080
13778
36192
41178
11284
70323
6593
72531
75768
61711
63764
55447
15325
36288
91560
51641
19830
87838
44000
87678
45805
78711
4104
38120
1380
64500
79074
99296
44308
30264
3925
59188
93011
17467
94436
82548
72332
62501
1410
85127
601
81968
26821
90964
62379
78635
54352
38950
81573
19331
57389
25948
709
40828
59289
39368
9674
98072
39797
46783
91248
7296
28223
45504
57786
4576
62435
97858
41852
9012
79308
57328
86427
58873
87077
63837
51890
13140
75741
22745
10147
40124
17723
24977
72874
77976
58479
52182
58178
55067
72874
74260
22704
54627
93879
93304
53744
81317
33178
57802
16199
56494
97098
72561
40022
60
39521
41835
53751
95451
87478
96533
22330
17052
36636
51124
89573
3246
72629
79809
46097
10253
39679
86785
36138
5048
34624
31800
64994
93772
10092
70573
79961
17938
6546
53653
43025
45162
84954
72814
38455
16643
98431
62726
67589
76340
51929
5651
17991
42754
3731
50498
8687
53368
11705
5946
16814
10313
36422
34973
65435
7721
76841
59979
85358
16905
16572
4392
10506
82982
8098
44411
18291
99815
41354
29454
11821
76953
19195
59798
53118
28973
13809
22239
90040
59594
61885
26593
6233
599
36838
32712
8739
49981
7378
30733
39801
38451
77368
50683
59768
47537
95145
35008
34655
59320
32207
8872
12014
82251
94124
39861
91117
76624
81855
36462
93912
54602
69939
25763
55019
89978
98158
9906
46144
75386
35671
68310
92436
10620
89652
73370
99584
68512
30
5580
33827
78800
87583
30719
27387
53012
14579
23982
6475
96976
41594
32115
68125
70915
36821
85199
68512
51604
95664
69789
49378
85238
88863
59269
23649
63896
16435
1393
92598
20753
40276
22605
76594
76274
2635
15111
67018
39219
98376
2007
75399
74176
3430
49167
33791
3556
184
21521
73798
4453
4857
47980
72847
30240
56201
48589
89937
28314
7070
63490
36576
13185
31383
85721
56699
18989
55521
91851
68280
21710
18180
29292
53227
93656
94390
75202
81807
39695
25477
20092
63712
94914
27595
88144
15896
92296
49757
46353
20072
54045
25174
38704
32149
34885
65430
62213
42793
17708
92467
14802
48035
8333
53241
52088
86273
75564
94752
79191
35850
80999
66781
50241
2836
86978
99778
41662
85590
43238
69825
64403
69231
9167
71778
14234
96535
79475
97143
18342
28226
32176
32409
64099
47228
10674
72056
55378
41673
75506
1871
40331
97543
70566
10502
39073
87264
74932
35868
45171
35106
23768
76623
99554
47882
28063
45570
38867
36555
39006
55552
6798
78421
76410
50964
3674
48590
2682
3013
92161
14921
44400
99988
10083
41367
29494
66860
98665
98665
32704
26970
21603
43607
51972
83235
4458
55552
32854
16216
19164
65103
33188
18822
2666
19953
95073
61910
21132
19601
6828
90482
84582
71919
43706
30249
90706
23779
66539
58187
18388
61203
46905
40202
3850
12036
33949
63190
26448
93175
46506
48121
15735
86465
83849
27057
81732
25577
97322
90129
46293
67583
45728
79063
91836
42222
42387
49683
99901
21722
92529
80678
89012
74667
97827
57961
18198
92985
14972
90630
86004
31882
35462
27957
73095
58706
74747
98116
88070
16648
48516
65128
26457
76409
11893
50804
15474
67841
48365
61628
69648
84265
63289
4725
646
65827
59108
41067
88637
25888
8859
88746
10604
6691
4125
14411
32121
17771
5968
33130
67474
44271
61613
83253
73206
27400
54221
12602
62774
47023
42486
50356
44620
53344
20981
1738
68593
30736
27311
7268
99597
33679
9478
62182
7788
59770
54524
19765
72284
97482
18682
97703
61873
15235
94153
25377
22652
80036
31519
73246
11605
46506
78293
41614
83401
58502
44126
57260
85710
2386
45817
1385
90460
98699
33533
33794
34792
99430
75464
13436
72876
34456
40318
65291
28340
44782
88482
29384
59190
95603
79085
88556
99217
54065
95662
53091
55386
67864
78780
49285
15643
97263
34054
69897
51664
17297
7243
63173
81702
60359
90585
23221
4572
18083
369
77149
6187
13001
13274
38619
70019
14742
98070
90107
23301
57261
2167
36394
3037
80441
78408
66927
20650
26178
97792
75612
401
70420
13627
11042
37539
25309
47682
98830
5017
55863
83984
81134
53695
18513
46903
42385
54590
40161
79266
901
99192
43947
46596
94403
15130
70848
60136
1260
81951
23658
2571
78393
20290
24757
76747
35766
99374
2231
1080
44710
67059
99239
85089
67437
73276
21033
82699
84524
33537
36023
12337
80489
46912
96891
76420
56453
23824
19224
95912
66690
65172
46421
16879
81359
53292
5590
60843
28937
41765
11137
43011
52358
39081
34555
33841
99952
58858
79158
21126
94096
88148
75612
67722
45928
11320
22082
31481
23398
48337
20294
11942
80149
6319
34389
79538
20638
82360
3729
14145
67686
60189
53761
42759
22400
93011
59979
41408
12356
63050
76467
97595
44665
98097
1816
78541
89559
78698
70951
70039
31210
74109
37445
80600
21470
99195
62861
46039
4691
55017
13203
17592
55129
65013
53440
33906
34386
32853
45322
52916
51341
80673
19125
60347
71870
22698
67276
82052
4503
55847
89978
41939
11408
33690
82934
93577
22744
73161
21288
23205
30150
13939
36716
57339
49847
58874
42465
79652
44657
67909
44154
56706
33376
18035
18697
50536
54983
77097
8730
98771
31919
80808
41535
48843
65038
71263
6184
21439
82078
59863
11161
61225
11565
22116
22765
37401
43957
61785
10500
12995
80232
87623
37395
36593
11693
33272
8562
93372
14992
32398
38593
45647
64430
22516
91286
49342
72403
87872
92300
78583
52689
21026
97573
84793
56747
82929
45141
11259
95270
81296
6578
93198
66596
95734
18539
44295
43413
4942
37150
31766
62700
12811
6446
49679
21270
65514
96794
89049
30830
73423
64997
56084
69484
31916
60305
59206
90050
52601
79845
28763
88130
97303
98102
33696
25819
45394
79050
68695
3977
46991
5928
67461
50722
60534
15882
39878
14580
47893
63523
91233
86134
56091
80429
21847
16298
50494
23713
34680
35429
59332
54245
90811
25096
8386
43635
65397
14709
72750
23859
75875
86463
28099
85072
83839
67494
97535
5362
8950
16033
20427
44625
42156
89078
88612
42629
32038
16873
76254
17397
75325
21680
44370
33266
44644
92746
15117
42365
42335
16898
50485
25168
41829
24034
87647
4769
58035
71019
96590
54353
18762
45131
14763
18646
15001
14707
12089
1733
36484
65757
11596
48523
38454
55353
48534
54194
42092
94832
40427
91093
52377
55170
63027
92051
65548
95259
2796
18121
1430
83842
84594
61019
20283
21901
98634
30194
6917
25724
18264
29937
80656
13384
5880
76578
5302
1961
86714
86476
75500
33452
62676
63202
30591
5497
1976
63592
82104
22711
53097
19742
11910
93967
302
52641
81162
50577
28240
16552
56718
18339
47277
16368
76567
10490
10436
38992
49289
86448
86749
63587
8544
16319
42621
67977
21165
21392
30427
14786
19925
35042
48089
84205
72626
98522
18026
86689
13082
53239
95415
54724
73721
70161
29757
57160
86175
46308
86634
20101
95061
62983
14302
95655
35961
89510
11197
95591
51345
32324
31476
59770
20150
13453
96626
21676
70250
63071
43741
78045
92464
23746
25910
96050
91033
32025
89865
38383
86561
85461
81801
74856
34757
10326
19725
56942
20740
52433
48243
83116
87325
22434
35343
80757
21762
35644
34574
60267
73534
8081
86909
23104
2566
8589
27636
71314
37072
18251
4622
3936
99645
72814
9029
65884
50522
56619
25012
9824
93728
39684
935
17816
14827
60625
90720
70029
88402
45152
74287
55388
97451
29597
64848
78479
98551
58697
72290
26168
82689
48410
19869
2488
47811
44307
83471
14511
13405
69459
30235
65143
10632
24749
66539
33850
7146
69092
8277
41940
17869
57606
82911
91919
43963
49233
6485
70047
7965
30549
67332
91825
84328
98843
27134
45317
19814
98447
70005
70520
77154
76208
56624
18942
14917
9144
44756
72701
63057
30997
71333
29459
50419
30350
8299
25083
65499
27950
58524
98577
37821
13423
6545
82855
2127
38410
80814
11788
97615
21222
14036
8698
99087
37757
64785
41660
981
63968
77002
34819
4476
33784
6989
76968
59215
37873
41405
53978
90544
2050
79818
91864
39922
71427
32698
63731
69663
73768
16815
76507
28330
32968
75085
41835
16960
62635
30372
12662
65564
66639
24101
1530
50948
23705
94101
4037
6434
29577
23640
64254
97004
26835
21244
95564
41404
22172
68776
27659
5058
1054
71996
27213
47153
494
6488
71508
58698
65153
60007
96580
7501
28742
88414
23904
77948
78287
40915
16216
77326
28661
57297
40086
50128
52560
79502
1494
11724
79521
431
94788
93858
2712
7603
64510
94643
96888
54377
50453
17216
22593
45338
41280
69570
27059
56753
68262
38421
97339
17615
63116
81256
52559
50333
76397
43757
31910
77084
94592
20991
4993
59783
79177
64722
65218
2721
4788
21138
23904
29260
81060
23910
90462
99000
54733
83323
16016
70515
23068
95807
11240
63073
14384
61905
37314
13531
41299
52379
31206
20752
62733
19804
59784
29461
12223
62809
66160
76557
4351
24338
51964
47123
14516
68078
36555
39205
90794
53559
95599
93074
27740
61394
54016
98784
9751
41920
45398
17271
27407
51687
61422
52409
89932
3151
66527
61255
64125
61000
86776
91923
17162
39459
66164
98730
43842
64116
48556
46305
25350
98108
22737
87740
56779
38131
93012
1338
65787
60999
19710
70303
17410
48888
49150
52664
62916
99555
57191
11365
1550
75299
75079
29794
66782
3676
75912
88281
95229
55286
54942
45634
93363
99092
91921
29298
28950
73681
95629
51800
10139
65189
95468
3126
41289
16473
74512
68273
90309
13500
35813
44287
6925
37191
44755
50050
23029
92942
20958
53103
62219
4730
6109
10501
6057
74075
76939
18318
56967
19851
23713
89234
3926
5390
1226
36361
79831
71953
88504
50308
29163
7639
97972
81729
19472
10654
38708
56171
54337
41871
6269
36007
52723
42526
89580
5408
59079
84966
97068
67214
39534
56194
11305
70457
89786
46579
40360
1535
35965
8393
70219
51075
4438
70649
23939
54580
6758
24380
91029
95402
35367
20768
63980
15095
13581
87706
36511
61399
15809
95817
77281
94864
74885
21290
10774
72969
96333
27514
91942
72892
70294
37173
20206
45944
71651
55194
31568
82073
18587
35000
98649
34699
93936
1665
31846
18765
92214
96210
56875
2080
10068
78961
85725
40147
31111
75354
76189
83148
59875
50969
58247
79243
32437
18136
25108
98193
561
18035
43444
58387
56137
54437
42812
80809
97168
42581
928
73220
89443
92008
80754
123
70638
89862
62824
91332
51447
80058
14832
96297
79005
48420
22198
67617
76752
19405
2262
75799
76556
33652
18204
74178
52765
98488
45942
55631
36149
4915
42979
88529
74426
2968
93705
67866
70215
58124
8605
42575
55312
33776
46746
20502
3202
47146
79381
7717
32238
75194
4057
77762
40319
25128
96664
55790
73804
6576
47357
72149
43919
7193
55183
46531
37079
26303
21871
76036
54715
54331
97402
18628
10800
59686
20487
42780
86906
97701
70975
5619
19107
38225
23392
60954
858
65216
48210
49298
6304
37914
94062
63638
10767
36455
98656
48119
78593
214
83422
76899
25275
3345
53001
77907
77792
85428
66962
80632
4640
53884
68883
76102
35600
41737
53042
5693
83801
94228
45672
71863
78093
72572
69731
16800
60269
33763
7860
74344
61030
72368
64186
86691
14278
94076
80344
15761
85223
45484
83161
15430
98254
67577
44657
52420
69030
17959
28038
69029
83412
92963
64318
84364
54541
11559
98806
52702
33613
36201
17638
44029
77567
92617
19602
32272
89697
82192
61824
41524
61393
37281
20469
38316
11067
30242
73609
10515
27915
17311
47770
42309
5725
38831
90931
68067
8050
79822
32150
2718
95269
27641
82148
49022
27846
39132
37862
5636
47974
12385
62723
86838
56135
86513
7635
46131
72493
26001
73297
24299
37950
88290
24786
16301
88430
75329
38303
38736
1685
51535
24222
9874
50041
59105
46254
33751
55132
71446
10469
71934
92380
67972
62541
15530
54588
60931
86173
19211
31195
44800
95573
82048
6525
7851
64768
6979
2854
65846
60592
52517
829
99125
3950
96439
88162
52848
36796
97029
40259
73884
90998
1046
15532
1362
31918
69977
25749
9256
61712
27499
89155
19091
7541
56885
55961
42174
3348
42190
94337
39274
30896
89286
10854
57952
71105
93255
64021
66101
27367
1740
24135
89144
78952
57311
53801
94526
66515
5163
75932
94790
81230
93597
4133
33092
63362
81737
91584
47065
40478
45988
49500
94605
2692
984
42987
1712
90192
57580
30257
38663
5956
59647
81889
59972
3364
10
40139
50230
3084
61434
75658
98185
66258
99547
58044
37298
85152
77761
94589
89367
1670
16956
25623
81378
52239
29529
86451
77968
14323
52089
4334
8935
74905
37269
88834
21582
11708
44160
29728
63351
41598
41354
43981
79043
70330
51314
28347
3145
42939
5688
16559
12430
62990
40889
36992
88999
34024
511
7733
73834
13559
62170
35906
50994
57100
66723
23279
28988
10712
36462
25590
40992
48032
31238
47769
60316
72975
46580
11048
924
1181
83306
35028
8634
35529
91903
45944
34015
276
99834
87558
11196
36427
55894
49792
79427
5447
92986
21943
3606
28035
99358
92432
6477
80098
75567
64397
31752
93120
76675
16023
87444
89462
6808
72652
30252
27142
27272
15465
65196
20778
89264
28712
10878
48904
14393
4564
92138
81445
68342
54869
79989
24636
7441
72889
1823
90873
28551
28536
59961
27506
14191
40895
23601
83810
113
21733
29619
83241
19539
52284
78174
77520
56746
82828
38770
70646
81554
57572
65704
71002
72259
50307
24777
21805
36034
62807
82021
33918
70829
39378
98590
98736
55503
37690
6586
48368
5110
27067
48790
92660
74945
8897
61906
16057
76694
2468
67889
24613
34118
31177
9319
70978
62831
88958
55246
63884
16117
1795
47776
37306
39712
95700
12412
80160
53694
79438
22017
19056
76241
90401
65535
54486
8782
73044
96057
63361
88400
8720
45111
33566
94917
57408
99799
39652
30059
27611
35904
66544
82443
42701
32251
3315
79291
11483
52947
79244
96484
81746
62363
97255
80451
48833
48371
43716
65641
54832
62196
89787
92901
91885
75484
7397
56684
14209
42389
82304
95900
72760
50101
26082
43534
55472
36613
33539
58150
62220
75195
97298
20096
16812
66876
6654
46356
47855
53114
46084
9036
56082
74010
75226
65415
46117
73643
90558
67217
24854
46630
65081
69094
70643
83343
23724
31644
36280
53721
24979
12220
14832
85566
3420
79637
64897
69690
76088
25008
68829
61040
8829
61095
96305
73268
39818
98749
74874
60667
97417
81828
46055
66321
33296
15589
10114
28204
49453
33469
43151
75009
10076
94133
28135
33863
94204
70516
70590
95589
518
76426
97554
65550
98388
63813
37801
3986
72789
97375
43525
24975
56770
75612
56304
43150
66165
48510
52269
87831
69522
36692
20237
42619
81856
93820
50963
14695
32959
62441
79064
69301
28159
79285
60149
20990
84274
80504
67933
69482
77788
6128
55414
52078
89943
18176
18239
34463
37829
84985
67698
45693
18246
82758
26066
63825
56189
54935
83694
4568
12849
23105
71026
10348
18311
74223
96816
77485
15463
35313
58875
85660
80576
82787
10043
63394
81278
68158
52676
63679
75580
16500
76866
47974
94742
33370
51055
45400
53218
96323
64801
29339
96810
63365
56633
54682
35101
45065
33767
15719
21359
40754
19000
2515
26109
82038
65117
35459
72715
62671
82546
88030
2259
20014
28987
96349
46239
23052
15606
84940
23168
51416
24266
19140
70512
29536
88849
17210
26153
55360
28293
36212
34391
36956
42320
34826
97500
74351
21865
12703
68253
15596
72684
90546
13776
76770
27080
76796
34378
60283
8443
12049
29459
48826
92551
69942
16487
99859
32003
96572
93189
47906
9305
17354
34378
46334
53638
65302
77693
94160
98849
71887
1186
2903
16687
7572
78732
33720
5363
93741
2456
12052
82832
65870
46917
16243
6753
85565
44405
72377
18339
97640
42348
25292
19513
20346
6290
55329
56167
67442
23131
61777
99103
40218
61433
36555
10862
26556
32138
84978
91210
82767
94496
38261
94115
81137
65074
43435
70436
18134
39581
68073
20897
5315
75821
1209
29539
75894
83389
96341
1281
23402
77552
37920
70609
40679
12948
42614
4436
10362
5381
80197
53426
59426
81167
35571
3143
4086
31177
38376
55272
62855
84892
38033
27861
55057
40880
93787
64396
60224
7015
34968
43166
35797
83697
67807
5215
56576
67652
53436
68188
22460
38998
60074
12753
59383
14647
61470
24147
40249
98066
25452
44716
45012
41069
38426
38510
39518
10059
15551
99798
19160
78217
44212
3346
70413
37030
17629
75729
13359
30356
46566
36434
77741
70188
32811
23856
24818
25280
68477
40410
79409
69640
24147
62157
81563
90251
98154
94728
45270
29297
65696
46517
52100
53637
49027
44243
94786
56727
42340
22353
97018
85741
10787
9892
51499
89017
66975
74823
8257
14569
13691
14238
41581
75141
20389
49520
54069
82054
21783
80161
38876
22900
30458
84062
64660
49
84334
24103
21161
88568
29070
68091
82939
46123
43392
93668
58852
14255
10658
92545
23275
23330
86470
30701
15606
51457
4935
76959
33247
99506
90173
12731
34944
62178
83477
74117
55282
26725
45232
51450
4683
42871
53661
19689
85499
45600
31298
95457
31748
26721
90668
39814
71396
29237
56886
15545
36430
99756
68456
13202
95113
7375
90856
21655
98394
16338
33146
20761
62646
69274
38385
32126
69022
59207
87862
80403
69668
66781
45202
70005
20158
9478
45210
6526
8837
50359
41335
5706
5292
67931
37687
55526
58269
32030
56336
97308
52015
32006
21294
69160
12453
10537
32810
62474
88335
58542
70791
12188
41375
76482
45876
69648
54554
98450
93043
85635
62164
84329
12818
48034
75003
27440
15469
94714
31587
82859
73857
36992
2871
90553
28388
37662
45486
76042
57551
9621
76667
82736
18190
50295
79568
29146
64331
28810
22054
68038
971
59818
38986
70700
35143
67686
19187
73260
94156
85013
95067
38096
30886
5476
84684
33799
9317
50821
48094
8214
24162
78512
40899
83421
8968
79428
66138
62523
68466
45856
63108
86659
72660
63549
81887
14039
98005
32170
55410
60701
18474
72226
81885
72538
14553
38571
51849
12714
65610
45768
19829
13509
80716
13840
43876
22459
18919
55565
61732
55715
1548
56664
4793
48299
21904
8408
65436
67337
23589
70645
35793
77146
95411
87392
89740
51935
96627
68360
68867
70397
27578
53424
96913
22697
26027
49598
5943
58819
19673
59427
95119
42440
70438
99694
59153
61809
67433
33585
50633
6144
73135
84512
89125
94964
9974
42682
18098
93323
24100
91940
25832
50558
86697
91335
28136
48124
59751
82095
22272
72306
2465
6616
47663
64161
75526
93353
6708
95716
28239
27930
84502
63041
17727
62723
97262
43066
64298
1948
12722
83344
31500
12619
34719
27732
33595
44561
55742
79103
71558
11029
2058
85337
11313
78327
3678
66518
36848
24964
19437
16621
35974
22382
65084
96169
7438
62790
32830
23974
94073
85069
83825
57802
69372
38927
40805
89846
71896
19931
30565
30965
37610
27605
24157
17209
25872
99165
51728
39400
59044
30743
6217
39334
82511
96101
47370
9118
47535
38550
20294
70804
11730
31768
85030
86488
27204
44255
15964
72385
37521
13832
94622
16917
94398
88472
79010
8369
98224
47874
70297
8272
11061
93430
64930
63329
78851
44490
75291
73270
91557
31687
42310
33345
99636
59760
19234
5842
42575
37669
90005
81617
83200
79343
1878
45211
36120
89300
44936
94038
17091
39000
10894
99660
68253
12021
59743
18299
66838
21700
7636
82713
68963
42693
80828
5834
71521
61277
17280
34637
69238
73168
65794
60555
57868
88679
25072
31718
91552
19718
27209
89551
99554
81253
56179
52556
20793
42650
65092
87614
17
935
39003
20874
30032
7292
12653
40507
98514
96044
73689
74843
72019
10298
24800
43923
73206
50339
41792
79573
86949
28024
26747
47119
94491
18085
83159
87710
86514
28272
85041
28871
96184
29666
34620
68302
34164
44919
30522
50576
76026
84565
33204
95507
46029
52365
17531
89255
56453
12255
79349
70453
857
85518
665
71993
74187
91883
26383
11946
24132
24942
53992
70242
11003
44817
78658
42353
75678
56497
9759
28287
19816
91215
3546
2384
94820
31239
1090
42125
553
93903
31257
74258
48922
14587
28013
10665
29000
62627
94114
42280
18535
18575
26443
51084
30572
62961
84504
1211
73707
75178
13577
99955
2496
51062
50637
9642
81972
98280
77172
42948
90793
84258
11393
30229
93685
79733
21319
96415
16803
67992
13352
13050
62382
67478
9752
1240
64771
52462
71812
31858
46734
99879
68418
25375
80325
31301
71762
97860
63949
18371
28693
30720
85454
51166
51487
34276
7182
96214
57398
50838
41642
88089
84407
5714
61825
526
37573
35017
41309
49396
44870
29509
26468
45314
96214
90914
15840
86017
49903
62383
7971
23458
32466
98432
39299
82632
27596
11216
15991
75475
94058
68557
95063
20973
90215
58645
15471
62703
63549
79798
93727
36744
56550
14552
73501
99184
4252
40139
54951
60573
18435
21164
46311
95015
42867
18183
55622
85975
66415
79193
72930
26357
19025
65834
55338
76313
34445
5494
55098
37568
75442
53137
22468
70104
68655
71226
66907
17913
24931
40115
78379
87456
56264
55418
57039
72893
22245
48
78105
72031
3022
29496
96288
84356
6868
67370
17718
90716
59214
97187
64738
98757
85041
17382
85130
65298
98696
76206
26359
71641
51276
37709
61043
26300
813
85473
70093
63607
8794
82444
54067
34397
27388
83066
34546
45945
56848
38112
63236
1285
53507
76191
58698
27743
75377
79622
2415
38881
70287
91740
74197
46039
73689
6464
20755
65312
68452
69988
83542
21394
97277
54111
81921
76769
43120
30340
71368
1974
82836
39185
8450
60584
12969
25074
18134
75085
79011
33300
50923
21191
83058
31211
93319
17054
8247
8027
60708
20924
62310
69234
77492
86860
54569
41841
4007
99395
94269
81929
84622
45036
8254
440
56045
31102
83290
13613
33069
48615
88330
45670
86301
35152
19065
62351
38336
66065
60792
64867
68521
35092
69632
50443
39663
13602
61692
21590
6014
71128
21066
18738
80815
97082
48677
5886
12936
82617
75166
62216
33763
94634
74958
12093
32594
16640
82932
42340
67794
92218
3504
37941
38603
29401
13407
49530
75403
57810
60776
42442
69409
61700
7598
61941
27548
69591
64854
89219
86474
13178
49414
55719
90899
98575
31104
73887
60134
57539
17849
23023
30669
19352
53795
13796
67623
83125
80134
51413
83674
99147
30483
55126
21840
32723
92807
72063
87036
13016
84544
63002
51785
93713
55866
54616
42803
47785
47042
40028
98297
39519
89395
17863
39960
37753
11773
50057
7905
93802
94317
44422
89456
13440
5544
87326
82695
94288
33878
58175
5767
59040
86851
47117
72994
54847
71237
36956
63486
99178
70992
19837
36083
40106
53116
44155
9752
12619
15165
84087
20950
42749
64158
93233
18699
40121
73545
38344
88168
68539
71921
48515
13907
88866
34260
39256
52668
42277
44869
85112
66515
74817
86571
8726
22810
74479
8339
49350
60324
61389
77573
70075
79122
49790
37225
63018
94882
93617
28418
32873
81302
32892
48787
94946
27257
22476
5930
47216
5845
13859
91486
67474
67750
30053
17571
46132
56178
55431
70423
44219
31782
24194
78020
26779
90965
1845
69393
64116
51641
71242
44373
59051
13859
11996
3810
33623
26030
91624
81468
333
68548
61122
43504
46465
69902
10098
2325
49069
32219
91092
6839
39450
23193
84198
1090
57107
54872
22007
3980
25412
53082
41814
95575
34603
69485
32435
53615
55754
26242
83948
20102
64553
73963
70089
75670
70659
80689
31554
56876
80866
99519
20324
31897
60548
64402
4923
35857
29660
10905
46702
78750
4022
87644
56055
47251
26734
65547
8901
76980
37467
56483
46571
22826
48270
70990
42286
65487
53103
8527
30431
76417
23317
65131
23113
25892
32757
9916
35027
70201
64562
96577
23955
44849
79539
5197
16079
76909
17907
22838
48936
5111
71788
54574
19408
24383
52948
97498
83627
89557
22116
39435
82753
21132
80473
70284
55433
38891
64530
30162
14493
16817
30519
38700
12417
40889
32528
1721
43286
43072
54910
65376
47579
30265
59591
25319
4629
68743
45722
98730
72944
35259
26289
45469
48084
25126
13824
2822
64375
9255
49764
77188
12379
87745
8344
32118
74592
33088
42156
78519
91855
51226
54211
40554
34647
56739
91856
52487
61540
55153
65655
86689
93168
65800
57218
79234
90528
85050
90615
87291
27065
29705
37345
34031
93307
77722
52997
59834
21921
27473
50727
71540
26586
67203
6874
21717
81048
85735
10822
91345
33269
61336
41281
9222
43599
63074
84019
46578
30526
29110
41590
89541
42473
54864
51453
62150
13880
20179
47246
56925
3741
32022
30566
34067
4425
94115
60103
25965
58925
35501
98185
4792
74227
99270
54021
65728
88423
28123
90432
30232
93702
6419
29308
92810
85883
61185
29067
71721
15749
44724
7836
60868
38488
53897
87603
1247
30770
7214
4796
49483
2971
58054
87652
95024
30924
36797
15314
43203
843
85725
73726
85757
29747
17013
63222
97322
2714
37755
48183
43239
65048
88381
10215
14201
27665
37317
66304
20330
11666
52774
34958
81208
23327
40948
27261
35647
18766
34283
61886
49086
45871
85863
70878
30024
70997
22079
31120
21474
90674
90280
98533
93014
59031
61556
84435
14590
47838
73450
67358
93606
70492
94983
31536
48069
50766
92518
62430
88799
89752
27575
78556
68430
75869
99097
97368
79184
17503
80191
43203
5586
6197
44829
29656
21385
54240
41944
22177
61770
56512
12671
87808
45315
66925
68279
78593
50888
54327
22809
79257
78479
59648
42321
31722
63098
11724
30102
17144
59934
64188
5251
97087
67646
30247
61772
87409
25663
65327
10150
93828
8822
70341
659
32286
77081
39766
33240
1505
7589
20503
46479
24857
94693
934
64724
45937
63876
13106
66557
9661
24137
24799
62242
97581
51261
15584
20162
15068
5152
80870
52929
85560
44176
28981
70435
8138
58989
10034
54641
23332
78484
28597
9554
39430
17708
80393
2393
66712
65522
15834
23532
12556
98770
489
69690
84022
8098
3077
81024
61497
19604
18171
96352
26719
67573
60919
80681
65712
30499
56585
86948
53841
58465
43224
31176
95540
15245
22811
79873
70868
13190
53449
49545
89318
57337
40373
86790
43686
59290
86412
39
55911
29010
93144
3728
60312
32245
82835
71857
56789
99712
36680
36213
8937
28886
69691
54090
55545
69312
74150
68777
85287
23204
10156
48306
66154
68626
7033
69382
27200
74128
36994
6421
44086
56545
31036
24831
65321
39496
70864
63294
32410
50954
23084
71155
76509
17235
40608
60431
87646
86282
31245
74373
85140
17635
14752
32707
18854
44837
37573
91685
25211
13453
44657
82660
62717
30259
92127
52391
97849
44860
88769
16049
98448
10855
36367
34332
120
39000
71796
48918
28017
46602
81735
40917
42883
62621
21281
26451
41792
98329
5977
20484
1922
79178
38082
18956
6297
40423
8438
46250
25108
88216
62581
42786
97513
15196
75925
74284
81267
80420
32586
79853
73040
88654
63667
78609
31717
3739
39777
95
8978
65675
10598
99520
38882
68284
14126
19269
72773
17410
28035
59697
30561
25546
23809
39800
84020
38949
43403
27687
86696
46996
45183
61372
65743
26123
47443
13268
15510
59473
87239
2557
645
8342
37272
59433
77618
63061
3903
29228
1070
56655
1511
63857
52384
72889
49292
47494
64844
23866
94588
92767
60335
12090
13399
61981
20491
49226
33777
12759
20840
857
3758
13300
30170
25478
59051
22219
88274
64376
62182
20959
35046
14174
26616
30040
45485
81326
8988
92853
76831
99949
48423
91643
64884
94472
42221
88555
94942
75290
38941
28392
29284
91144
8387
212
52897
88210
33686
26906
13838
27072
59219
468
61684
73629
57721
46160
85473
83359
16496
39165
40237
40923
35927
20891
52434
12114
48415
35698
83256
70496
27276
12983
25435
33790
91675
43902
5787
26404
77142
57274
47640
82082
79015
49758
40729
47955
29959
91255
36751
96060
3081
11583
58794
99776
88154
88360
55216
87496
47777
40782
39794
97988
43649
43341
99796
46236
75032
27893
81954
13819
40373
59068
6216
59221
91525
58155
61908
86169
80161
4479
82154
57160
98947
87195
67414
15692
54188
25659
45636
3314
88685
18290
78627
36359
17480
49651
38432
35673
49961
94493
72922
2066
9301
22932
55687
44013
5366
99573
8250
29998
26452
69046
7335
43298
58628
82634
99041
56453
75927
84103
92047
49373
82256
78639
25133
22083
80441
69856
41741
41873
19723
26234
36207
85667
31556
80088
47859
76014
31508
23400
10325
54615
17408
15638
76861
19638
10954
35328
77731
34846
50610
81979
59745
65857
2445
23548
19809
30661
97798
33603
63571
35510
57832
66377
10275
218
32839
21667
11742
78539
34774
23026
24945
52526
73778
37432
31965
66618
1777
5494
11128
45112
92125
6895
91262
37743
66488
70349
83222
8007
60278
17198
78215
97904
59829
74815
96782
51030
5362
76643
86799
89286
23586
99191
71
27584
57034
7219
92079
65012
91582
53190
28883
92304
22475
18459
43385
50937
75115
72531
33729
62489
38445
3734
18261
17576
44810
27040
92697
98962
40650
80935
61255
25133
18694
21841
21526
92933
6823
63677
80709
59269
78270
18209
16425
7087
88314
85911
75429
41370
31430
45845
75915
32831
42914
24310
50841
19852
80930
82495
82774
29993
14521
93117
24362
10647
91935
3749
73609
633
96932
50451
44113
11437
91821
74460
84219
20236
87308
11173
29261
58898
51610
51327
67531
94804
5020
28424
82219
94384
71000
1673
12002
24327
80902
50715
44748
85152
93846
5777
15152
84564
12301
74796
44437
80978
1731
64477
41009
68453
40090
30604
32543
69757
53233
23875
78383
63193
25585
29558
5627
63511
21529
79225
29632
95258
38448
19785
30535
41106
29711
99066
26389
81531
96020
44697
46597
76813
6890
86553
93072
40543
