32501
25759
42881
48784
25032
16095
10865
67544
53789
9004
86270
95450
43812
67910
64360
27035
72857
65560
9981
75118
43828
93002
5261
7605
55060
33145
47986
3289
42717
51919
83369
52095
40161
66122
644
58692
6373
78339
78669
52476
500
72183
17741
53206
42686
54841
49792
312
23461
89631
83520
48542
23481
40099
81799
39499
20498
35275
93724
91886
68109
7576
24827
1869
25634
34175
55289
77689
67265
5667
20661
94518
86891
57504
74618
71645
75260
52054
64919
218
83353
47674
79828
53085
68399
34827
28614
61
84322
61145
38194
71098
84614
86782
84367
92924
47355
15871
27572
8510
99552
72102
33046
17793
68970
89002
61650
65977
65481
10154
64238
68443
70355
93506
8533
20435
27748
71741
33470
90806
5561
55227
93367
6120
67473
49562
9903
108
73136
81694
24289
59388
24482
56409
666
11250
14627
62034
84115
79397
73176
62636
34580
74168
96906
69750
743
91108
78249
63932
65175
75613
82401
36765
2949
44324
78735
26926
50320
19407
79098
61542
92840
83787
85864
4849
43961
13945
92840
97282
5807
65713
87626
54072
17629
42924
20646
19198
9213
97722
48819
18794
21859
9204
16518
48676
76986
87716
53460
56341
32515
87701
11714
64708
298
11634
69796
50793
88304
92056
25789
86797
98268
80966
58124
99461
87987
28328
19136
60024
23677
59537
17713
52597
70588
60303
39683
83636
67268
37188
27863
56244
60485
36498
64767
18106
53999
22917
53774
5995
73128
69853
30893
17156
71932
62021
20526
40892
51079
17057
60688
48658
68580
93435
32663
72978
69988
59116
94120
39995
71951
86159
83524
51116
64193
69545
26312
61769
16198
40017
45462
65069
74554
13140
86895
53824
28643
556
80665
8566
39777
98790
32557
50211
76499
79204
87663
67049
3835
91789
48118
94882
28797
13779
34043
86969
86328
79777
52962
2386
35709
58756
24693
11061
71594
95619
74103
55439
6540
78839
44334
69431
78451
85553
217
73160
53602
33313
74617
84988
81881
59262
57934
24409
91899
50580
36271
60775
79097
99926
67495
48866
47593
78278
72856
81021
74097
21495
78616
80879
5101
32224
60509
24995
47455
78687
16430
43243
13561
60883
33366
53015
5159
67974
20504
76447
821
284
19162
21014
59347
13327
76342
6613
11343
95468
21838
172
12697
19195
99062
32106
54697
93737
79887
49657
98753
32939
76954
13211
34149
93028
47213
18213
66559
14480
43706
79619
57773
96409
80200
73813
2332
57601
21531
91773
55881
53895
13651
51986
56848
16257
30546
94366
61820
1260
98318
11422
88087
70846
77694
67882
23330
5950
86865
66319
66113
58129
40053
96863
51762
42219
42398
16288
38995
25249
29774
97095
72205
88113
93776
44857
19287
24967
56363
17891
62481
52847
56392
65299
16161
32284
91532
86927
18715
12318
50482
96381
70736
55212
25659
97752
13841
16788
224
14629
73858
14258
55370
36571
71485
1222
39216
99973
77070
32836
48594
98362
49587
68973
3837
13266
1736
74754
80701
19477
50686
55471
97572
26677
74766
33392
26359
16993
62453
96024
31015
2499
24742
41733
44032
48223
97477
19821
93814
14939
93068
91558
9856
85878
63723
52120
46793
1762
51374
12393
96015
39087
36086
80747
63942
18387
16685
28693
61804
38092
74863
22222
37520
81046
1821
46095
73620
7854
24941
55614
15788
81915
80940
65762
26409
59128
45614
11694
62954
22646
86599
24597
65618
50059
8
91927
66412
43995
77790
25645
31538
68784
58016
55721
40076
70845
54037
28810
84056
17627
78500
38939
76821
95760
96605
14099
58147
70323
54337
4814
72772
4990
65738
39157
51493
50266
56604
87461
81037
9894
79683
29624
30064
99295
24075
47004
23899
25218
25686
55563
5090
16804
27637
45327
44146
47659
47775
69858
53454
85909
33779
96088
89658
72975
52873
26547
3045
18859
4227
89809
14241
66576
47773
74162
37944
48875
8875
77525
71684
49600
90200
32929
44637
98773
99723
55967
77353
20411
95010
3834
2490
86745
34007
95127
76114
83594
39966
57088
46422
97528
43959
5039
20990
35876
41322
38513
69031
53475
7383
95271
38784
70250
98173
3853
95709
850
51451
90884
73252
96905
49194
82633
23848
393
87319
27495
32569
52645
98048
54349
8909
51787
31103
74155
5641
85160
11938
8760
57451
61209
86936
23878
13028
99739
65049
32240
88572
30153
99418
75264
32143
49081
83835
49517
48334
61325
81191
20596
48556
13826
5944
16385
55426
53033
86361
86996
39147
24017
98211
10548
88911
42690
33433
12042
9968
25315
69604
24109
35343
55079
38923
2416
53226
22784
22206
59827
67951
81585
25821
44315
3969
91341
60203
43624
55265
70551
68451
59995
13378
78053
93092
64554
31941
88870
86352
89452
15648
71793
39549
23018
91721
57082
85252
93477
74903
3528
63158
32642
30827
26533
19044
57561
98196
53896
6578
97569
82486
89808
56777
39417
56864
9609
10730
57290
61986
74368
70474
64356
36431
32753
44179
96158
42036
2802
52594
46887
6089
66726
68720
51737
7392
35808
29168
86844
59008
35531
66358
78045
82291
88782
6966
25839
15016
132
66154
82111
46351
27962
31490
535
33053
98801
96210
98073
82354
22886
15525
95394
1301
59691
91480
15759
21088
5039
32024
21056
80441
23886
98282
26455
8009
92429
82065
47649
25786
18339
81142
41904
36648
70482
536
78126
35235
68185
18683
8590
39597
31094
4490
36121
20006
70964
76743
22600
97301
91206
4751
9976
68107
45097
1670
22464
29679
5035
92525
40624
16736
48561
72287
64014
41744
73620
58745
30819
59154
13354
80524
52902
86356
23433
81458
49346
19395
62160
6449
37045
15685
59465
50348
34579
13588
71165
73796
91550
68812
78071
48446
30200
75659
78058
91854
91036
58807
40476
94377
46385
12218
45924
63445
83947
10682
51848
23620
44674
63639
52323
3069
67519
98586
55480
24939
57271
98213
37707
50426
70578
99823
67195
62006
81083
64907
50323
77243
8297
31579
90422
90539
78919
67783
60063
24826
69761
96020
66400
23896
61739
47545
29122
27911
16488
75002
80927
31613
20178
53119
34582
92823
21099
90049
23798
46561
45023
83917
82361
19040
60359
74605
15322
13094
73216
61784
24149
99736
38522
30653
55178
61251
31812
13810
88687
23033
70701
39284
45518
6081
83979
18710
57064
55178
96997
97599
69439
88869
43984
13502
79803
85843
13658
47360
63537
87134
32223
16027
54694
54703
50852
81191
93090
89525
97941
73330
61010
7289
1362
765
75860
5738
38398
76280
35060
41648
17540
60144
16097
75617
92344
35279
55751
25020
50850
69334
47593
84451
50273
1552
90809
54673
84590
90815
55228
2788
25619
67539
57236
23666
36588
62150
87507
43219
37641
74064
47444
37377
12299
21888
69593
72078
99930
79076
62358
15573
25439
68069
38674
28606
25737
76558
57016
99809
9955
21186
21148
47583
21052
32272
16029
50001
2907
92431
39029
30194
47772
12532
87378
76785
21889
10215
72152
28384
31959
18731
54743
5513
28456
39654
77348
57549
28864
28629
97928
60029
5134
87697
33263
16455
52916
99861
16325
80027
5859
19592
69171
7498
40047
32164
67801
12907
80690
61889
6717
15522
4406
28632
67850
91224
66443
15635
19127
81397
54923
58479
21136
74277
94503
79000
25060
60074
79269
70923
23869
22028
93890
92124
22524
12367
49559
47244
65466
96291
71853
64440
76858
66974
21912
82405
55622
76502
19847
42038
50011
37281
80733
34927
25103
47380
98455
94893
12995
61046
7104
7726
33638
9767
38020
84688
21632
12281
6107
55482
41664
19199
50168
22835
9544
90483
81620
54161
52364
12097
23377
48558
40227
37230
20911
86588
41294
58962
67021
75144
13912
54666
34248
4419
89187
64127
30802
67091
28954
37223
60773
43340
70394
64364
374
30812
87112
57897
25382
34620
65759
44293
42528
897
37669
58546
67498
96408
88855
51431
43394
62669
45260
30962
41570
86998
84950
45748
33648
45416
59680
14529
25207
15141
51324
80036
78163
75862
36855
90099
99475
83396
33580
32400
9385
69619
12137
33351
66749
30641
96628
34394
78235
77522
93829
98103
98079
39431
22794
13376
45861
41363
24249
79965
74939
51229
19085
27387
49573
57633
80382
91636
59552
98755
51956
59997
29089
12860
21577
71951
74860
51599
78998
3006
48788
25286
36293
47684
21311
53220
81956
38731
53067
23479
44238
58111
59146
53614
57460
58156
50533
84750
83778
9116
50258
4992
74841
79480
25566
33832
69014
85219
17854
50843
38515
94261
62364
21243
31177
49653
14935
71401
6076
96352
75676
41651
38568
36073
54517
93844
850
75475
55399
63421
21417
90110
67821
69882
52747
43795
50445
56813
22118
87478
84206
96736
20877
2224
84963
49976
95746
37903
22436
7807
43220
79131
78673
87425
33439
8607
66424
38768
24962
31721
32981
93539
29820
54432
29425
48405
26440
92482
68495
87382
99208
58121
49283
18597
12145
78940
20773
36343
51109
4541
98098
62947
53038
47592
20201
42286
11436
80395
36442
44139
77371
11676
31851
90396
54497
90667
66916
66444
72798
36558
23536
3264
69407
35054
8598
85098
29848
60076
75280
54499
87834
30080
87658
20421
33623
70034
40500
82227
34231
87139
36968
46044
56039
24356
10010
87531
26270
58886
64100
21478
12023
54329
63544
14551
81005
94833
93539
17984
38993
35102
12438
51360
5115
81943
56305
47290
24018
11429
56773
84462
50167
84689
32212
85659
99589
77491
47224
45051
25043
21067
58827
70961
95975
53801
42476
33504
66535
73106
39416
38789
76495
22515
43233
99128
74701
85608
40929
74096
68050
62720
63513
14841
2113
79638
71311
27333
22116
77885
14962
3513
47608
48488
92941
17926
76274
41476
55385
51313
39467
22800
80754
50911
72012
17983
7966
27651
41455
33083
10958
13981
36561
73128
77000
62323
57553
43986
68848
16337
82490
15142
11388
88650
58144
35902
91180
28006
29573
25307
22854
33224
30223
89615
34629
45250
81965
12602
42828
84129
71671
43659
85878
89032
66926
981
66951
74480
71488
30618
60373
32288
72628
39047
68823
24324
11411
92103
92766
36110
26803
79960
98078
16148
10229
77733
83757
46946
38499
31749
80358
44951
1157
84718
44665
38830
29263
22356
21724
57163
68950
16700
56518
98955
64934
90565
60596
91175
20792
10304
33838
89861
19835
6718
57326
91711
45581
69730
78802
89192
17223
20005
35980
39738
50260
15422
31130
87909
94381
29992
95061
89055
70379
35603
67159
10102
23441
99122
51213
19664
17137
92582
26154
28195
97910
90496
25115
94439
27392
52954
93249
59533
43554
32531
39939
48945
80720
16779
48695
49512
59434
72687
96793
90799
15243
44783
19481
84232
39559
47223
68269
46458
18516
59137
72054
24640
93851
7785
41827
59763
90306
36691
60516
41427
36743
35528
45500
37847
95663
18213
29382
6661
50427
1701
60229
44450
95789
35354
12951
53127
71015
40882
54880
80168
84684
46790
41016
84416
60476
15299
55093
72934
74952
88932
59205
22743
12170
55365
54056
79715
99282
81634
88569
21345
17841
61608
96031
16814
98908
27604
28851
58497
94833
88700
88748
49424
81810
80347
56743
89952
94511
61084
77370
80364
63119
56447
31709
61495
42496
37486
32279
40423
81297
33236
53844
89381
52312
33535
62327
23076
50759
24201
85508
32872
86447
96596
78101
86252
184
9780
40932
31822
98622
64104
85203
38198
4263
8205
58225
61393
29899
34536
74318
61422
95324
88428
77199
61596
34855
99366
97111
48275
18020
33667
39193
70310
75576
44498
93916
66523
78346
45457
61311
32715
96553
457
41800
17193
48033
15646
85117
44107
75309
933
93177
16222
49883
24086
37547
98018
19397
16504
51396
817
12669
92657
13802
64955
24911
14892
62621
59765
14288
91702
83047
84441
73225
41602
64868
94867
46628
60005
13563
19208
14249
53003
72965
17087
40489
22970
20427
51490
6950
95898
47125
61841
94060
60494
20046
3895
86654
76844
92282
33140
53025
25352
29818
83607
17885
8735
42997
8280
59217
42680
51390
59391
2941
32188
86567
59665
19691
96715
24465
1940
94465
11131
52814
18390
44576
21206
90381
12731
21556
60973
8212
69784
67723
80422
66183
88896
23185
89358
99201
31754
79973
12146
92272
64270
44508
87733
58899
61871
73926
60381
84204
89939
52378
90342
38675
41893
72537
11428
39031
96678
18353
30265
86724
98243
34467
81606
91668
22519
66005
97671
36480
30333
97513
92711
21966
82318
18858
88544
73882
56842
62307
28510
38805
61174
76769
18273
17405
77381
41747
24289
16358
11756
50326
2522
13400
49707
25422
94028
29802
62901
96065
36379
95865
76254
23900
53870
92425
59667
68375
56356
23034
83993
37546
82188
34371
89843
91460
25549
21474
16194
64200
14287
80772
41716
81312
24723
80006
94991
79310
72259
56895
24830
58741
10980
60776
25928
32644
62550
37274
22898
25847
57738
9006
85390
1255
32365
74210
68137
68151
23557
58246
99872
72554
13608
98701
81778
55606
54149
94942
99176
73863
97434
80357
96115
99460
98204
25251
26565
21412
8443
57199
28910
88275
98576
90346
6462
5281
95382
40461
48946
50513
11868
26839
55752
14013
57022
52275
45133
12279
78998
70321
78494
67608
38097
49034
28412
77380
12890
85929
3050
7114
47644
46725
59708
66358
29336
11597
73977
23261
92238
76497
60224
13688
45995
48663
61994
70594
24604
82102
42438
45928
80117
14286
42413
38121
78704
61302
50177
49541
61933
29081
92390
9453
37410
41832
2868
65143
67131
89394
84676
45425
78298
21871
20040
2501
10096
64806
21612
89434
87040
57818
52776
30787
43491
57121
26996
33358
4312
21586
87653
68033
61419
24436
61327
63157
84106
50771
76277
4162
45794
96851
3463
35209
97425
97012
67630
58245
94246
39912
28025
13897
39689
60743
62501
4115
76305
61602
65962
80288
14836
69510
60830
45545
1740
16643
84005
53861
60544
56883
18394
59325
88528
17450
43639
90188
54354
17566
33362
46478
89491
68750
39111
64399
93561
73755
28344
676
61935
57211
86851
22503
84809
95988
89326
76283
36020
57918
33468
80782
13007
13769
97701
37362
21518
68699
25369
22239
17104
72312
49761
58738
28240
19483
90797
46086
30398
96431
51983
27984
88298
83328
91925
3332
70031
95890
74516
92539
28124
67355
54167
96436
84097
52579
33470
75722
71048
1748
42881
24861
48386
6104
83571
89623
7450
28113
94263
65325
5191
43240
45885
39589
5934
5484
92483
29678
21843
94368
67331
25627
94183
32829
94115
49748
18144
53325
74640
75661
86012
15075
75037
28650
53549
27122
79598
82194
99757
2302
95882
41917
1627
9190
87348
84883
21470
14578
90501
78613
60095
3792
53879
76680
34417
17253
30677
15557
11989
33822
71478
54124
53473
18602
79312
90116
68203
17235
86039
78812
25885
10289
29921
19540
98486
25413
24000
84993
45480
9231
28278
3565
62823
96026
15565
82220
61195
98356
94232
36296
96444
64040
70204
65934
30824
41757
88444
83025
29877
97232
16680
4235
28539
11689
52727
49806
73870
34338
78194
9003
93253
45684
70076
2757
5544
67912
91301
57446
3036
97092
28920
69846
23002
49743
82367
61844
40084
63987
88716
56728
36968
40974
55115
48248
92550
24043
75026
51134
43298
65759
8349
26856
20162
85228
43042
50759
93964
67447
60389
62911
50456
30998
79988
32785
68311
46834
81232
78795
29321
90882
9721
9883
45622
21465
72034
52278
90569
21827
10207
81500
92885
40167
14147
37277
88742
2063
49683
37773
6700
31608
67880
72637
3597
25804
6272
5970
60986
22329
79937
45716
42810
96230
21812
52416
56037
98466
81234
98696
13193
90763
60190
72136
57240
78889
70025
10289
16851
42710
44043
66247
97151
43459
72094
97713
23002
37083
6285
19817
15193
66064
91292
68239
41890
64490
38690
96654
18354
61731
81239
90275
20829
50986
24580
15937
71418
95743
15397
24708
55779
95982
89119
18275
78286
13689
48564
99351
24136
24099
29413
18954
92180
61416
83503
47129
99471
91950
30246
92749
40198
73370
91935
55119
61470
53767
45418
46164
18878
56157
26295
27258
21685
81577
64038
19211
76944
73016
89953
28200
15926
39338
72518
94255
32317
62285
98095
59412
67483
77450
16466
79467
65497
22648
84509
82408
4047
33999
56805
24519
68270
2400
80472
67978
97803
2155
97269
10602
97378
64291
70184
26454
1996
2045
76822
860
851
97679
22802
99185
55671
86006
78681
41428
39691
46827
61760
99036
97068
81629
15163
42945
16211
65434
59930
13525
58866
4540
96451
30161
65016
87492
62033
3191
7266
90011
77471
63452
45825
83649
81557
6367
11197
57619
68847
82264
23719
39044
28287
50976
40394
98232
13534
15749
49128
27239
10243
36562
42115
63297
41993
96311
1228
92640
34169
68179
23972
75489
34161
49679
69356
98308
53210
13418
72
8795
31747
58591
96586
77665
89806
19821
76252
45475
89767
66783
73957
46284
54063
80027
79768
40908
21336
82528
41655
85245
5138
18556
23450
668
58292
48229
4882
78608
81619
42085
45021
116
15677
40332
95491
51651
39976
64449
73490
22171
20059
55753
2872
67385
94221
77688
21426
54134
69910
28447
76972
70682
71762
14826
3656
13190
35141
95917
19373
41577
14939
97643
63855
47681
21762
73841
30607
13730
84536
28117
932
56887
9038
19483
65186
49385
15683
56064
6446
80604
26802
50748
8698
53171
65113
74339
28353
850
36675
82300
16509
44058
45076
31912
7232
22415
91898
55191
45622
20379
47081
7695
69597
41792
27515
20085
61643
52278
49640
54271
97507
79076
89471
38769
14774
64190
88945
10683
82568
47423
45488
29756
77055
2236
11607
56873
11810
77125
12251
42771
57487
60492
10441
86067
33523
19107
81150
66905
25656
45028
12695
76074
51209
82404
84793
37432
54587
6306
17138
43042
33469
81214
72622
98199
74891
17324
30640
67361
30184
70641
8274
84517
40027
6869
96784
37014
68634
3403
5246
95667
83039
22039
85027
37540
34727
69413
78546
94650
17442
74175
2286
5504
59987
69208
9301
76272
87870
12242
11175
16198
88466
13788
36721
55014
36754
28178
36046
44340
85620
47779
68798
51183
1060
21470
60002
11429
96187
35082
63471
5478
38777
35989
49918
56009
68355
2769
24529
70818
97567
20511
49143
56392
92228
89047
7200
69250
85318
30012
786
6549
33366
34206
9030
69663
5376
51103
4443
38517
9206
97872
80084
52788
48770
5696
77420
52476
63869
80711
86659
33984
3648
65227
46772
65108
98635
12405
58954
12012
14269
90751
26110
66175
34296
56922
72111
4571
26958
80255
50632
17251
98325
86012
61612
99695
40427
96355
7621
86531
11626
54724
5380
4607
43353
66801
2901
68139
87433
43922
71028
92970
92148
92431
24247
18454
71761
13909
18492
91848
33585
72849
25517
83614
30078
69407
35658
17635
3615
47077
24681
2279
4784
72422
385
59545
85370
21503
22822
67494
54020
3972
17138
83036
9226
57661
25103
5894
61765
43157
27934
26517
77863
15773
52946
38777
29206
21766
74528
73945
31142
85265
64524
40356
19241
68748
88186
19726
92045
64701
33084
50257
91087
50997
37827
29613
55711
42481
74387
72416
44304
29764
55870
60457
19142
98163
24416
89010
19476
61608
30339
63604
46975
48876
36351
68755
39448
76781
63795
40478
69475
5376
13848
97063
10073
77676
35430
26865
77945
23332
83066
86724
47378
2111
29641
1378
29394
4066
21213
21077
44332
99175
250
30437
34361
69479
3281
42211
14645
69072
90165
78929
78686
33909
2941
38927
15915
58807
50384
41465
62733
97550
11065
96143
78542
43614
16226
44864
19234
34973
39360
35381
55568
42717
96146
70299
5126
83411
62701
40593
74395
93219
12220
8873
33167
4136
8038
13468
99169
90714
85463
70587
53681
79747
58344
46781
88110
4107
51895
90747
53253
58417
22977
79672
29711
54783
23360
35968
37763
32641
33800
32503
96105
9791
67070
69513
85330
2191
62975
74405
35576
2757
45694
28519
49509
68773
81699
75820
84373
49364
82189
1019
31516
71954
87339
15977
70242
32547
79162
78383
80776
72070
75705
66528
56914
52959
74482
43890
12676
88830
61451
85919
41131
77489
55170
50496
12722
94457
30162
60938
73084
47539
51595
88398
50452
32781
987
24150
22451
51092
99271
52783
23028
84591
93628
63506
27051
79166
71605
96550
94291
37808
63144
95543
87913
96270
59887
54026
16783
36842
3255
75784
2384
18224
5299
33236
20475
87307
16076
24133
51971
50331
21439
61583
89558
8668
62890
56539
83860
91664
23445
33555
22852
33612
66647
35275
84395
56051
484
54181
72893
46960
7367
85609
47837
23487
50398
4804
79292
60392
43031
39743
63090
47472
44578
43959
16369
1560
5984
79245
33379
3347
70165
25119
13397
69699
52931
68772
51577
70024
48840
64423
86823
61894
51239
5011
42964
35830
13746
66070
58269
58086
77247
23468
48633
83702
70465
75380
89033
22687
18905
82835
50067
21238
20802
69545
76794
82247
72212
78138
70555
81625
53226
9268
11551
78608
52920
1196
96232
39567
995
80539
87814
39913
20975
75293
26100
46697
76486
29694
99234
77551
79739
28890
51118
66005
14355
65584
41092
81694
28216
60716
63618
35607
95515
76643
4859
67979
11916
70025
30781
69268
79147
49465
21691
38365
95021
10153
262
45508
43445
30096
5761
42517
78904
93003
1886
24336
58149
45546
64252
87335
60104
14538
11350
40279
16921
52206
44398
44332
70434
58120
34781
6461
98913
29965
98403
30273
7198
12752
70983
4202
65321
95583
38249
98120
54954
21101
56703
2511
74757
80522
9830
66370
5772
43445
9164
64609
38115
81412
21444
42815
65755
55930
75074
85324
95315
99300
43603
48939
94600
71612
17138
45396
74562
60050
22014
64520
76288
13230
85324
95820
95502
41887
69574
89911
48290
68410
688
55467
20800
33794
92158
25785
91308
28168
38446
9390
20509
52925
2804
55654
77497
7764
7911
3144
63384
64434
91807
45722
21431
44643
88320
24885
96088
25623
47312
23868
86356
85162
37033
26904
98612
88136
28138
60805
79454
91352
54087
46393
21603
12623
44011
23363
10425
29669
18323
87737
33975
66429
26527
83856
76603
54965
34036
76156
45473
67272
29697
65685
80855
14578
23034
35346
15891
75899
57042
89361
79626
47105
23689
72031
10346
45414
24119
8807
632
64956
14459
66418
7300
59575
89892
19926
58635
53177
50301
43646
54099
51981
15332
12182
61655
88402
65537
7024
89589
8664
7472
34526
72627
28962
8111
86870
42740
54495
73509
31189
30846
25229
75524
80516
52813
63278
58384
21280
24686
3107
76711
62714
25597
13395
35261
27644
31772
11507
10376
21944
79876
17095
19217
91968
57484
79932
93791
78338
51463
3021
77186
4139
79667
19112
12800
28870
76457
34815
59368
98376
30017
44257
82337
86481
31952
44758
8928
59232
93700
80466
55097
31232
44119
51565
51313
13751
6011
83556
23032
72880
69487
80046
69817
21665
25921
72572
83047
6485
595
6390
51187
96957
52138
11999
91926
35618
34757
32735
60015
12726
71004
34558
84637
70996
47924
45953
60020
28101
67799
99049
22859
92900
11783
86488
28888
49971
74440
60672
60560
59380
61710
2443
58637
87309
29279
58140
79093
32119
59639
15694
78993
73275
23540
10305
1876
34928
95408
98820
73740
79967
12551
54945
38685
1545
83531
58286
85173
65650
83111
41954
61178
74084
72175
635
51015
68560
75921
97327
41717
89783
66860
27901
68461
52105
20055
49583
69360
1478
84612
93960
54563
75619
86931
80592
46828
6764
63758
57091
3778
70993
72967
13443
49008
17684
54515
4908
1100
22905
59289
33315
59007
98080
57103
83957
13107
84650
86484
86580
81490
33948
88926
83695
81037
89151
87391
85558
87153
91583
53806
44250
4802
18830
93549
70724
16816
53416
78893
50777
97589
15146
48483
46455
42188
51296
34952
56482
18516
2974
67484
62177
20280
77178
75601
69829
82066
89271
32405
59857
30293
68956
17755
9516
69098
15039
28513
40177
4530
86379
67140
59691
5757
35706
88990
66343
85465
42471
41507
29740
54198
30908
67042
84178
24098
91628
23970
27624
43228
23720
88657
27544
21010
19035
20483
28632
97390
38966
77356
27149
22783
94775
51952
32136
35833
7793
56420
84573
88187
9257
84364
39595
47764
2665
5658
99384
1914
33577
85418
77470
91068
889
96948
80810
97722
39596
38680
86721
15223
60357
68952
46498
65114
14358
6957
59422
78955
34905
48345
16304
35208
39396
39436
33970
39355
49061
79780
18345
13377
21098
26718
63813
53547
99886
36080
21893
97827
71142
34414
96237
69112
69698
69350
27829
40305
37866
74481
33406
95707
46236
20428
67008
85231
69113
42261
51672
61452
62977
41454
48661
59815
20335
73344
94124
33639
5139
92950
65228
78277
85063
61595
7813
491
52107
47191
65509
70045
11606
93665
1489
74580
46374
22638
67140
669
59710
78581
84434
57624
84407
60441
34849
29687
85753
36421
48777
96353
75226
94190
35166
44915
9252
55128
10643
84641
12615
66516
33124
21922
76752
81626
49845
69312
39964
74081
13441
97697
6204
93454
73929
26557
8516
7604
93870
24622
26745
78125
14738
15686
98414
69155
94819
17416
58499
56574
65327
91245
11994
82499
88054
93193
45457
62511
80871
2780
10595
65537
89723
11671
22979
51080
90149
81772
20261
8608
36398
1647
61258
86020
57896
34489
51778
17437
23507
7596
86807
32429
10812
83390
8753
22195
85702
23704
5399
80735
81100
46004
26733
91089
14027
61207
88402
3066
92706
47333
79005
13047
97155
49890
20175
63680
29987
25973
24603
53564
41414
28019
39003
73274
15972
78165
54724
6332
2918
783
65378
66445
76372
39525
27508
90394
74914
70168
71993
96688
46087
48712
24731
76174
28591
73760
35273
60922
63215
45073
92208
59728
99101
51834
39321
53080
7000
53458
75116
35861
6482
82069
147
91922
81955
12560
36674
57630
22381
29781
88766
59819
53980
27914
7477
92702
3287
62829
44683
42212
42892
93802
43117
57845
8575
5649
67343
24537
204
74428
83393
21456
95051
36131
90206
64017
48564
32809
94219
16030
37085
77643
38540
33434
56306
32389
5748
71187
44357
46618
49792
44171
8774
32904
92969
12679
38952
42302
83346
76305
45216
12137
57426
47953
46387
67309
64767
17848
37707
43460
44138
70478
68610
28653
5126
65248
55261
9683
1538
76186
99901
96156
80179
53585
24635
39222
12681
62147
43162
77526
25064
6261
49462
17913
70813
24948
20217
90587
87046
88997
67621
87899
33479
897
2480
79314
75560
80121
27777
27720
57418
29269
40763
7160
76404
49059
31957
3840
23318
7165
54628
2619
74686
60181
18395
37876
21015
50697
57839
80177
45031
64673
22636
12541
8564
12001
62677
79282
51105
45320
63661
32560
34369
15442
20108
95795
65498
42302
41508
21754
92991
16376
67269
79881
34368
65002
13212
73298
82502
64603
58298
24863
22281
47600
82688
92744
6632
28222
98595
64402
86382
52675
52735
77997
43503
22067
68250
59244
40073
22599
72378
78713
9188
36085
87186
28655
97404
42755
78172
43562
98788
89378
96780
86501
87022
38798
10278
86769
32753
27363
89163
37275
43707
77105
35371
40316
63640
89272
36377
12301
96751
53968
33225
59902
92225
79585
15674
86196
60413
54032
95340
63876
50049
55032
65613
97003
55894
66234
90975
4705
11788
81480
26490
12709
33436
35102
35006
32082
713
46870
65015
8132
6378
65871
46810
44820
56153
36877
94275
7436
23123
24082
26355
78720
32023
25286
87226
88674
11491
38367
84421
97406
98296
31672
512
15271
27477
20515
26466
57122
44579
83591
85482
13543
89017
87207
57498
84177
8221
20793
40850
19017
71958
83538
81581
87706
55125
47770
80686
8149
47876
46331
20590
62346
62449
67608
9835
74705
65359
31539
17342
35638
10410
37153
62856
39531
38599
12812
89702
44815
67788
3048
80452
90698
97517
65403
25447
14758
50090
12805
60145
79707
39829
18317
9246
98248
63001
23136
51093
21409
77372
82793
18818
76681
3450
5211
8606
34805
20681
42050
49107
42312
58067
35870
40361
44828
65878
29892
64828
97045
42161
95077
24614
52554
71393
37635
95808
92093
27906
64608
76530
15462
61718
68293
67443
84995
84229
3770
87247
92305
56797
90642
94076
8040
63697
17833
21639
3958
77955
64418
32369
33108
58307
54047
79247
82295
58178
66264
5288
65815
9402
16512
6898
56072
65519
33644
80593
89774
68427
55365
60598
62107
42644
72523
40248
51518
1000
16573
88856
53560
15996
91850
14137
63488
32239
43421
57155
7671
89045
85148
26816
17965
98482
21432
82902
40284
83743
38003
42521
30052
37239
31865
35531
22589
3819
70261
90463
85784
13798
27729
81294
41605
77407
51727
49819
17552
2374
43409
23833
22097
76489
72922
728
83279
28549
42632
63625
21212
89620
99964
67774
62996
74052
58804
16321
84130
56319
91547
59668
61978
52957
71371
93872
61316
3853
85211
40558
46755
71612
65350
37909
40333
14170
20423
53563
64316
31136
52251
94040
61187
6635
69251
96163
13834
59954
18297
67552
18603
35406
65688
61232
10826
83741
61854
69140
5118
79050
39412
79425
43338
2073
16870
49600
24270
62054
27440
48826
53628
5240
52004
52994
4067
97507
98481
55342
83706
75207
80038
1361
85556
17658
21955
11348
5924
4117
27083
56592
52315
51283
48445
85266
91724
72826
50702
59113
89765
19651
71892
51779
32513
69471
13924
13362
83401
12694
57165
13319
85260
6512
85433
29910
99011
38050
93869
25679
80118
5521
43675
20153
34971
70848
96510
2345
56795
66737
61269
31240
46805
39367
65576
64055
3314
28259
68847
16084
3734
8593
27947
93229
46951
13764
71332
45803
65850
18534
86254
53674
78957
25022
78995
84244
75975
51739
16807
61665
72960
11578
56566
16663
51424
25924
66513
45892
40935
21377
26595
70752
69202
77784
21945
71525
77573
50445
73201
21207
99515
50706
36495
38261
80482
7595
52283
21782
60371
81331
88080
51575
11451
7182
43124
92155
52026
11283
41805
21027
47250
25439
4867
44472
91938
15502
84471
1173
3076
7470
6671
25529
78538
95599
62150
22253
75083
18305
36180
43828
73641
44731
85521
59603
33296
75020
59300
62020
34660
29790
19498
66290
8640
52173
73957
74075
45839
92022
46322
64980
23124
51110
18706
52901
74660
62551
73036
15851
45031
20870
17071
33721
75102
97976
47386
2519
39918
45263
11175
16918
56201
22450
66512
73286
87972
40380
16888
26364
21642
88074
76414
83060
71983
71200
20704
22530
26024
32620
84943
70745
1983
43449
16988
13790
12718
85777
91187
10663
4787
71438
34157
575
80847
29403
8778
673
84597
45419
64929
34280
45662
46671
94209
56957
44455
34010
61738
3902
77272
24855
76494
7297
60320
40429
14934
12752
5462
52722
60567
2194
49192
6225
21576
50204
53916
75839
2213
42579
62421
20031
37933
80605
67691
50663
25083
55311
49240
60031
69334
78707
24039
87285
33391
79932
94944
26859
40254
40417
14469
96026
95211
31875
84851
62734
85087
39437
25095
44005
3040
68616
31796
19158
41480
57240
86921
95888
39606
9657
15346
59622
63512
45430
83387
81860
78155
61906
72833
41644
55259
27057
35584
61796
28109
66395
24820
6058
95753
4956
65575
85646
30216
5234
56991
718
46910
4880
45805
76150
93010
99055
87252
30597
25070
54847
32514
49780
48487
2991
84578
23180
66603
83451
88745
75983
33031
70000
91049
75085
32420
80863
135
34649
44081
29700
29405
58277
88439
82669
34949
73275
16101
96682
48633
56204
39804
4987
36726
73262
33881
75039
57570
92762
20378
42395
19042
46765
16489
81007
67687
76910
13831
70719
43730
12147
98920
52603
86515
95369
25441
74236
61341
65817
68041
11303
7078
69920
34817
32541
36179
28043
33273
17786
41204
57380
23292
7372
14271
1685
10658
82640
41787
7431
14982
58039
59444
45381
52952
36485
57283
87200
18471
41356
47821
59644
13697
91752
24720
9074
35316
49121
11947
83948
44828
39643
43636
96044
29515
86349
88854
91547
38331
84830
84711
42801
32448
53910
50835
10002
51859
61696
16968
98331
75257
48978
9572
91916
69965
81559
43682
31539
82651
5196
66368
61536
70692
57839
62602
75339
14402
63399
15866
66602
47631
65736
48869
33641
56645
5019
27195
59787
40917
14718
57215
73620
32153
13615
8691
95850
30070
51720
26079
47955
42666
57314
8895
33134
18461
23174
72109
74609
91308
75496
95599
88460
45830
50365
50700
9520
108
75931
35271
64945
54364
83895
90622
67933
47981
92748
29383
57076
49148
66751
45268
62682
37320
67911
23935
90317
56840
15734
15179
33470
32910
52586
68478
65421
19118
68755
27790
81787
62915
99170
95741
54139
16449
61133
93591
58770
66692
40962
85152
25713
93791
15032
25460
24556
30227
32917
51139
77919
26429
60383
52680
84374
60751
1800
32034
1777
15417
25200
48814
79226
64958
47595
94160
49977
71010
91129
46233
76186
74319
65165
23625
15877
30581
89466
39679
17878
27125
43922
35194
86201
17615
49871
55357
2532
46489
11367
93387
14648
29099
91813
43353
41491
92148
5926
60754
46195
20871
75482
53546
39097
86684
74953
3599
61264
36758
36802
53792
71284
62120
14156
74651
71495
90006
62613
61611
15086
92238
91628
3488
59642
97741
31584
47087
82505
21811
82133
23729
24655
28711
93483
97006
51642
90375
96096
99516
42661
46271
94092
65774
9686
57574
22103
52528
14942
17162
71858
51484
29534
44315
45668
53957
29242
71994
93903
41355
55100
27865
21093
39453
54624
13073
29136
42572
68637
17150
23008
81119
93909
63096
18949
68814
98145
25854
93801
2067
75638
79056
32144
65343
49952
30649
94194
80340
83043
39525
67763
79648
96472
54740
44416
14796
25178
54639
11149
96613
28438
79530
83890
97792
94153
90739
57574
66438
25365
76853
55812
3388
78193
91835
65717
76044
95721
55750
89500
23975
18878
48796
59529
29111
49386
43360
84646
39168
18679
4153
43636
43505
14705
97187
73629
96108
95165
34352
71189
59213
73074
27756
54974
6190
83713
64375
1454
4637
89023
68372
19074
69428
65138
87174
77734
79641
20001
54779
48405
50793
6093
18405
47758
21212
33216
12306
88683
81006
18205
69608
80878
61368
84561
30287
50900
91122
93821
53338
45398
85011
41906
80009
50145
50307
85078
74208
78367
27530
19453
93988
76107
40386
85946
20395
53120
54668
79997
33762
72974
71406
75692
20448
86431
19415
87493
57706
84867
34851
36273
86611
85819
66662
9380
63394
8887
26083
68260
97451
36133
59008
33939
61152
61552
24216
93500
40492
75422
64165
77167
96232
11125
60059
80364
73991
9319
21457
93577
30729
62813
27372
89341
43516
91256
32841
8168
9444
31005
22552
11508
27036
86407
82546
97628
13966
37467
14539
58895
62215
25914
47001
82284
20701
57684
40041
75486
25760
86298
35389
54075
87429
32506
37531
34637
8761
69666
90423
69895
28711
16047
84055
9487
52869
52656
50130
9824
28578
62430
66397
36523
94779
62562
31361
4814
15812
45087
68639
85831
51215
57355
82408
23146
95615
68477
24079
94529
48876
47909
88866
44299
47044
44643
30183
46167
41859
37513
29414
68045
7553
30217
46907
63329
19900
98866
59295
24866
1144
32716
18824
63674
1027
4591
18680
71356
33639
60909
13871
84392
28576
55601
60947
80669
73564
22098
89478
50136
32378
85194
62955
78298
15673
593
78278
20997
10447
19079
3245
96749
9181
99213
93384
16160
29084
25192
43272
42453
25963
58827
12527
80950
23642
45021
39468
51951
69269
66237
89765
97802
9387
9159
92487
15950
69761
40525
48000
433
26312
97682
60908
14559
57663
17122
75210
29363
62216
44787
51584
48371
78826
47025
24172
73551
72666
82005
54656
70651
61125
26326
51728
44210
29314
5443
87361
22
6725
77434
46398
88559
77191
42839
16141
28280
97919
97968
23286
6519
69810
10105
89735
24482
14652
41393
18976
62362
84986
18936
43283
87755
85868
77349
39308
99985
45954
16697
85245
52219
29760
75188
22638
84782
98388
63025
71179
35986
30884
95892
75632
74698
58718
48137
840
51019
36591
27245
29557
87921
86467
24999
15036
87789
34151
58643
2691
99842
3531
16155
82325
81221
12722
71067
76759
94622
87466
4952
26093
51627
70213
82989
31478
89093
43304
68584
29037
37731
76508
88288
63394
18708
87140
97324
65751
4761
60152
34849
50631
39745
60334
71336
32455
14728
13567
94410
61975
87651
71377
6218
63553
31639
1151
77929
17707
3478
93520
25942
44484
65566
29605
64959
23334
15242
52761
63616
94080
15398
5315
71997
34470
52617
54321
86348
91293
98876
50533
16749
75526
48893
6608
41385
66353
70290
24734
31754
17556
9210
79617
62273
11241
34210
90364
85065
10139
95374
48002
17212
61967
49950
330
46577
82336
99380
71748
10935
77317
14803
86636
18830
52945
76770
50415
95591
58957
88219
98605
53044
90507
21006
46059
84870
35781
43041
60756
260
62252
69256
76208
95919
50874
33320
54782
25576
48563
60031
59049
66973
98542
13799
54437
2753
22574
60786
9328
34470
83794
94773
26107
21920
96768
94958
26704
40961
3890
15459
10796
39294
38624
71488
48682
8061
38594
90717
67955
19624
21988
24839
47027
98926
29169
31632
54502
76708
66569
43306
62295
74994
33713
26285
16465
67479
43148
54288
99150
55916
6615
13820
21685
33103
49234
19755
28349
27053
65116
46375
64158
31857
92831
89703
12482
58955
47745
27181
92750
65136
40455
49996
74392
60584
53164
35801
5581
12338
55022
81203
64913
84306
91566
12039
13009
8167
3153
13924
49691
9414
3283
27448
11592
20193
79147
30438
82163
44009
13803
57510
19734
15967
61538
34014
15460
56619
39428
61101
79939
13432
14174
16010
72031
83912
81462
79852
40290
80792
76694
4314
55801
33820
77489
83335
61852
13007
38403
54198
81436
22725
53638
61571
98535
97512
61468
48945
22767
57552
96578
56389
68739
42051
33985
36258
95240
87273
55416
27680
38731
99294
90148
1371
67315
9488
1708
85913
38478
78203
72161
2453
18216
85230
79664
57213
59794
52602
17475
74518
22444
32516
57085
82737
84213
20304
35575
13750
99835
41230
88094
74579
57590
10723
15466
82142
32576
52267
94255
89046
95804
75554
10467
44563
85390
94125
38173
83509
62387
76771
76464
42637
69797
80898
5235
6214
42209
7410
17157
47011
73913
87958
86078
97247
90108
97582
44862
7492
69763
97522
24636
7527
58346
28429
78714
46889
22049
12521
97346
90088
82130
52066
51362
23063
64766
45456
4781
76692
5487
9251
39932
25165
35109
47244
15132
7846
89476
13219
54455
87807
49262
30680
13745
64865
52134
68936
84291
41368
2183
58346
84164
29687
10064
27068
64880
21847
36595
63014
32480
44652
92801
68169
2005
60511
57589
99471
72417
11102
13296
70868
57412
8830
58066
9539
40826
51449
38320
86497
70929
95829
61165
63412
74508
47140
25087
10245
15101
8040
82364
93284
71250
26461
80738
9802
95006
81092
28675
53234
7276
52663
96518
73188
28072
31315
934
75334
71621
524
86242
13430
83527
50098
92085
36650
83486
29389
93660
54865
35424
47344
84369
64377
28737
20011
99617
30950
28091
48263
14533
59733
22774
85085
79220
18265
99310
87976
35340
43193
46206
49752
38623
14577
21797
68933
9757
21151
34376
44088
26316
65616
87431
73810
17810
59932
68294
32141
44451
8060
31697
69983
47243
23358
85991
26509
90656
98442
70877
73819
37339
95510
94048
50467
8658
85672
8720
69792
42579
59804
10254
78465
96574
84002
21947
48916
72301
48964
67275
19288
49971
67169
43525
27280
11496
76223
2508
15265
28585
95288
78277
11315
50273
60557
6748
30805
71567
36964
65151
32138
51211
98502
89562
84646
97805
53231
73408
63240
1410
37075
54207
41691
31166
51589
23847
70170
51984
66768
38970
32435
83163
93455
41206
47291
81527
98939
28192
36016
77254
91141
77348
35337
83812
35137
68076
51469
77606
58878
29474
58264
2814
39267
13854
91510
41080
36585
80148
98684
36709
36577
78820
4798
97993
32716
48974
57756
57295
42270
3119
98866
25039
37391
85986
10269
59727
18870
57878
96029
83512
72378
92563
93106
37294
80706
29620
43895
79600
49696
6211
44941
18791
29507
99307
40676
12320
72549
37343
51096
86162
10320
94173
35335
55759
30608
33225
65422
53281
3585
31782
22209
78706
84119
15172
64331
44014
85714
67504
17287
3095
5078
78155
7599
36059
58177
80075
95532
38084
45309
97948
87177
81527
6782
9866
73191
78204
57227
37346
6685
47481
64198
90613
76015
17913
84001
66235
34671
14335
34976
96662
26605
5044
20056
48001
81083
32164
86574
99276
97581
50533
37693
27338
7972
5636
44605
40682
71924
74252
41980
86126
86786
48368
60818
69806
38896
14464
2140
89685
52058
91941
45403
81196
3108
48646
71342
82132
61470
58780
28782
41027
91630
57951
39764
56152
9787
36860
82641
70378
73308
43319
94311
60419
72355
48849
9876
78237
44226
50249
9104
66619
30024
96888
47217
5639
5130
56496
24229
59325
34294
62472
79211
13143
45469
953
94495
28834
8603
4666
60018
2036
31823
31761
16377
8739
97630
84983
8841
54258
38770
93104
37906
11221
49675
62163
11002
94741
10733
34124
51022
53291
12630
23315
36084
10835
64107
81167
14949
71402
54354
81041
69634
39560
90231
7067
34795
98263
80511
38478
8009
20146
47655
69971
20555
41189
24566
67990
63468
83306
89950
99754
18100
74478
53643
6727
89406
8507
95677
5541
44631
16463
70034
37439
99904
57728
23469
98346
20989
42607
27367
12739
14230
72255
26115
30875
5636
42658
2760
94894
86269
96117
17699
31643
81451
54600
62940
95156
85916
83504
17661
26288
2585
74969
93846
91546
50112
10216
70066
62826
17719
26219
47000
20860
55938
77211
85523
45845
48362
22768
1090
46747
5746
782
19272
48514
98764
38390
55987
45304
94788
28313
12430
37485
24946
1079
10153
39260
78408
34569
80763
95420
72592
39934
77174
60049
49116
96838
75704
4239
69076
17095
46793
63147
82413
70913
20541
1802
55697
45332
92782
11721
54228
24762
68038
89406
13789
9515
95913
54858
67058
46262
67436
13793
42005
5670
74155
65811
23607
59222
99398
1925
62686
51747
76227
77692
81519
49282
55071
54032
80538
8350
83563
33076
41787
69041
41191
47829
71896
87768
46260
39600
924
20846
37181
22813
49659
33000
21142
76743
96758
54729
78194
96475
45933
90856
49035
2480
48534
90345
7886
64507
54444
41881
74320
58707
62699
34359
72006
72963
64479
26325
93915
35839
12962
59797
1000
41839
14565
53414
28033
48518
28140
78328
57274
25808
30155
87088
87143
50930
20006
38710
99295
81551
79881
81753
85156
59043
46526
78474
60113
15299
60994
48178
12264
70432
60814
42355
83513
86135
89856
7195
87914
95120
62312
59367
36366
76115
84606
48511
28551
75611
47216
21076
52957
25768
27030
12363
55957
31208
74641
41957
95313
36091
93300
12733
87524
79961
66064
86842
64993
87800
3575
1007
61074
12810
50795
4174
19238
20513
45386
9040
74437
98014
49923
84502
68083
39918
95220
86495
43401
48450
86397
52304
11494
47898
11881
51823
1819
49578
71843
56405
10051
97763
83518
40751
72036
46209
60001
40146
74972
22855
93124
35443
85822
65600
67519
97299
86168
8798
44650
47606
84740
79568
43441
16542
1402
51270
89512
13175
928
98972
2355
69660
48670
88980
98989
76673
14496
9172
12466
21874
79916
55073
11523
20545
55325
50954
66481
45893
80379
14582
65655
93021
4928
24236
71664
30482
54322
66975
39348
20765
56696
46826
39218
75999
20500
23464
86772
96841
66611
90846
82803
76996
96332
22775
67690
29666
68045
22895
61217
50448
84789
43619
32796
86346
33317
9334
64731
24434
17316
68506
22350
47520
69823
91700
65178
33089
15855
35523
45
31861
64181
69640
79282
89532
31779
88659
96688
82152
56546
41997
62437
31427
5758
88900
35976
13077
14030
52871
42682
11165
58733
62338
79525
98104
68495
35282
7172
4631
57597
34600
13811
32521
22849
29355
86266
15148
64336
43263
54567
44657
12645
82578
67887
75318
6069
90923
41762
80922
55724
52100
19059
62983
92840
88879
73127
1842
90115
81177
21037
96496
81486
92057
24554
21946
28186
29916
8577
76402
2633
20827
48740
70767
98304
98024
98520
76154
94451
4206
92035
77572
93519
26249
48907
5496
15541
50827
39680
33970
56227
84424
25033
83158
22226
58070
63171
20588
58024
45941
47132
76153
82345
65360
78289
34896
3360
48292
64679
94815
90359
96973
7391
85908
89142
43465
2977
55236
43149
19057
6405
77359
90235
74607
20174
18209
95793
65581
48541
40234
34853
77931
18130
48509
57074
15882
95226
28158
47960
14011
2136
67248
86147
44864
43610
59254
77032
39125
94015
78761
55093
7934
77439
38966
39536
69772
85917
7738
45186
60080
39102
37779
99751
24445
59962
12428
78843
58881
28834
73260
48238
74818
7276
29138
16921
39156
91211
45371
30996
60920
41176
56668
71565
69780
85140
26918
492
79164
8973
87301
29964
87487
82972
87880
74908
64357
67497
61702
84901
31182
80410
18151
10290
20755
30522
80274
658
48301
22044
379
78561
40545
76741
84266
18903
82433
66213
29971
39304
33043
11936
99679
49907
41533
43295
60750
91846
19395
54229
52564
71658
29509
60469
99814
80509
23024
46377
50810
39257
4866
26260
52190
57119
8593
8739
89419
10745
98705
68976
92474
98143
37526
22398
51858
19246
80731
68243
68757
77459
69771
88428
81262
94071
69479
28720
49052
80075
76927
3757
95878
36055
15403
90713
34438
6783
59745
42559
41313
32793
53876
50004
93140
50419
61754
54421
34132
7111
8611
80568
99777
54781
77620
73351
69486
16437
44997
58118
87640
79872
59687
9343
33818
94948
73098
56418
82740
46812
87959
45074
59500
38172
26929
35964
23582
19766
95288
30843
32317
15058
94588
41941
71464
96359
3979
41097
58435
42051
21227
18000
61785
1626
54919
61441
73105
44532
16186
98191
77321
5335
71680
87319
19151
63536
21067
61605
27851
41655
49768
49719
21149
14154
25801
72581
85284
17746
37879
37458
90969
32000
97983
40688
25585
69959
83289
57873
83253
65488
62859
79050
3580
97096
53521
26981
43378
7269
22789
7927
75291
42374
13245
16779
92283
71508
96850
47630
75825
82337
76156
55358
6652
78727
7222
45320
7352
30991
61734
49191
80247
63193
78352
62362
78796
70718
46138
24052
60632
98819
29203
78015
94956
29952
62167
48594
18754
81203
48405
54077
73108
35658
82048
915
89332
7500
72397
24852
89874
8201
19629
12386
45534
73598
27679
12097
64022
50883
37982
21565
25369
72797
86997
77005
53134
98141
60402
76700
16560
58627
26566
26148
82586
7657
76082
44589
81145
77436
73030
71296
98320
21285
34178
52431
79190
16817
32480
21358
2272
50069
84572
67871
43221
26840
28707
311
48660
5042
47781
91190
47097
95696
8292
31246
81635
93480
29799
37877
97515
83090
30952
86585
77852
66685
23244
4083
38619
34566
97814
36316
65661
39044
74427
66491
74054
58694
82927
55746
78949
75771
95928
76103
29654
81840
24198
2624
12993
2931
70796
85710
87017
94602
23842
19181
19116
97986
90018
76535
3595
24623
61692
14094
7227
11464
25529
8053
21269
41801
57192
22940
10552
74053
58928
21744
87162
54848
56931
96012
42486
20620
91090
35687
63770
12104
49299
71059
15201
55245
47374
76067
68676
6392
52150
54325
14079
81834
68875
18189
56310
16145
81355
71192
45739
47855
75157
12963
35673
2098
32019
64268
41055
94005
34048
82975
33533
26004
50324
95123
62165
54470
92852
66023
94426
81124
54264
4160
21902
4602
7664
5328
85973
38741
39701
26341
39265
19897
89948
15914
36946
36335
35385
13103
23226
83106
35012
74670
72343
69174
20791
88074
31509
73752
56024
1840
23292
15331
76765
64614
93591
70996
91060
31070
94433
26691
78294
2314
54304
7706
43710
13636
36056
34409
58176
25829
19085
79749
42797
11320
46111
79594
31817
52728
83811
19590
73818
12220
82716
37861
3048
23933
43131
25333
22322
65949
45274
4314
18669
96534
4811
32698
20366
64636
25464
7155
52018
97100
15576
30195
82755
43543
72534
65445
18502
13997
39179
38332
47259
74843
52873
66074
19597
16442
4658
19777
70504
10722
12087
92226
80554
14770
61079
46262
6508
13413
59228
67180
27263
76655
67571
76718
96644
52521
55105
59505
51398
77686
6830
8325
26770
6941
57054
43826
43661
38737
13100
3923
59978
5687
36651
41296
85012
23349
49640
67984
82463
26272
58937
5089
54768
71998
11069
70604
7272
76155
69429
67076
61337
45152
68378
92818
3892
3761
65456
73612
57716
17253
2601
67771
313
55305
7202
21576
40003
26275
91705
73295
2880
87120
77041
25126
18748
1741
53556
54771
95872
86449
36554
67505
69308
46023
42585
14825
37308
43833
37403
81251
57892
76028
10268
65209
23670
91166
4775
99463
64796
89492
30600
80996
84450
96134
64196
74216
68110
43252
74069
2150
50204
10685
77739
71266
80699
35095
98463
54289
12719
92376
84268
96170
88871
10453
15402
26851
76852
11832
1455
27582
96965
54093
89974
6380
55848
55557
83055
73173
81827
68369
46715
94055
69763
35253
31047
47207
98288
39001
84510
88575
92703
50486
86744
72419
5224
34430
92125
73997
80731
37344
97363
56278
41797
46487
5185
96111
20710
71359
15418
25142
52040
25289
72461
44349
45661
90212
26406
53618
79405
68194
28563
37851
27321
12879
34879
46479
67348
17554
1155
21418
63431
9058
92442
44483
71005
90436
52257
23276
30067
34936
26497
26928
23582
59367
36534
67414
78024
42394
26758
15011
8023
38507
94591
12537
8780
59512
28956
28918
11607
58706
28762
3155
70204
94000
61711
42982
32846
27978
73344
55225
37954
3129
23550
44469
41697
1634
14268
67954
76344
67465
68454
24953
90796
86143
13394
24923
14467
79905
35702
11492
61479
23339
11668
71361
6174
23341
56724
29582
97656
93552
34567
50046
69050
71532
77057
4893
14957
50121
70839
7145
45244
61002
52573
44142
90252
3808
12358
84060
80605
36787
28515
52941
92275
61851
93745
14615
91461
52188
38295
18355
44910
84685
70297
82792
32897
18407
55903
19263
9086
8500
9965
64345
9065
28556
66248
477
70766
67526
81109
2365
10982
72664
48977
60868
65037
81625
57771
7198
77787
62442
13432
62769
11826
52483
62235
60558
90704
69781
11245
71844
47904
93095
74973
72105
26821
64170
43875
63718
95603
93268
43848
23934
71078
35929
7373
72245
35708
9428
17754
51271
60635
48705
41476
46644
95067
47196
52518
56582
66320
5689
9772
985
56281
9264
54460
17887
97690
76872
34047
867
37750
94052
11594
84518
18593
89497
91690
75897
45110
89990
24850
81275
52026
59973
11209
99199
51618
28329
77037
79625
11651
87293
97397
89914
83496
42862
67653
61813
81468
89486
74555
58836
75381
16886
13521
66582
37111
56957
28051
5569
55505
76621
11471
76330
80838
28496
48958
96307
98055
55261
66268
69361
99834
54422
89215
50456
96655
21679
1022
75730
21844
29877
94428
55624
15434
66014
5894
35139
46451
44626
62088
94661
278
71467
24119
35030
75822
21066
9075
54999
93904
71345
63758
26207
23217
5193
59001
20959
27670
63065
69927
15431
55935
52320
83725
25628
82192
55847
60895
14824
22602
13818
49856
53428
93173
71607
69083
28367
30302
54185
74634
75588
12604
46022
81826
50498
66118
68220
32406
10241
7012
84935
7469
83386
74699
46656
38726
47957
87741
98490
52837
19974
60170
94251
32397
80085
21489
10329
33033
51609
36110
30634
90656
73485
88431
94339
2827
9912
70493
33227
59509
13972
23440
50654
7811
37666
6349
66470
78729
46516
32881
21125
40625
31811
1347
54659
15417
18352
13625
1741
29008
55789
35186
80796
74130
76378
94278
33983
94955
80360
43829
28814
77463
54514
38981
38865
96534
9516
86439
94730
73735
55019
31599
86517
18728
14984
90008
58844
72137
33771
78921
84474
96286
68752
4218
3720
78785
42643
76524
31432
43388
72366
71514
98369
2686
4067
43662
86110
92830
62482
58125
5901
31913
18894
28006
73989
24189
48669
62068
59146
86370
35434
61845
61183
1438
59355
32527
8711
50296
35261
60080
53890
32991
55006
51342
1368
83504
33230
83830
14661
71322
3897
66013
9655
75645
73020
52561
77392
40745
30228
79530
30115
80575
17378
45062
7954
10520
10331
96931
43331
71540
34950
35814
57569
2402
4235
72909
76906
67551
26637
90485
90959
64839
47407
87823
82472
69420
52189
85538
28418
6794
55134
67965
20067
55731
29964
73315
15613
9943
43388
90848
73173
36298
40498
43121
36371
68082
8444
7253
71410
110
75654
9840
14108
39743
88570
65275
33168
29554
62590
38533
58330
24792
68512
36536
16405
66985
15746
1838
72437
30920
57295
66962
24163
35789
17311
54660
24341
4286
51452
14389
60976
44936
14127
28307
31139
45294
53857
80324
67160
64688
40146
86059
47353
4854
32517
48380
67786
3961
26715
69386
52336
6605
34815
40490
42814
8692
85676
78318
22432
33909
40934
28882
78102
48200
77557
13394
10664
40205
5397
71111
13127
35422
34677
7748
90773
71236
19608
19308
3272
68930
86874
20379
77570
82065
62053
54370
10120
73637
85492
22447
59617
75539
57892
33251
23753
11264
7957
99153
27297
19122
37715
27580
98564
55604
56258
16913
71928
27067
49716
71578
89083
66368
75045
53501
47034
20555
51311
96036
86147
23187
3274
37027
54713
82950
11493
37588
77530
1425
83994
79508
63279
20455
92011
84149
31214
59294
21814
21965
25807
45140
82441
83053
23921
13914
33363
93249
493
4390
86217
3198
59952
11920
13005
4110
15848
688
72867
15614
44110
18670
39382
70502
43072
70207
8298
68628
74356
90896
22286
87739
98740
29345
70229
41006
40745
20220
13105
40798
49587
18244
37095
73139
15208
80796
19556
51358
7449
87901
68301
30526
86426
6200
77855
7136
5757
11939
39981
53713
5615
64734
18892
9597
82104
98477
4457
30606
41691
71998
63364
95627
87583
32068
66027
25866
81575
66242
55294
62275
50651
56939
61178
86455
22594
91760
1313
92539
51490
63092
35249
28806
80239
59392
35182
84852
99352
27498
91035
16730
76338
88949
9666
35450
24536
72673
42943
54358
40173
51988
25561
39514
56644
77705
3061
48676
3556
32436
87002
90344
97164
11918
79116
78599
36749
34558
15388
28190
96885
81174
26513
54077
75207
38563
85937
61702
47272
25728
61918
49921
48817
46954
52366
99501
37530
95734
72161
2534
56330
86506
81296
66915
40495
691
19566
64420
9833
31067
98701
89978
57285
14752
57472
58998
25474
71484
64307
18081
91768
41359
1403
77827
70517
37080
41527
50209
59551
79614
41069
41015
62397
12853
71860
10379
99878
59598
13581
74515
18996
21516
51869
16205
27027
71940
92636
34064
89482
93367
74026
66045
31426
54079
10766
14970
85103
3468
96397
3414
59164
69357
4868
30218
89997
57686
27580
44431
42892
47092
59119
65876
57903
89792
99084
70251
89490
85197
50800
98576
44444
7462
60726
66183
5587
75023
9588
8317
2087
56889
25275
96410
63200
10166
15351
49639
16647
21650
26208
69340
44360
48204
91172
42389
34247
8150
8142
41634
54995
40514
25480
99905
52667
97821
58970
51702
8630
38684
24631
14973
48097
19263
42343
86002
21817
62709
2676
47736
74441
49444
53603
67839
58989
81459
54216
96239
16289
18337
31935
97436
66881
67954
53322
61572
31409
25369
43743
65379
51196
63648
41009
77962
97018
11234
21243
25096
5861
5170
20572
71538
5474
60405
67192
5550
86911
57640
40916
71207
43604
62730
35412
90293
6748
27194
48091
80143
65940
80770
54593
96447
18966
37296
96540
10792
8434
75640
70821
47754
60216
29119
90378
11119
97764
60397
91962
6476
761
47771
74661
73768
84453
72535
21774
88465
28236
50716
71213
69824
63142
41099
59155
25090
50576
24125
52572
68177
63864
56400
97115
11270
86819
93161
10991
14484
72352
24292
92528
46351
35231
41615
79382
18169
6109
80824
11993
46430
15521
8075
82556
57718
4426
996
84612
19116
69964
65288
60542
73639
7824
23785
42612
44360
50656
63391
86949
91291
61544
7290
16113
3943
58188
24862
34592
21527
61717
40986
18980
69752
12131
6141
52655
55788
73844
39397
6843
85822
8549
91874
44520
7064
63750
18889
38526
11446
99002
35021
67513
42717
93875
20702
84886
8231
91962
78612
99530
79564
66404
63084
57398
28977
46307
90790
61508
1683
71129
86823
70516
11258
56548
1126
82741
69669
62769
9049
40193
39299
86335
23145
22524
26696
73473
76263
75877
91428
21255
44423
63826
95231
39867
27278
19418
45464
34475
15543
60756
72959
57381
36843
40316
12179
64504
56254
86169
92748
37960
15216
45461
82913
38419
60231
93229
43258
40560
30702
55504
70044
14913
70079
80428
26706
22996
75284
71391
29269
81708
37277
35194
47226
48292
67233
81917
49491
82828
10345
62191
17218
90093
83128
53468
6038
98961
80913
56812
79636
34048
76159
4904
3773
60039
90712
58046
87302
56415
13610
89182
89220
84862
56900
11039
683
80022
98235
34620
71185
78313
43738
60429
30214
68510
38285
79950
31784
16610
74389
27744
42083
18471
91755
95220
5549
32372
31421
87187
57579
9187
94615
93076
69218
21162
72970
32355
33193
72089
52784
26016
726
46292
85627
1322
90310
15729
74690
35262
21753
10761
26261
70691
82025
85865
47099
70748
93107
61679
5489
68311
48600
11047
77041
61998
83697
50662
91211
9051
95540
5929
46757
59695
63825
48373
27018
95791
32844
90432
4909
89820
57682
96159
65433
46818
82925
23924
11050
83352
74063
2221
39248
71513
66599
84473
77415
89678
69251
23629
17625
39648
24517
65638
39722
15824
64003
66566
6865
33652
58847
51307
37904
2675
56770
15669
10629
52441
45614
30222
79072
59772
39611
7858
34987
93318
66680
75244
93095
79351
70958
37339
26539
9214
72806
65260
65302
92043
56436
49609
82815
16358
17059
77398
24505
22755
64317
36573
14743
50930
73844
24973
44064
39028
44556
57853
37
16659
30650
46404
49143
88758
73471
27513
62694
21508
24768
28689
29868
91509
50366
18585
96004
96005
47407
62713
42713
62213
83353
12231
29000
30107
60501
42165
5507
45984
93274
87510
64658
14953
65223
48643
61392
10032
465
94056
42887
89545
14704
2996
97987
35627
6704
23233
564
55259
28968
48059
91621
81843
15139
37823
33305
18418
17403
19035
28257
31306
22006
16709
28233
37257
64031
14914
26285
1722
57192
85972
95539
53351
19825
53167
47509
80356
14244
93373
23403
37267
41600
50248
17015
45215
95889
82814
99813
27399
15338
42974
92629
81429
65798
11581
67539
97994
74763
60730
71596
91789
96948
98842
98066
42996
52519
38270
62017
61971
90314
52949
4174
24030
95632
90990
89705
71758
99693
83018
41368
81216
15101
98886
86384
14218
93342
14109
87552
8244
85628
49514
5593
53514
21777
31613
40319
42758
52181
74019
92695
57619
20797
37841
37084
62388
38799
68599
85797
74808
21876
95781
98301
91745
19362
90379
76688
98062
12458
83847
49653
38410
50717
53773
76343
40800
47356
50660
2253
64019
50670
46946
19576
25674
90322
83748
60419
77259
61801
23995
75419
24743
28312
12744
86367
89847
51213
13847
34152
31397
54924
42257
30300
68334
24365
54285
6902
67024
61498
96284
15032
88139
66345
21777
24137
74929
76204
72626
1422
35613
29959
99429
36260
88462
8428
24910
10097
37972
67405
86495
89586
33508
16508
70855
9094
8413
16646
51242
1308
36037
76846
93395
15760
65516
8962
87279
58397
6535
88607
11438
13642
78586
12424
98538
1438
55495
5996
41837
59905
99455
44187
68929
99618
75002
6697
81524
71631
95490
12683
15723
58282
24962
71318
65385
58766
36564
83668
70744
79500
21149
66512
3562
49364
55966
72853
11000
21083
17969
69417
53598
2417
74808
91336
1853
91849
7916
93776
40758
58818
27438
15648
62907
93851
72884
53155
88680
7268
47039
39772
64874
71827
35251
62337
38756
32942
40625
19565
43651
2149
95697
60440
53662
26073
59085
13305
83474
33625
69464
73535
50850
42787
42909
11925
52061
5500
3604
9710
76480
2811
84173
3732
74044
78196
4542
81770
67165
12470
52580
68911
51224
88351
50125
38609
63121
66998
61985
36834
34766
59578
69681
55054
37803
73504
88922
22087
28917
23325
10276
33255
29337
30914
43084
40840
17975
91964
86396
75465
21530
77314
46139
71003
81045
553
22311
62498
92662
4300
48804
85063
43514
66770
74944
16902
33130
29119
65928
540
89274
82455
52852
43840
2194
19324
39573
20309
45266
9284
20633
71156
80602
86520
15304
57451
13438
98677
74008
37250
51192
26423
29425
24617
74521
25213
89740
62567
55969
26182
7710
88856
26035
85856
86190
39074
24461
2299
68808
61721
60980
2002
17231
83377
83667
77647
4460
56994
51466
17493
3463
34452
55111
28678
49347
62850
53030
28235
69318
76981
29583
77005
64339
19084
1574
31776
45121
94746
329
76229
32989
11139
29869
12286
76270
49190
9191
46047
40950
96873
20752
32746
11101
38476
22719
73257
33745
97356
36508
23340
86044
96226
32980
91826
32137
83974
37662
98147
81802
51890
32526
9714
56664
75236
84503
92324
4583
42824
52408
157
53658
6982
87285
72445
56229
96837
65904
25862
96364
28316
98031
47764
58237
76989
90184
36763
78158
38042
80149
92295
11527
11044
64245
89059
64347
11037
76081
35864
53972
30395
68674
90921
44948
36351
69681
79061
8940
60535
35597
35300
18069
11799
1782
53485
53859
84762
51477
79674
85052
47739
14165
66540
62674
60112
88629
42614
42737
98225
8098
45192
20755
30039
71889
65969
59642
7109
2816
21886
7308
11123
27823
17623
2445
44849
74226
99727
9261
10759
35200
79585
59560
96406
50812
6233
16230
2134
28246
84835
47721
27066
36323
10714
52437
90405
14544
88029
39910
35813
93843
46749
81945
29590
72366
73929
19916
96541
64095
17825
85886
88902
33353
31978
63025
28513
85631
24348
79227
65656
49739
57507
78862
17980
74165
80241
74799
17108
65186
12040
30304
86196
59817
73448
16915
88451
97639
29969
24040
76882
86316
19688
38038
10421
98948
58818
93713
4345
47689
23924
4773
90196
8802
74253
86073
36336
67886
63964
55425
92124
99130
2807
31355
52055
87520
99690
29085
59904
15063
74573
30873
55662
308
2344
79340
30051
19468
68441
19032
15346
86528
70453
69419
41262
7267
40108
77394
85563
87374
80579
20564
33674
74544
31915
77752
83508
88332
85983
22901
99257
29733
33808
89281
73115
93050
49110
89887
6457
94913
56022
16867
99445
44932
40078
5596
28676
33388
90093
44788
47411
22296
43521
72530
34484
54008
97199
81117
68392
24591
95831
41718
33485
45539
19774
85612
52720
81171
96303
48211
58156
50220
70936
90650
31352
63711
21119
88742
34465
26319
49076
50119
98239
41195
75489
76961
86212
61278
54797
19106
95850
67993
21495
81865
99081
14303
83382
53905
25157
54465
52875
47504
37084
41881
86631
97190
51359
52870
41177
70772
32889
8457
46651
42072
75515
45712
43478
92289
70050
42813
99400
91442
26373
77197
52361
90162
28725
89071
91569
17049
80329
67213
63584
79999
73444
1572
13034
56358
54563
78298
25601
33342
20101
84025
86217
87393
21341
79422
6350
53369
70824
91092
83855
82343
55065
61433
21130
59887
89520
96469
68465
62288
61300
24128
90442
65675
44872
66652
68628
73942
32677
87120
37725
91751
17212
66058
71340
42348
90979
64967
68821
49303
82721
38200
46224
89236
83358
81241
24934
12010
80441
53147
66838
58094
9833
63312
72041
95973
93583
20542
42520
54689
10793
32407
20691
83704
53367
92103
65130
89007
90092
78782
68908
24552
27647
19161
79566
23100
77903
1205
82316
63631
41718
56618
93501
79530
20282
79630
81918
53900
94017
75367
48764
70437
22446
14132
38509
50314
17508
62519
35869
91254
16110
35927
21917
1659
84238
42285
30447
90671
83745
48941
18069
92377
38225
78889
12971
54174
38906
41161
63422
73737
10184
11230
94990
14724
30017
98470
2106
13515
80652
29252
5591
15384
65336
91061
47521
5791
34700
91841
95291
77996
49182
91247
70154
45075
57298
56386
32212
43557
1161
84334
11408
76346
99097
62131
81070
4879
40936
7193
71642
85767
40179
16932
10019
54493
43349
2685
27041
47163
31367
7179
19474
47064
45870
85425
24554
18937
41076
49914
57426
73630
66258
58548
12353
96317
17844
29244
16286
3204
9991
42641
64854
27507
20199
9523
37817
32250
81228
15661
1726
54613
29345
85049
12189
93981
64860
64343
30476
13671
37577
62132
63802
91022
49766
98011
19509
81630
4578
13702
36648
14105
86398
23836
37171
88726
42325
91966
26865
36346
47608
92303
37709
25415
48187
2812
44285
81209
46359
18372
31456
53500
98767
2615
65627
47859
78838
73831
77740
22188
90014
56186
27672
67526
79012
87620
68214
5508
47877
23463
51655
72894
37478
94130
66063
45273
24423
38387
42834
46954
53725
38300
35271
86205
82245
83147
15337
83783
58209
89311
9887
68494
14226
4676
46332
91421
64631
70183
46402
60566
34598
38777
33331
22895
66717
58562
16022
4637
36551
20354
23436
40451
30996
30786
68462
51713
20915
41466
85280
95864
72283
84431
47299
58565
13575
83160
58667
32801
47797
74642
80641
54239
91984
82267
12356
14948
4968
12375
19488
23683
67125
10699
47231
37854
65875
69436
37498
83439
36214
94618
70505
23164
84902
50537
88283
50166
91477
74765
9319
83556
99894
83220
56839
61909
39712
69196
48466
48728
18430
53514
46745
8539
21978
61597
28739
61583
37200
9444
92690
44139
45662
75228
96587
53179
4136
57477
69337
41446
93984
62189
23470
30202
3055
35932
23788
83904
53860
85321
98141
96679
20969
88770
65009
82700
47873
61965
1186
23304
21798
26699
12966
82032
82075
65179
37893
24666
86633
3660
57773
82235
99858
7019
54743
56240
30043
16542
5484
86046
37808
44834
7723
51879
11302
96010
23170
56892
10219
13887
5306
42170
56291
46032
19648
67284
49223
41438
48127
37875
98038
99122
97271
50199
27547
15906
96820
13950
34026
8768
52656
31330
56481
15140
85496
76964
18976
61086
70729
86065
42009
81001
14446
72745
98354
15603
25944
53826
87370
87459
7017
88605
68415
67608
88007
38686
47562
57523
24331
95396
99190
9219
22866
1451
61230
73975
85688
41150
60536
42684
48307
88136
70708
62061
95865
17036
84676
24526
51845
11944
89962
42994
26579
46566
1750
64051
62914
88872
27132
46810
29401
61452
36755
75333
86874
32790
58135
12995
11515
24378
29914
84793
93289
44686
39151
18880
17896
6353
71742
70971
54010
23036
5678
12387
5433
56196
82640
76299
99700
97178
11060
96816
14018
13726
13283
86855
51381
95374
75187
63075
58901
71680
13010
27467
82030
5169
49704
81892
7414
82870
46155
56561
17130
56161
92799
6364
55774
24367
69899
30678
50149
81835
13295
14336
13317
33098
70775
79563
31403
52296
67498
22522
31166
8666
12069
82329
10025
78211
30357
264
6491
747
68884
16829
51023
54499
79685
57857
20926
6918
31080
27013
25474
44508
12926
77066
58385
98674
14149
48931
34393
70140
50489
55118
15371
23632
25395
8463
44091
10470
96338
77562
94010
69635
24186
49402
12950
96465
63312
58818
53412
12918
58637
24484
21215
40485
97047
86657
95740
35003
23944
11351
64062
81425
65870
36351
50257
13766
1458
27390
29104
71222
13765
10455
10580
53518
33003
55839
20321
63523
64115
61919
35361
55331
95519
21475
11503
26004
33903
74886
26585
38737
12722
9088
86526
84986
13500
12585
3764
87835
99144
99184
95007
35922
29713
82190
99152
48181
13904
67697
7481
41207
66336
32216
70887
62024
75990
8730
85905
44394
24848
24252
79863
26571
804
90367
58499
4676
23929
25593
40017
20417
52074
32486
64379
64931
66912
99439
25617
13329
22323
63321
12100
66206
67404
85378
72400
80505
38200
24502
8996
4769
26680
59369
62987
74891
19321
68436
35117
39346
23690
94475
24251
88311
27680
87064
89132
33850
67837
5956
95111
76551
83113
72575
22071
61526
12152
13656
59166
15426
17966
77993
66476
99427
16596
35247
93737
92705
69498
89487
45610
98476
64321
86270
89639
27847
39070
23788
38526
80340
96245
38550
12668
32244
29390
32444
21656
54104
37298
1461
62739
5664
9269
19690
21380
45696
27999
24824
71714
92432
93326
96427
64351
78350
60345
96635
12229
96843
82936
94224
22456
88363
75130
78826
19181
79416
65325
34231
70036
84151
13590
39633
55407
68037
26748
39946
89206
44631
64890
43942
99847
14245
52074
46093
87013
99817
74198
34317
71898
32755
20215
24812
71167
43073
79004
74375
30533
30443
509
41963
80370
93767
54788
87562
78841
53693
41020
96313
51601
20399
7428
67598
31953
38994
94377
8210
36289
29037
91812
19363
5217
31007
62333
37280
63936
88778
68466
12333
89032
52373
9412
58763
44121
22926
63572
6079
59456
64511
67251
33320
58797
77884
82716
51498
25327
52617
92859
32172
48696
70793
38085
1495
38631
81146
36746
49362
31434
17508
23626
90063
85227
28686
7280
99228
10986
48665
23476
9026
75422
88297
48754
71778
61786
58492
60565
27332
48291
10834
11953
11319
95918
36293
63637
18238
14288
7917
20132
62975
86180
14209
74645
41948
40884
77187
48093
30110
70603
83488
40512
76661
29140
83832
56750
60398
22039
66306
39709
80138
20580
9413
1071
20599
5555
12307
94145
48933
65049
89041
84939
3069
28533
60500
22846
61212
13651
6805
30894
84598
10399
30455
56729
64803
70322
35291
82178
12085
79542
3238
96199
47981
68207
39993
42395
76766
13138
54045
36393
28577
83042
99159
65061
81562
98548
37442
48128
68639
60986
95538
46746
15234
35412
55110
69739
90124
52684
36267
50277
70264
30128
82060
69391
61810
92842
36958
34861
88539
18105
46079
48074
59606
70412
2316
1556
11239
65393
75166
66254
32880
87162
13538
51099
84004
56492
80964
12568
13097
70254
52270
24082
76870
3768
66129
98448
982
29768
3251
88719
61589
2580
59588
50534
14906
47464
87140
44821
33095
53554
58499
24731
77517
70012
17397
83101
16590
30960
85386
5317
11877
24389
21764
18285
65834
21997
71203
55838
4282
3868
574
81471
62142
86447
4664
30299
27573
63003
36193
36540
69351
36143
79473
59542
11754
27539
46565
6857
86370
83027
81858
70021
44381
97933
76841
37200
80816
41303
84700
92909
76260
31302
40539
29227
52980
77028
62588
91069
65348
87098
55527
53586
94767
48846
35966
75734
44916
62221
6530
38295
75431
64345
69467
21255
22009
30552
37089
64208
9606
67464
49482
86270
78303
43283
60279
38049
95603
50245
6562
34726
64950
55496
41509
99272
27499
28271
75253
95535
61967
1106
92283
18594
34772
46405
17477
11914
61835
19283
7217
22427
39938
98380
81463
97883
37615
69257
75283
51483
88566
97916
80130
94670
55659
71804
73344
19935
22836
70194
93755
93738
55298
41554
2241
8499
75180
30888
51498
31897
25806
48364
76214
76319
43028
84134
94788
66570
74032
43626
61657
58242
52988
23770
6968
64050
20976
97613
62935
62967
73060
97542
89078
91640
25528
13479
67128
98384
96138
72964
22702
6727
17758
43385
25677
40202
21702
3810
51642
71524
77015
6774
45902
79209
8537
35512
40749
31528
34585
38190
87523
77567
67953
88530
58836
28263
59286
84574
50791
29548
17005
96404
70431
1068
20923
54929
40483
9602
98092
66766
42348
17165
45970
91410
85951
66286
51639
9868
83103
90015
72729
35599
63798
57948
85441
45135
38774
29228
84548
97414
80916
37127
53019
22094
54518
80611
36342
44834
58286
53607
95028
31146
33436
67819
95841
70357
31596
76542
2578
92550
76624
49417
1471
60775
56819
81406
32605
12483
15627
75788
16155
11255
25054
678
85850
5220
64145
23876
36891
5340
29944
6805
51582
29495
94986
41582
2163
95979
62106
15083
13538
62231
26649
91998
20789
31498
35656
92244
65274
73112
48006
23859
29207
82498
37451
83773
6092
32758
81968
90621
6212
7720
39651
97238
62605
69818
97834
71975
65788
15236
79242
36625
50377
544
62249
53924
84606
33056
79888
54351
69563
71901
58601
63778
57333
6085
77598
69084
92043
11213
35489
69405
14010
71485
8870
5817
22579
29410
29392
50971
33663
63681
26455
50038
93869
11380
73481
28662
20248
83527
99166
73036
52869
27617
21057
34311
49118
75873
39905
56520
92220
28750
79931
54574
79746
9837
22615
78891
91673
56432
31344
55195
3663
28917
20687
5882
45445
8563
69908
45952
32603
48935
48836
8516
12047
62453
16535
86393
50428
74559
56699
46706
89505
72871
58750
4913
83749
71881
70291
84032
88765
94590
36989
63816
52182
43971
69372
23952
6929
15174
88865
40555
5964
93952
23917
43285
79914
71415
42527
17293
93302
36221
28463
17113
99733
84637
65689
30791
70167
15774
22132
73564
38272
85876
57187
38013
11945
85019
56333
68075
93080
92582
79464
35253
85694
16143
40742
95553
48954
15464
24998
12334
29353
52997
90729
52544
66126
19875
64082
67544
78281
38581
53785
91155
93042
15301
2283
20088
36765
85904
31340
94894
15082
74451
24212
719
56757
93210
31419
83589
43895
70136
81837
54702
90775
9798
44210
85274
95146
4642
71886
92069
20936
88788
89794
54499
38797
88308
42210
70392
13860
20654
58788
63050
84124
30103
97251
54901
28784
90010
95787
72915
88455
80493
23649
8145
56743
99082
379
83243
71090
17009
24941
32122
14017
39270
73957
26294
84657
69713
61922
68448
50999
61026
69728
23241
11347
18786
70577
60671
12546
89309
56489
5136
8855
98971
3614
40443
65139
81648
97755
39714
87929
58966
99302
96851
95712
26666
49033
44854
56146
70957
70244
59071
28087
27338
21916
27428
10765
407
96797
37956
28504
39707
70697
81781
60519
19805
23266
15046
35655
33514
61155
3008
71957
22207
80518
92032
61724
72877
27529
84681
69753
25723
4525
41589
19064
97417
77048
81517
77054
76185
29678
64731
84851
59799
11209
48221
88269
17521
36331
75907
3399
33987
9198
22631
9802
67235
87113
5880
46819
29883
65704
37887
72878
12116
68203
2781
35182
29107
62716
63102
42756
41749
37991
59470
3836
96423
18157
12158
10998
32297
3762
44203
36545
51621
81281
35766
16524
81893
31787
51829
10304
71168
34697
47171
10481
91790
91853
72734
91595
8427
13039
59162
54804
73229
33151
61650
95995
49728
18795
13378
49078
74954
94881
14522
26120
21500
1342
21257
30834
32436
86256
53288
97320
10887
52798
71588
7052
90819
48989
12045
4570
45422
20562
2570
19257
44600
89398
63315
18470
19631
39770
66796
63097
18408
2751
35349
76286
20174
21051
88980
90447
70596
41899
59159
22171
59750
61841
43917
20431
61562
54598
5176
738
6750
8808
3655
54392
92311
95264
81519
32102
38026
2786
11203
92665
19460
90191
78912
8136
17448
95301
86877
69768
60009
21597
33974
3523
61403
80399
59507
82759
45481
42884
56907
65032
34594
66057
56347
9599
99095
80957
83974
24910
39531
56877
52421
67809
30696
66493
2710
69559
82929
35781
2982
66261
67721
35408
40729
85152
74834
132
92988
11912
35757
98760
86620
95142
45879
46170
58071
53402
33843
69312
9040
36491
11327
61966
30236
3131
69176
66164
72827
94909
77688
89947
99829
9700
39901
90646
97311
99186
25328
71195
34765
98963
87968
72062
89152
40771
70257
57278
21930
84525
8422
49307
35716
13616
26740
66490
54933
5754
5172
37598
15975
8669
27305
98078
34223
45809
98930
76920
55241
55232
48858
58885
28074
62648
34547
10076
48523
39264
72814
89464
32874
11897
44234
88301
86487
28380
54231
86213
82959
73410
35712
91557
94014
87730
55219
26095
71658
89889
37838
43342
41840
93336
2037
66697
35666
49536
21233
73068
79068
16663
17967
15669
32940
15707
4723
4077
64435
39003
11591
5843
91578
12716
93961
81830
19520
57301
64871
40344
7428
8452
38418
58634
1426
29471
47624
39537
9860
77536
52635
36951
7146
81163
7145
66295
55443
20043
58617
78306
83006
51141
61660
32654
78298
31995
51764
29123
99375
20207
47177
78364
84665
80889
65639
70616
78245
59332
14242
3468
68082
65185
94217
86898
86368
74640
98696
10415
5571
27665
26387
99476
98683
86564
57337
56286
46791
5763
80336
69431
77707
18500
40162
89653
30359
74270
52286
26257
15523
36528
88050
96110
5801
55148
10224
17820
56924
74761
46286
3657
33298
41348
23552
71709
93819
47700
79680
98100
23551
9352
23824
72481
78996
44810
25761
49582
25023
4564
56539
12097
22353
72438
94891
69043
39615
30276
93675
43535
76340
39517
99362
72030
59476
76678
36132
36358
94948
68453
95833
82658
94589
54185
2705
6170
12704
15568
17113
60990
29386
60641
92797
52359
18221
34189
81304
60860
46457
54509
32093
63542
54024
36145
21760
84034
9990
51794
13005
2318
8677
89403
54634
56569
8731
73881
17508
68168
69732
88720
56339
24047
13163
32685
14148
15698
46720
47002
53809
25287
95374
75272
89901
40439
36359
32290
28633
58443
32425
18671
96180
60910
2563
14795
52312
39983
6007
36227
43628
44340
16681
13135
91127
57736
98169
8046
50379
21339
21997
6061
37313
62987
97984
87717
6944
33404
99502
14194
20210
76441
45247
59064
35742
51060
92540
95429
21483
98367
80372
74164
9690
10492
3373
9468
8606
82238
84145
32164
42269
28312
81910
7294
36446
26363
81358
33192
62925
14845
7851
18908
40481
91813
16017
67187
99092
57617
77393
40066
65196
2740
86563
52012
40967
47832
96370
26821
59613
88516
79111
24705
49259
67337
71925
91897
94530
37953
22617
9378
69702
59347
32503
6638
90516
61464
33683
17877
94474
36186
10376
50988
4845
44079
66968
39528
41749
29898
66327
88614
29993
54536
73578
74409
35733
83145
69648
73144
19887
24120
72656
61139
34999
68014
70363
5848
70237
79924
61495
79503
14149
78492
32346
23427
78139
28122
19860
5180
368
32396
50147
64632
71626
34003
79385
15165
85768
58094
70904
7370
91815
60538
97990
70354
63529
49236
15989
36831
73715
61119
69291
61824
68402
86824
74465
51500
22190
50151
96269
7610
63285
64468
72775
87490
73972
8024
89513
996
88628
55197
20080
12142
9020
54125
87687
53610
80502
61991
59898
28902
12133
83028
31464
39248
63105
88323
96229
84801
59538
27884
92975
35617
61825
63293
44084
27346
87763
10499
96382
55504
59723
14993
48202
18517
41039
57149
52804
14276
99136
20855
70998
60198
90253
67366
95477
80256
33004
33526
24385
85649
11794
4711
41458
60744
62222
84462
50316
45726
10040
60341
65846
70003
65609
4393
69179
97139
34826
12946
98209
5956
35518
81952
85665
38682
56886
32776
45364
94459
67816
63827
94341
54236
86114
10733
43710
55012
73535
87458
56295
56576
6832
7078
4235
38794
55008
994
94589
85859
98187
98337
45430
20057
35317
18428
50130
29841
19045
2775
3857
29445
39098
55857
77909
46213
65999
11610
83888
54876
60683
14166
23604
47367
56650
41633
99123
28439
77716
46871
83674
55891
38187
59504
96271
69478
18397
74283
18919
67685
60602
13868
35966
70760
83601
26850
17477
50975
29168
58022
72794
43397
17105
39713
25176
84020
74733
98062
63407
93684
19304
21691
52124
72174
19100
47965
91257
79594
59585
8431
27816
91716
92691
16203
94274
46814
78200
52844
63766
29800
24155
48148
99271
19694
74076
40276
38786
98474
34327
12251
94745
20334
10876
25235
48380
38911
61743
63792
51659
35635
35593
37882
91389
20737
30206
81078
50706
902
45439
78361
5820
21888
34295
33607
69528
71156
22419
32430
98098
78823
9179
92783
45267
47334
13685
7481
80839
67455
67822
55362
85071
14407
1184
28130
94206
86272
56758
78533
89488
92997
89570
37883
53035
55965
6430
72856
86038
77269
55706
77224
16491
29313
65694
72836
26456
42810
92614
44054
7051
22724
238
83250
33080
90076
93290
91412
20704
6164
39400
83255
14397
43886
42942
5100
89253
71296
39747
89302
40904
40829
21443
3570
11749
90598
38871
55758
48713
28348
1674
51396
93658
12704
71482
66763
92758
6319
4802
62959
62675
15017
52152
79873
37869
72450
62826
72604
86371
60593
83582
55160
3062
3312
3150
66221
1281
96668
71501
42482
51204
37532
42698
92355
4490
88003
89597
1693
72403
76178
12341
82934
66493
76788
26627
25886
88677
41569
65700
39298
27771
66267
69387
88120
44766
46513
48334
90345
9553
5260
65482
96089
34817
62320
11754
25143
72319
59796
75382
49865
82853
61133
200
10192
48252
647
88667
26273
76685
77264
77544
59711
30968
32203
14710
84937
68144
54578
47589
57977
39668
99252
92139
67143
10695
16251
48116
4172
65034
1484
53567
28881
66186
15835
56444
66638
66066
59194
39867
44118
57845
22061
13659
32289
27716
5770
65121
2614
47609
26817
56998
17740
12206
17405
10196
83601
68993
33057
99496
32001
52531
84494
61239
75201
23696
48663
93525
15132
75758
48072
18871
8950
14710
3471
131
17607
85592
59849
39426
4924
51129
45502
56563
38216
44485
35826
16674
48781
5638
72843
97644
33008
59697
7866
91587
73351
60822
38458
8592
79053
12245
49989
26856
99536
7946
48048
3029
8735
17273
92589
98008
9144
93630
94571
80871
7028
27931
23022
30715
87870
31988
44744
9494
2914
50428
85862
49252
6844
11884
26780
56784
47134
51257
60373
92679
1140
18646
57026
30270
96437
32796
7938
31507
13049
74834
88500
39377
65125
26995
84558
45420
37799
7742
20722
47064
67501
40494
23941
49107
22083
98795
96185
96851
90493
35804
50874
57886
33257
1892
79731
88382
70904
92752
34278
55073
24050
13236
96445
28079
61928
46485
84126
79849
27325
81360
18984
39392
30534
13309
25177
60645
94704
7919
8186
97642
36611
11086
41013
77244
23960
30613
6120
63233
47263
96176
74515
45047
73464
65648
23013
54264
44049
95862
87178
75598
14668
16336
69526
9133
16819
11481
27352
19947
76714
19085
93677
62985
84565
36635
18462
12963
72223
19200
4118
31315
40364
20893
32585
31148
6844
73937
65928
64886
90295
70913
16596
98842
20740
32588
82973
20274
41560
31879
60425
12478
3260
86172
86518
28178
2498
11530
60482
36828
47186
10050
82040
24848
91743
55863
35233
93775
83751
38377
2289
42882
45553
62466
29651
5801
2489
94835
42245
51976
53662
98187
71403
40344
58775
91639
28054
54191
34374
4406
28649
95314
13454
29099
17699
80245
88872
91747
7098
64876
97355
89198
36523
3183
29590
17542
66924
40794
56521
80717
25688
7663
69285
8506
83165
48998
38647
41696
66072
103
27808
81041
59400
79344
9727
6975
29427
16453
44766
49405
16928
10741
87736
77368
54620
64463
61664
68219
10754
41232
24715
87259
97670
53657
78717
20986
26029
4948
45934
68701
41598
47175
25674
6995
37068
16313
29798
57178
93455
22614
88114
50471
96028
7115
63788
14947
19926
91916
53885
18702
87333
70427
30942
24839
75388
40548
83370
5742
626
88741
80946
24479
70519
76064
7807
69753
85066
80741
40299
38306
34665
4486
74764
88139
53118
74243
91231
90554
89868
63770
1059
34112
51062
27231
81368
71171
16233
835
31606
96519
32943
24055
56551
4714
41668
63634
79951
19964
99308
94035
29880
39185
51616
15578
84036
82847
95662
42803
71721
1144
49317
92816
15873
36856
87681
46833
73417
43287
94696
36635
53519
84231
49134
43780
5363
10609
47934
70050
46470
89483
94292
71267
91246
95833
33889
61873
82495
35484
43195
98521
75508
73430
29113
30461
47202
40127
8182
19695
17032
94835
90217
36663
25267
62673
40515
45649
90050
7836
10214
73426
34912
25612
96332
82238
6852
78049
1569
20040
2966
25807
64338
37932
92
96175
61126
80089
55118
18672
96577
65236
2427
28238
53017
51635
99265
57629
45999
28573
55317
88240
71823
74658
25269
69768
63608
49896
77097
46875
23609
69152
38557
88142
16729
91224
30496
52284
36571
29092
1546
60426
90531
71377
11258
44977
70998
6674
72594
44696
82972
49223
32050
72996
64722
14726
53984
89679
12662
30323
32566
11230
2991
8242
95063
27425
26679
14285
11509
61793
21138
46980
21057
16907
27026
94891
97708
445
63399
80292
98770
56933
77301
32400
63902
74386
37102
65560
23419
2002
37239
40817
39622
6247
96525
90316
57434
82288
76314
83833
18297
56713
95165
10801
23558
35991
28165
15143
45969
69831
17017
53538
26279
32370
31553
75632
33928
70590
44340
20676
90323
61118
90866
9506
24553
80320
7358
14810
20381
36710
37456
15420
24131
79566
61994
42057
61768
66499
8842
27911
46221
21958
19591
53588
84984
83700
14538
7251
74694
20892
56387
86844
37948
55638
93510
57179
65846
85658
86248
43237
28632
13354
94761
9259
32375
1597
29407
46713
70375
89496
13864
67429
61748
16428
74454
68364
41527
37278
24522
40852
65782
107
40115
99488
80322
50612
77471
68492
86055
4815
76210
76110
80251
65604
99278
32866
27196
10331
21212
83386
54293
67825
36875
85198
7028
88958
25095
21519
81183
25146
15651
28568
61136
45396
77455
28525
73239
95272
28936
81762
24126
60915
60657
65560
13285
37753
87177
96143
17150
41587
41167
31195
16065
41135
86559
97956
63231
54917
92460
91364
25516
55951
87309
60909
89163
47641
14974
34855
88149
70753
59627
31923
81394
39450
59260
93378
7167
71315
71912
69274
1780
28951
4369
39596
83978
84455
12503
20000
58836
79498
65293
18322
2812
37572
56246
68175
73605
99748
76397
65644
22779
52322
7994
46397
81959
9243
49801
76615
81875
93181
90788
91916
83004
23185
89583
96564
51581
47713
76930
4707
35138
94973
76018
8650
5459
41305
29111
43821
83204
91085
19772
7419
94917
6268
46495
49458
20957
57972
57636
74735
34654
35888
38125
65655
88709
73377
35317
79626
47989
59681
16593
25892
22818
71689
30505
27805
76303
99344
40937
40654
80132
5979
93410
90789
73409
83369
96998
76735
76689
40124
75607
93609
90076
2195
70052
99249
56847
10362
19940
32081
5988
49484
95831
23522
74492
93879
84601
23227
75762
18689
73155
21612
17034
16982
94602
28675
42477
47335
92246
5340
76378
58581
2937
7865
84073
22983
35815
20622
1637
31256
70958
65940
79403
8855
34665
30647
10147
69888
16297
79529
98768
73770
973
57999
66969
53995
76574
73094
7592
41377
56772
9511
18116
14600
55703
47406
46547
87966
39449
51508
58063
63978
21590
44506
47731
7214
42208
8179
82316
63955
18527
72589
31037
12717
6571
2608
57608
44937
40896
30078
46409
62720
13030
60259
74483
61446
47824
64803
53152
87259
84100
22181
30439
64789
21465
34790
52179
56466
10268
59754
11786
68395
90778
43637
22850
84183
78473
5399
8028
53094
89797
1610
47070
9370
5098
95342
50947
61331
70022
86284
59389
77404
55026
95056
79854
96346
42150
66247
91251
71781
50428
1141
34668
81141
18291
78014
71942
69393
37408
90300
82973
42425
56775
57
97461
82490
75110
21068
59691
26122
83842
90848
86444
23984
365
34381
13368
95722
63782
26504
42033
12225
14147
36246
2666
88656
66941
65929
91078
27084
23400
81554
23922
79721
3310
16964
20629
54968
97594
97364
21235
21081
6556
65128
87939
59580
14697
10684
80775
83910
64645
76219
5610
10904
48267
70747
28277
20528
97391
8805
15548
9181
29989
32607
2722
2287
66925
6722
20673
83401
13752
58399
98127
66417
5269
20951
5669
49019
48307
43086
73958
56257
85153
7168
62438
47180
75943
13018
31454
32563
88686
101
57577
88788
81815
12053
91092
73949
62406
85651
92654
7974
90010
97374
70158
6246
78092
39192
5635
27316
65078
79258
72221
54304
34846
59291
24028
22820
70169
55541
26344
53906
75268
88110
94715
13650
821
9338
84602
93215
29859
31719
86613
62655
50431
65984
66246
87778
37010
56191
69088
36750
7383
4137
67484
9428
27879
3273
53941
22524
88024
68271
3779
6864
59307
38748
32705
1900
2659
56507
5424
68753
54590
12419
97456
33358
92644
9565
3872
68862
93044
36249
85810
13977
86452
89593
46523
71130
20625
85286
85771
97548
55397
62078
5190
61588
27939
79748
3347
11683
33279
64346
85119
80503
50767
335
82160
94963
6681
34126
16783
18314
99400
85079
29479
51774
82460
89802
20412
69714
92224
61574
81275
17372
70736
7875
13356
92512
7228
35868
5418
12896
6217
92189
35582
28698
51130
5307
63209
86117
7433
51560
64449
86498
68503
67457
98148
70317
32598
53416
79127
38137
59336
33633
19459
71704
83070
67746
9767
42891
86979
89647
87734
70812
28707
3887
12096
7211
49496
781
643
77153
26592
34295
62281
40664
97124
94776
48868
3278
9727
43038
59913
53812
56741
67281
53559
72584
72730
63878
45627
83384
95540
20317
99137
17785
63825
93637
57791
64616
55361
90937
20820
31816
52772
1974
11544
25041
71352
78794
74579
88294
18877
6488
33164
43940
29733
33922
14070
61425
50327
39511
34480
85618
55154
17259
81613
6274
35157
44496
76838
3487
36984
84252
47917
18790
22218
28096
1040
54767
55737
28518
1232
93935
89298
57332
64506
89051
87153
55197
88051
29903
79566
96366
14289
15849
56456
35201
76662
35512
20360
5269
89883
26855
1955
71092
51309
34625
58570
14373
21722
1636
32881
59303
5688
21808
38278
40545
96320
97821
52753
92561
19121
79960
56444
46935
23920
40618
69963
32068
62334
87016
51434
65528
34406
50467
38634
74376
91979
18205
6022
29881
30481
72779
33474
86414
97021
20262
90678
92480
77570
15911
38881
78841
82759
27799
86148
9923
70410
55020
47172
10691
64661
26502
52039
34706
50202
67353
24897
55220
83173
63902
48565
78114
91798
22871
62079
46341
46485
70030
49913
3657
49940
77483
54497
46423
48134
72592
82769
6606
64318
28711
3965
36959
71033
95331
65219
3978
20740
98768
36211
29668
95365
35457
9306
13668
67345
60767
87042
59887
65719
39807
63437
380
5106
43514
60751
87178
72005
5616
86571
77609
84584
18291
90901
54462
59936
11606
7080
96466
57652
58101
25601
47716
33818
20245
8292
14482
68176
