73051
6157
11672
49788
81345
52513
50357
39727
15613
29907
20720
51907
17873
11948
63404
88945
42360
88707
11702
25866
24015
53296
89063
5846
33071
56313
40517
73251
66284
25358
45898
20809
59006
35545
35833
58478
29620
43184
15268
26756
84795
19047
35464
17209
4864
15273
80048
94286
26844
98333
86967
46746
60958
51974
47224
19755
17093
5826
16717
25031
11995
77105
73442
90254
84009
99910
92901
82328
76115
4925
59325
99176
73439
84946
41070
4967
17832
71853
981
17797
76265
46231
46407
67951
38391
99151
59851
7032
88320
16078
41385
23793
26466
90236
14760
7689
45605
45209
33200
4953
22372
97720
18170
21918
39007
87791
73307
76012
10904
42256
1922
45240
4844
98920
48766
65763
30698
5490
51863
84857
40059
85869
94007
60036
63540
35531
72709
83203
70185
33380
59362
72622
38652
96028
95425
78544
28060
24489
28943
50599
25844
83839
96128
46064
14155
96145
18948
27546
41470
48996
76991
40114
93346
48343
64894
36503
3712
58134
58378
3475
15081
90104
5826
77523
82894
29299
6587
8816
3495
70221
37702
6209
76547
1263
59012
56220
89740
47943
45880
67395
16583
45163
41733
21188
56388
19247
79276
90309
31134
58921
74832
69926
66111
25467
35518
35740
78012
18604
63169
84856
89558
10132
24051
71248
11294
70782
63567
92082
89331
8673
46762
55769
12253
90982
86892
69918
48371
84637
21135
63647
50022
16277
77682
44573
95389
67775
40098
51079
65744
23271
78207
71136
84774
61024
77837
6451
21111
70484
9894
85606
55680
87194
978
22460
12159
19062
57673
75128
38575
65600
87369
93374
97468
99522
34833
73280
32449
79478
75859
43518
30684
12488
26337
66059
30466
75625
70995
51228
13145
80441
48806
77886
74743
35528
7967
62828
15299
55222
32414
76326
10102
64970
12503
144
35902
84832
73667
85251
26191
4557
74001
41633
94625
66376
54922
43191
60856
34918
91993
36533
48067
6444
61982
58134
16794
9482
18631
61940
91555
72005
57980
77227
47064
99532
33415
65713
99984
26193
30156
45633
1957
85743
25037
8588
6439
7173
83261
8367
80606
64775
1971
80380
63228
95880
28258
3657
2987
54369
83349
26419
66201
11727
93696
54185
46576
96774
94568
95092
32960
89208
43207
34662
4762
46360
34575
62324
81407
53393
51694
9620
26221
10264
81333
26779
70033
77599
13999
51183
71274
29758
62726
45614
42843
3736
79432
90230
92046
70851
62012
9665
12604
88169
75406
91398
21567
67309
75618
16868
61305
65933
22249
49594
2674
73729
198
55937
30394
66917
84152
68976
82774
43385
23817
3201
26482
97593
91819
1025
66927
44345
70278
10555
91381
42029
97015
38051
34857
89935
5212
2724
1981
97130
89878
5340
7508
13132
42939
69114
3538
23495
59836
25129
86699
93035
26890
69219
64351
72205
64915
23974
75489
74592
49940
16960
95655
11694
58212
60645
76713
62147
21080
40458
61705
81428
66995
85644
53507
18477
95693
13350
54653
22705
97487
43432
84508
45149
23856
98346
15139
27796
73700
62651
25019
81237
27234
27388
47190
72917
9685
95814
54919
82294
92400
41390
2415
19377
63424
5270
26039
41246
15711
45873
76512
51565
69321
52784
77105
6508
32451
50506
87837
59865
45506
48917
88446
58428
15438
80467
54193
39607
38454
80589
8792
99878
58430
72359
30304
56096
41017
65131
81725
18585
72307
73892
12084
27826
86139
73454
11916
74449
50282
40682
40466
59178
7976
95053
36787
43483
52944
43987
3938
82956
51077
86431
2792
35122
37081
76633
93134
96962
22480
21009
65490
67320
68780
69251
87558
71613
36832
60620
72288
41984
68551
79743
89324
97771
40122
49613
91901
63376
35571
86820
3152
97030
61192
98768
67508
85875
71100
76962
90744
9506
80319
14954
51969
29273
75191
73146
90398
38724
7495
65174
6651
92323
71698
61954
14405
71333
97107
5020
94999
87467
84731
29757
61390
35659
17857
68460
6128
70012
1743
1683
513
59870
69875
62781
61664
53597
27774
60051
22580
66976
59215
53176
55881
70397
80169
10828
25331
99237
84363
96175
88767
66080
81962
3277
24774
50562
53563
16310
11416
6731
67018
20386
36981
5811
64661
46780
22447
8917
289
60808
43558
37055
82439
28022
28252
31554
73875
90993
55489
7028
43128
6890
85648
5568
12915
34432
77907
66598
38006
11102
34
11464
48635
15848
99958
38829
16195
50070
5736
33388
88380
16414
98947
23555
52616
51712
83640
53939
75024
93220
76686
62569
60820
4387
63603
60127
34737
31412
92895
30228
68873
55849
70910
89187
60774
32094
88420
66591
28064
89423
15359
23805
85257
22100
18647
26714
7942
62093
52952
61203
50792
23967
91573
44786
34416
37464
50643
44247
52245
39830
4091
84782
57174
75507
64515
32531
45504
9760
62781
20521
63291
17049
25875
85601
77861
52880
77311
38719
85740
36888
52185
72643
78460
31692
79436
44905
64275
26123
54770
23309
81450
44173
14345
88234
85331
30576
66630
9750
57585
86115
81209
98181
99312
32430
97911
33742
98092
5972
66925
81535
60152
11924
58506
15356
87644
31447
6322
25481
96071
19609
68256
19380
54990
39471
39070
19118
2704
37640
269
47284
86249
67561
81134
99624
55679
54004
73331
46029
33780
45693
46812
58303
59197
73235
63157
69526
85666
98988
589
53884
24254
41148
13678
37975
17859
61829
43191
59841
93360
78793
31038
60451
5702
19641
95285
92590
30789
58882
59677
33640
58116
60292
91701
50378
72797
9953
60183
81754
76314
69543
33452
3715
37051
46385
23030
45100
53883
43158
81764
93850
10812
13490
52669
54987
14654
86360
52600
39556
77949
70566
38736
26784
39310
66948
95767
63962
49447
63300
65178
7906
1645
61436
83526
23816
45340
27322
23400
59317
96610
50184
38707
87631
77117
65827
22827
44625
7622
36713
35723
86436
57352
20627
3805
5748
30806
6668
64405
70102
50617
59067
95652
90582
77980
73858
92204
49376
29963
28853
9647
87331
62960
93282
42945
27765
31858
51105
49666
73483
44121
51141
56340
12734
27577
78741
50553
81018
57631
77778
93009
38672
62917
53297
8699
37543
54531
48125
9651
3259
73623
73451
14662
78768
27065
48391
23475
64070
77681
76040
73889
79701
57001
90922
25981
99475
2727
82918
63005
99238
23304
11185
91744
52185
35843
70974
24413
9662
84582
5402
73233
83733
41454
46407
99859
70670
36479
77571
85669
79185
55266
86483
3336
81591
3888
13308
81671
71995
27316
9224
34815
71613
85120
10413
79955
62437
81706
62476
42924
56091
23978
13813
79487
72279
2806
90156
38247
10594
91062
55310
62995
25155
97249
83819
43972
36820
7848
10153
48296
22535
89303
52417
82345
75358
70586
1619
98613
31040
66452
37422
88963
74002
34647
29577
55207
41452
6995
31057
78784
13732
75061
71077
80933
72005
46228
9659
74364
1300
66441
43134
54588
71552
14180
20388
66787
71560
31467
4128
1693
1186
91543
7206
44141
53639
66347
88992
90508
67671
28612
2519
29824
76791
31368
34564
47474
18226
71484
10340
29130
60926
27255
97312
64599
23318
82833
17411
59822
14258
62790
83646
9985
2867
29364
77597
22188
67854
26935
27293
5658
57235
19151
6693
72687
63921
13309
77797
40183
79616
72914
48561
75
21127
74998
40766
73931
94230
42606
20823
70806
48936
29170
76250
4881
44965
92533
26957
47427
53771
12375
79619
91290
44191
4681
71895
41775
20562
24625
677
10008
5036
77227
80206
41343
14228
83571
88858
27868
88597
3666
27958
25248
6111
56487
56722
28064
42900
1812
27721
71387
86351
30369
86412
67240
93294
57270
55884
16445
3102
98990
53369
69605
41928
10814
65769
71708
48964
34906
90652
61394
3675
99089
58829
50104
84417
54371
85178
87703
47959
43830
98874
18750
96903
29289
23657
74666
90814
12965
48048
56957
27686
72412
24765
89607
50297
58353
83319
95297
90717
85013
79100
7994
11159
66326
67712
87262
71540
36308
82823
38923
72091
68180
68486
59272
115
34618
72701
12638
87157
91102
80894
35999
86857
33694
33708
31262
74323
69221
99806
26063
71051
89881
96986
62945
64730
90880
7590
30576
61577
36395
3125
54506
30141
9125
84866
59505
3926
65493
89491
15678
85651
70681
8139
99614
4119
43100
21136
77464
32618
36449
12938
2318
36501
56759
67872
82209
71194
5541
94541
9234
27028
42124
51060
50761
87976
26388
5858
77732
48828
74202
27336
8829
79730
84128
40412
370
81741
97371
58825
21629
69744
30125
97958
25128
23456
807
18004
73381
41252
2656
88311
98385
70951
80256
88650
43526
19620
57377
11638
77731
37242
43404
28636
58416
9112
4109
22588
52373
16347
67502
467
73823
46715
72911
39490
96902
44166
25932
27305
87169
8383
32476
36479
46171
85890
28951
37877
99473
95477
96885
80749
24363
85733
81094
84387
26340
1489
39541
16015
19347
78218
65630
57033
73749
2188
14488
51669
98040
40766
91748
99360
93687
30072
24468
69347
4765
6924
82464
72526
80161
66231
23115
56896
19462
86752
76104
88090
65620
88524
13150
95413
4625
9917
7958
8951
42753
75443
62729
43983
71402
77281
39837
58706
3729
97524
87062
94291
61264
11747
79621
19415
19024
67015
35853
53115
55103
8734
37571
86997
26084
26397
86048
9515
27616
96334
94735
83770
22114
15517
26594
29322
44194
38481
1123
2879
26393
64408
53166
21937
99690
81812
26825
53873
8903
93734
76389
37610
74063
54842
53847
34018
37871
75732
17898
45004
91232
30322
31090
7394
2789
3292
72177
45747
85153
50299
75221
80542
65891
32974
26721
90695
55568
15634
87306
44271
99572
32175
612
33882
19945
57124
9706
67271
61669
92575
91450
68461
20582
56118
11647
96071
33317
45771
19147
96398
9635
81077
68720
58604
18512
95846
71718
41089
28120
63152
78450
22237
88425
73627
45431
59057
29710
97208
87449
45664
93585
4905
84078
92577
58848
6759
59960
9772
21326
30650
57377
9796
96486
90908
34636
18495
63455
42007
15369
24099
85406
68617
39150
98516
14125
69212
80036
46955
10686
52590
66361
36108
58322
73482
2812
4729
96998
76143
99755
11752
35886
61945
19762
97470
5774
68654
25750
97516
38990
26936
95601
87702
81839
63349
60258
24968
65754
85562
78451
89635
26723
13004
99085
68736
64288
21269
51473
23004
88096
29907
21497
87312
42252
3616
88213
23461
48854
41680
92741
45471
43461
82519
7965
83750
56988
78659
54269
94972
13224
77843
38974
11436
97691
10119
85029
22881
62859
51025
33182
84505
17180
2746
9420
9083
5439
8289
45450
78222
75136
36796
76114
24074
92820
32980
46174
44203
5039
15335
11748
85629
66999
56500
9780
10252
90932
10060
89620
32132
18586
65332
60601
97828
8497
8236
28290
40715
73099
98881
78311
48698
33208
76046
19836
76427
1729
14900
18616
64711
63945
40825
17841
47524
39277
47552
17506
60680
92966
99167
18151
95378
18668
13318
59636
9804
76195
78285
15576
84583
4689
5459
71104
6158
37023
63049
52420
90952
36664
33352
8523
76032
91444
24909
68186
77761
47490
13077
58551
60944
90729
67610
47748
73932
80730
82933
30030
19890
16410
10031
232
23444
99323
34032
60021
58486
69721
11683
10500
76227
95132
26553
24015
59613
90643
42119
3934
93758
45131
81874
62314
63117
19733
54632
93853
37079
57710
97171
25427
54090
33019
32530
74542
26632
33120
85078
76708
57411
64887
9699
8039
35807
2576
82323
65812
64176
43594
88134
83288
38611
78999
36271
74758
34535
47717
37114
3710
44690
40178
22942
776
72549
86255
56410
43208
62602
52011
97383
26493
5565
65410
46522
28870
35432
73835
26506
60540
37409
88819
29677
93484
69576
13883
86815
75091
96747
57771
40006
78915
96006
81367
32018
17233
41945
8923
35490
49551
46166
39115
3210
12165
46211
61641
77723
73201
32476
7401
39326
60700
21210
76573
66301
55870
10501
29457
31200
58666
99440
81319
46461
4830
12004
18467
30487
24197
33391
29289
86925
26508
38345
76955
14374
98294
85609
17512
47273
7934
36159
13614
42614
89346
18445
79305
57704
19432
15066
76147
6732
12487
77723
76823
50111
64846
92653
98379
160
27743
31154
53526
39809
3187
20475
12817
22355
44255
62198
68007
70261
92988
82184
23265
22506
85825
38705
57115
86385
32698
60762
11054
9130
57244
22557
74438
48785
61521
26843
49528
5640
87230
17351
19529
76780
82633
73804
39427
68870
5627
56950
13449
57233
47059
5886
13743
30302
54458
54316
64285
26141
35538
11993
67461
66981
20099
44395
82564
80629
46037
64032
60834
17411
12670
62366
83030
75637
62655
46484
39873
12021
99277
88244
80758
75748
47313
53821
62071
51358
8814
44135
94327
7204
62558
23387
70101
75237
49890
52547
56680
38237
91239
58797
22833
41595
96116
96037
44562
84692
22855
38106
67647
7973
14442
52264
26863
47293
31235
91713
19668
66278
82324
31205
71815
1901
69705
53629
54853
89283
92265
7792
25747
10107
89803
1636
20781
40480
65411
39162
79632
51275
9258
77378
28503
70708
76488
86353
92761
10293
96523
22807
44002
58176
32879
90402
55912
60034
86981
20931
71890
42486
41183
55279
92426
15062
12358
57539
18170
12806
31483
86383
81881
92072
12080
68392
57020
4945
2702
1107
25413
83351
60867
44560
92759
69457
63790
67570
77227
99401
45724
60747
53498
44480
67272
37145
10092
53978
84951
13440
58349
18948
68182
79955
78810
10140
40926
51930
46095
64486
33381
50966
57331
85874
95517
88538
81618
96623
62519
22969
51272
44788
80311
18769
67081
70736
32884
37400
24799
74935
58300
3041
19993
89262
42758
6465
15168
80912
65750
82619
28531
11860
21474
12740
66019
94757
3415
67624
48963
78734
55526
13468
91459
61982
62168
13560
38636
49413
12873
8073
77255
3525
27130
71160
6186
30339
30973
68069
43116
89052
73369
706
30873
79900
94438
39411
23314
67570
52749
72324
67320
65260
88437
46065
19408
44831
11582
58011
27093
29197
67828
65755
68038
57676
5363
25006
84730
50313
6554
35679
63784
35346
24508
59910
5364
54820
82595
11558
67544
22756
90246
71065
96664
40549
40753
11995
15087
81064
51752
61354
18757
72961
40975
13918
21223
7614
32668
73197
74537
69431
54681
73000
61016
17070
8540
31974
40752
28527
40701
64587
62236
24
90466
4337
38951
96763
69091
27489
16922
93368
9918
3665
98561
45200
16922
90822
94371
10589
38686
97750
22152
9398
37021
98112
68075
17245
10049
79593
32008
8778
71242
86560
40363
87164
99117
18733
82495
36638
74967
24460
38523
5178
56274
81169
59513
51015
74439
15816
148
17718
37603
30163
89840
42951
42435
52838
63002
92354
36261
21705
86713
89497
95480
8144
22125
23358
63302
11396
46082
98189
8326
57732
35622
14225
59226
16973
53123
55852
38599
17059
42806
94233
79445
14290
71175
41079
96719
97412
44728
46279
55730
90141
376
53262
37747
49026
9697
48130
59043
36154
87713
63042
69733
1959
9391
79870
94540
75614
83724
25461
99714
7150
53754
19202
78898
92480
10051
81190
36968
81046
26639
65889
66667
99803
42458
18185
57356
82360
76478
10200
7275
4993
96809
2445
29345
79763
24499
77486
4898
91305
46538
21104
13687
19267
46564
48579
36386
81173
74363
45266
38974
28507
11161
77996
9515
21823
96375
69930
59500
91205
22513
12180
99136
73524
18186
94721
10341
51309
89856
99134
67981
32565
76292
45663
34508
5534
52202
47400
53238
93878
81798
76182
7996
31212
71226
78768
93831
18812
92930
7522
83388
54568
17986
13692
68791
34357
21968
40163
1081
51843
38238
85077
91317
75228
77284
6409
52215
65498
43488
3980
69621
48974
16691
65621
9406
46330
4184
67923
2298
39417
889
91528
58378
82334
15746
13412
14578
62599
76871
150
83565
12038
46319
1395
55640
96721
84865
32767
53927
64816
26553
28333
75324
88949
37900
34414
37876
52365
4285
22460
30172
54044
37865
61663
50954
46709
26698
8983
59482
63872
91830
89615
88626
43337
20415
57583
2654
15296
9980
12685
61465
71416
13996
37481
12864
72555
16204
69429
44433
81331
75535
62213
58313
54410
69977
29520
74173
84656
50441
8930
70022
75882
73284
90055
72986
36937
39707
31986
68533
80317
31759
22580
42384
91599
60995
58755
40048
384
48799
78398
30505
57268
64549
78150
88336
29616
31301
34215
73359
90894
83410
17998
64855
1050
42663
85582
98131
23941
64494
75926
32847
84217
896
64116
49572
52955
19829
66713
93414
11221
89472
73788
35857
72042
78424
12753
11333
95134
1718
43369
5635
5492
58627
77639
96907
13760
57725
41333
48936
75413
60624
16107
35889
72872
45550
46288
56372
432
28578
35381
9787
64588
40800
62137
1422
9621
82141
92812
22625
29909
74249
2997
22222
21124
70291
27355
25589
23256
67209
35811
95230
78496
17777
18001
50597
73365
37899
62984
26492
32136
56380
10900
66555
66337
33582
41047
64692
96490
76217
87285
31618
64912
18707
19026
1163
57626
93884
14764
2581
18195
20698
33115
33223
92766
40151
31291
46810
22798
11539
28057
71722
19157
66320
90489
73528
63349
36442
55885
87542
29243
62663
29099
47039
79923
4193
30317
59788
98751
16837
92971
79480
23134
60403
8296
11438
23265
77677
73789
26186
2291
94236
41893
84950
48159
15563
12461
98592
28218
45497
37814
21184
37999
27222
73337
55531
91598
86075
53299
88573
9833
71502
48059
5960
18567
48576
48587
58753
58023
79051
50263
85672
62652
29699
85250
35006
20770
44149
98880
64360
91731
31724
31570
53253
79023
71787
41480
95912
87065
52765
19840
37189
24377
85216
16352
30789
46177
35932
66382
99582
66975
53708
40569
49167
95233
52142
58531
8300
41971
38330
34761
47448
87195
88938
96841
78109
39932
94805
26937
46779
7096
52675
71687
5257
59210
13074
61294
77436
13346
54461
88829
84837
77766
99297
97384
38023
91155
82403
58019
26881
13256
33180
53940
48735
18003
72391
49993
35438
88374
38242
90856
51371
8994
19603
92486
14300
82020
35311
89956
82159
90847
81094
94953
87510
49501
49923
69682
87898
91554
58818
86953
57529
36786
56
33523
73915
98735
22952
87254
86819
63080
25855
89062
75103
63604
37457
75843
58163
6810
83084
56002
55844
92446
75860
36033
32161
38226
66429
99233
68080
2708
62094
43884
29555
51289
33327
14585
8938
86079
18571
15564
59067
48057
3136
19078
64991
92032
19849
23905
12044
74080
11519
81088
8469
2816
31109
65082
60925
64023
1361
35688
32305
23719
19173
84110
985
81971
59506
23814
30277
22872
66905
72083
88239
67519
96934
7786
89310
56781
71041
40129
18377
42524
87189
94000
91189
81006
35414
26739
20179
68244
53659
44914
84718
82882
83259
35348
28883
19025
18093
83020
32526
96034
93628
89171
7174
39436
92849
40950
5881
23322
75772
4144
92981
61232
17311
89781
36530
25173
92921
19979
46556
32766
3635
62032
69212
21990
87365
5356
84259
61585
78903
70284
38688
88020
7603
22342
48896
98017
86825
51753
88157
94464
20858
96856
92472
49515
51932
23485
65570
93478
98818
3710
26104
98113
36464
99759
92399
31595
19959
85184
52070
87492
56690
44295
44419
5488
65456
4961
53629
94968
40884
38512
38347
41168
31822
52091
11908
6778
69560
19697
70057
63879
39786
90781
62767
75192
44180
40574
51556
7844
29943
17300
78058
1641
99682
664
37774
76562
52436
86983
84059
46971
69856
70601
52593
60305
65363
84935
66291
84373
87850
85620
62034
261
15126
88191
47706
65908
81527
69227
61307
24881
53404
45785
65025
23584
60454
36706
41486
31157
14316
35345
54341
82576
35638
23085
94023
69184
38187
2461
9829
59244
74282
67183
19993
44323
55266
77796
86514
11491
52958
71865
95034
83209
25675
59177
93567
24070
5576
29009
99850
28657
43449
35134
70056
52504
31278
79458
64623
92041
94167
78522
27721
79065
59398
2063
50599
86221
25791
20702
68318
82658
50191
29994
78199
42451
40310
71132
56900
76460
29518
69952
63607
9177
2611
81171
15795
39148
97127
67488
13044
75807
13172
94473
17323
74435
44144
15968
23811
23612
8578
7345
98278
84874
60691
17192
78465
13454
56934
27604
12193
60145
22557
88162
62522
24214
14914
18543
76454
78226
86267
11450
89094
58303
7657
92510
69486
55718
12670
3763
98306
24341
47320
33288
67882
22172
71674
78732
48486
85418
2706
2340
82213
69522
55295
52898
53250
25009
31950
93109
59521
25600
39514
45585
37344
97127
18251
39975
77217
68181
47706
22747
783
53171
29297
87851
12825
89269
20280
40350
52540
36182
70057
91035
75520
83927
29236
19572
3007
54758
39259
44476
23767
19561
44242
72705
84827
1735
95943
70754
3921
31698
1515
80304
37712
79958
1556
29042
40224
67443
40073
63981
4729
91600
40568
23339
55543
48478
70064
53417
67891
98678
36967
22458
28922
3229
98980
81222
8928
56592
3024
11089
93325
49526
36428
20842
34666
89752
53322
95561
82370
193
79348
35564
14684
75277
39747
32166
78992
20903
17162
36349
31670
42526
2862
5242
94730
79056
51382
34483
80978
20334
20113
83632
64418
28984
70655
55202
55172
19726
88672
65791
95155
74503
71046
67697
19330
1402
7774
53644
63482
66813
2229
88025
39429
66674
79418
50799
46663
31186
26111
55610
38369
18839
14583
62036
80079
95716
71146
85699
4621
84544
76994
59266
32230
51370
41194
57167
71479
35165
85911
93327
71282
97738
71000
14164
18104
32088
44202
97744
49566
19856
8539
23986
93615
33062
27421
76315
59919
9010
87617
23614
30256
22074
49022
78938
89819
42963
55795
88059
25480
22250
79320
11498
45274
32783
84328
40631
47839
419
43931
47991
51513
73401
36133
84765
76004
53008
65650
99168
23948
64878
97247
62469
47547
62297
63070
49207
48716
92062
24344
75141
76292
56142
72263
27315
40535
97041
78711
60831
48734
86790
28476
59500
65078
39625
72100
56855
85940
64256
2933
36810
77312
56626
64110
60601
25003
16851
63950
82976
69713
35120
91915
55777
76074
68789
71698
95371
1138
8818
44229
78963
74296
4819
50433
37157
36402
37746
97390
7921
90196
6215
63267
84459
89128
87533
97829
19666
92032
11662
2312
23684
33090
95735
91118
13614
94875
72699
83426
96289
67927
76729
55716
77122
20026
23970
62514
72493
6193
26952
24198
87256
19461
56028
92780
63497
71853
7455
66648
88540
70960
52032
3339
89475
6505
20545
45872
78561
13701
36819
42282
63703
54320
1101
39994
13467
50498
86144
64432
65158
25019
25335
13472
65079
87463
15055
4223
77062
2955
27621
41760
87419
6050
94885
25328
15894
73390
66241
70616
99481
78098
83953
58792
69373
84670
60495
32935
18359
16034
79312
12998
85708
43022
1489
63521
45624
38559
38259
2012
91449
16321
68810
75606
86079
95058
54862
57653
59435
75772
24100
40076
84257
15527
64951
87060
41066
66543
44099
80409
26968
82120
85863
61027
23642
14622
56052
44397
4560
31364
79703
77334
35130
64228
79166
83160
9287
8346
72712
74314
29807
2841
73500
42587
91933
39236
28740
70180
78071
14429
22455
79081
94460
57850
75044
9329
30457
7782
51964
71457
39006
10465
53092
28071
96069
46765
4945
20029
36361
81790
77772
32719
93831
69785
50601
24126
8619
43276
69093
84406
85882
85871
66325
90131
8909
622
82874
77280
89184
69836
52702
1505
56382
1255
35308
19342
49749
45429
46517
45168
34290
8711
33819
96281
36656
89735
85249
24674
7249
50917
709
87180
38688
67557
85574
53134
44140
62961
19162
95447
63891
27665
30844
66524
29087
76266
76336
92576
34477
31258
74377
63190
96759
23925
50115
77170
52052
70044
53474
19173
15372
58199
70031
38266
69127
65522
62817
88824
15680
82173
75202
86788
26267
51070
81276
6624
77866
67295
67193
60390
13398
92672
90197
75990
76540
37519
90421
14762
17441
8403
1081
74095
9486
99988
80074
5691
57634
92577
97397
63565
13449
87511
76896
52303
56056
87588
36923
45689
42648
43491
99304
84757
2850
93084
5774
22699
68002
94040
61726
31608
75100
48054
71383
7276
81091
1106
77301
26278
70995
75585
48990
85288
69897
3627
46940
25886
15776
37893
19933
88951
595
44732
72113
73950
9099
16324
71244
16402
94213
57374
37689
63593
30851
65789
88464
65395
16128
69620
71212
54950
10287
10644
74693
67063
94501
14015
14859
99223
46143
79888
6923
30108
74106
72774
31012
30368
75940
97432
98176
64767
29861
60898
32065
13620
37895
85396
54437
4108
15163
81544
9757
46156
66681
64983
78664
89951
70038
5049
79449
95084
1464
72021
70258
14325
50451
7580
89486
58076
34776
58096
89454
18696
71443
6444
25088
49389
78579
61072
29168
9104
59577
10750
84059
64599
70130
60766
63427
9123
94110
41060
60329
70890
17983
3092
63302
57839
90639
17739
63168
30314
95909
96361
69331
57066
92089
91061
74712
60236
39895
29275
11372
8966
75881
70344
35506
90713
87962
5659
44195
89685
44153
80363
63965
93715
97767
18563
712
68351
43142
67248
58749
60839
97904
98853
13195
63216
41418
26993
72509
79068
86054
3190
69227
64835
29688
51363
95009
47638
67585
72588
69877
84980
73544
73483
86160
15545
32395
75616
59299
73526
90348
6360
17094
72646
70525
50532
11061
77027
57148
72290
49295
60968
33150
65126
3631
40963
11135
99130
64026
46403
23554
53073
766
70554
97370
73769
87294
24420
12692
97649
30820
65802
67693
98983
88719
79693
86096
96581
94309
79156
40301
17981
90490
95294
23293
8908
51829
8418
69852
45197
4410
33265
11589
12896
49971
37274
5594
46540
75275
96756
63238
86641
64335
59499
41469
83492
93275
34167
76406
23937
54867
14554
4820
84870
6102
5573
62583
5471
47260
88461
21939
78875
54567
67495
93239
97555
54213
54797
49011
51445
74098
39556
21305
97553
15917
53660
53646
30990
53825
39801
15633
17662
32011
45914
90330
89856
28445
26718
6793
44398
74690
123
99279
86814
74816
84362
32073
96840
66260
43914
29278
38477
85155
24961
49839
15311
93248
7267
68953
52442
51927
31593
51646
7459
72828
4277
46863
8653
77164
3383
69109
27495
48003
4613
76754
73974
40276
34491
22736
31554
21586
56805
64730
9910
10522
77155
32506
7050
96075
75019
96607
21177
57765
54351
92470
43097
48477
91819
13985
70539
37498
23420
19675
62877
74804
1783
90474
80541
48206
75864
75034
58757
84531
37398
30855
95121
66862
41735
96937
95672
71770
39813
12578
2145
6776
47932
69730
93652
12142
33656
25497
48457
20505
52196
94056
98166
37130
1853
35105
8739
86681
51965
58844
20210
99985
37849
36646
20366
23495
97349
76235
6741
94882
18313
98768
97685
10841
17529
56101
26872
32052
96821
68398
14549
50367
26576
38252
32334
43342
32689
57990
65009
6630
88198
8990
19805
80968
92367
2160
68926
11285
49363
70156
14793
57421
18756
53575
2192
53427
96370
87324
19600
45752
8232
76686
89860
83566
44294
69843
73408
99597
4311
77024
90806
39358
11225
110
6683
9323
78963
16717
18474
15369
87174
15586
82689
26665
53605
57128
31610
73000
36060
78906
46971
45364
38390
19257
98397
11511
19130
36238
36674
22524
28751
69329
6974
72339
79349
75434
46195
18645
46891
92868
74464
79653
68850
4231
58577
92646
93996
63194
29961
87166
38232
407
63537
25405
30052
45441
968
91968
1713
95171
90192
42724
80042
95949
86617
17845
8612
10350
47315
78171
10932
12965
26109
43191
4442
67318
76514
34159
60679
5751
17515
55935
6277
49507
84291
28343
5792
81568
42286
33908
74465
54226
16932
51719
2676
31739
99610
72900
17613
40732
84033
83646
15879
51789
76233
25267
74298
20346
20962
62733
68926
66809
31289
95961
77656
34257
36447
30534
11658
58274
12053
27043
68063
13407
3705
56705
96032
74389
40514
72703
67708
3614
16546
19947
21717
33868
40056
54487
73274
59024
54045
85446
60606
79552
64981
7656
22937
20970
74063
68419
95292
69075
61242
59338
28679
56990
15582
2472
48084
19528
29234
99909
79831
48259
95025
65312
50263
11342
74244
43787
94200
81959
57260
52633
4228
26606
66437
88511
48425
96048
33767
75061
326
72095
77411
98632
42371
57207
91267
64726
18286
37584
6402
53745
29789
54136
5614
12347
84527
99668
57393
11595
46726
30275
74218
13332
11814
8608
55110
2072
90553
27071
54046
52036
85760
54172
99582
7735
70847
96392
22940
93056
20074
9517
25501
56616
75556
3515
22843
50092
20992
54090
3983
48756
38655
22172
28335
70050
97877
64078
86817
33763
2096
89195
74173
91215
83537
54366
67985
75616
54553
97879
41499
88134
76728
64337
91520
37208
4774
17601
37776
8299
85764
5017
81080
36462
23087
5289
13380
63587
25836
29531
9858
6769
9574
89177
90959
30879
35343
34286
73078
21189
35530
47227
95538
23112
12590
15848
72028
74318
30652
91126
65276
80275
26302
78517
47998
97079
8115
37711
68127
78248
40985
4397
49779
25021
88020
34729
78559
87550
73378
60641
1865
70487
44523
16586
72769
38537
9478
57967
23871
7239
33260
39062
32935
34710
64254
29583
80467
31057
41178
93879
22763
97632
66158
94830
80203
31132
97447
70516
35092
77860
37288
84478
939
70011
89261
94788
35752
9715
5748
9460
87600
50147
13839
60888
44987
1922
71462
15069
60767
58437
54262
47502
46371
79498
37877
4232
4329
49692
36382
41636
41090
38961
22874
46011
69950
48782
38123
62924
45448
69466
93831
70752
25308
31718
6279
72615
83793
5270
49843
78280
59670
82377
9749
76655
23598
89786
38106
21441
32133
85028
90459
86059
73332
64111
68370
48638
27273
67828
90938
96204
63799
8538
69621
91301
64605
83510
22194
14653
73218
65261
20439
99058
99849
58101
81966
58713
29212
46219
22412
80163
10676
16681
30790
60419
79006
7771
97419
61197
63347
57641
45342
15965
14332
53638
14481
51132
12755
18448
12049
40087
67592
23452
48223
66872
64589
91401
86210
15230
82144
9656
19426
81053
45415
10774
85528
47118
77747
9201
12294
56834
86090
60996
51305
15577
19918
4474
84725
46210
43620
30834
45957
10763
34169
82325
12571
87223
68458
63917
95830
87604
21560
82189
79052
53691
38215
64288
70549
3558
68109
67362
73384
3553
6154
55215
53996
6595
72146
32646
46953
60114
6675
39999
71609
51310
63698
8662
46884
63089
98202
98304
78660
13829
13371
24689
35273
3901
81944
97614
77361
55629
33924
81166
78100
76258
57449
42404
4609
78954
28328
5976
15077
35811
16964
35715
80928
81560
10579
27741
89992
29552
17404
7459
5356
69805
88701
59554
90182
81464
19941
50094
24650
74531
55284
91324
26190
25509
61899
95351
93860
21294
4053
67929
34761
92225
83227
42848
96865
77656
43761
53712
93321
54202
7622
47809
38224
26464
75810
8295
87556
97895
52222
23145
59012
78233
81325
40545
80527
25640
9524
55419
19661
15228
33880
68697
25498
49475
72698
13130
86578
45853
62688
12525
37702
66228
56773
70447
66909
7474
53099
99726
49698
53603
7794
95965
69072
80908
8917
56527
10900
42681
62321
71225
68131
88341
34051
78093
20322
38925
22310
88749
53765
62679
21717
41702
35206
39696
85442
92783
21460
10877
73636
73052
72540
9798
5721
66058
7433
37914
99624
44589
40558
16171
2230
43896
83532
91463
44394
49361
32177
78679
50125
27984
85163
64349
45960
87018
31885
66091
60759
29376
95466
16133
35066
22
69045
89268
98684
58332
82620
67993
70659
82407
39300
77721
48191
37594
60449
77821
58170
43743
95301
36080
60606
42780
60752
45652
87888
8191
63838
18702
34172
41342
77155
70248
49123
24424
81104
2208
74850
94263
92778
86061
66741
64184
8020
67718
88683
7442
16157
8366
26569
54064
7921
17016
34074
59385
55527
92286
39270
23393
1379
90493
94494
63918
33821
29316
5252
69052
28597
23767
56490
58241
2971
63906
50964
9240
69339
96421
34759
93034
56968
80445
92033
55471
92132
80107
33421
60138
36173
89737
68897
88818
62938
51456
92884
2284
91566
2823
30362
78703
62465
19631
78844
92390
51876
68328
51093
44014
66051
24834
90046
59105
57526
46235
66425
20933
98459
39022
71785
53713
95895
45113
32878
38860
54869
67671
95303
51514
71022
48680
17673
66516
66058
56056
30568
37337
1601
99642
3595
23804
29013
89407
94087
11339
99690
9792
31292
16702
85031
71950
3825
52543
31038
76649
82808
17352
86752
39984
37521
84204
73025
99579
72991
17371
7160
23530
93046
1470
15667
29088
19332
98816
35426
47980
24699
6488
51025
21539
39169
45077
36379
78600
66482
99072
44855
65129
35478
89409
73247
13215
50584
61616
62121
19391
50779
29434
16416
76716
4178
76160
16746
29821
1034
55943
52617
5008
17116
83057
51949
76319
66326
65212
814
92444
47824
94424
33096
73918
72516
42031
88052
3636
28222
2451
78503
57716
36695
16035
97200
95265
90072
74309
17361
63009
28331
6558
77566
10539
46455
39846
48012
52420
37460
96928
46889
85371
60801
69677
71567
56355
96338
42497
4199
62147
88107
13109
1599
98582
77439
94901
68312
1081
85856
56684
86246
92016
47851
37805
64113
41266
16857
22556
27463
32669
94018
35631
66176
31293
55562
93132
96914
67017
44467
40845
98926
47575
70109
55214
74901
15221
4958
78984
33100
51554
71533
46931
66563
80776
10681
54872
37520
22996
5564
30301
39497
73782
15034
71530
68128
52476
46933
70305
43019
84307
97986
1294
56613
45011
57757
38671
21906
92637
62903
48891
36307
37873
89456
75908
61135
47087
69068
85399
20612
690
55611
73917
61453
14166
1347
25144
32540
98579
87085
22425
68288
34652
35964
48792
53567
70239
90317
21552
23018
72009
32965
44882
60093
56672
93993
1624
84325
39125
10394
21041
83408
61533
49693
42329
28695
24069
39841
42447
43664
32613
6131
23327
5551
40478
80603
1655
1908
40663
22341
90896
56769
47515
62381
48602
67725
10728
13824
4780
20173
99722
40818
93414
88184
66043
39017
6754
84959
93635
20096
29497
30397
47869
77888
90404
65878
9637
39331
19614
76069
92338
99715
43662
16783
19498
64271
35892
99151
1090
74603
17966
10244
35060
22274
43941
91795
12716
35142
39507
1461
73848
16696
8273
20566
92844
60498
8899
69627
71976
82724
58087
71397
94209
28711
27835
6
97155
76630
68686
1771
3125
7602
83868
19031
2130
19252
95336
25595
33946
98609
53161
74495
99823
18153
2221
75642
91442
23095
23939
58999
55372
66264
27175
18366
16516
46569
16035
6349
94439
43934
94639
36085
66456
37735
98335
66245
32827
89241
18436
73591
65161
83303
35681
73366
29562
83591
71574
76056
26490
52193
8563
74060
52691
9686
46399
36861
80427
65502
2515
55561
3217
88987
31156
90011
3970
17075
8039
62087
19817
35975
42814
2201
4659
50348
93837
72068
30582
53808
88803
32924
74995
39978
79859
42245
35370
20578
83394
56769
91336
61474
85818
67325
86726
62875
70373
76174
52147
45669
69396
12486
75552
9486
56239
90514
9378
6362
69400
2342
15849
74331
6278
26619
76698
69590
80566
63239
9127
88910
54640
83391
33681
51270
70751
58342
50157
75488
15475
41784
79974
17663
19921
84913
84411
76316
57372
65508
83739
89344
32867
29008
51178
81051
40919
17004
55196
59199
90626
17135
82309
7134
67046
63236
91028
86005
78805
24282
38734
97896
40357
33889
90887
27616
22368
98186
54410
21364
42207
382
12218
15057
79499
19782
56043
25632
32213
52630
10350
53746
3145
90957
84862
98339
59475
72840
50616
56684
93884
98406
97511
33090
26773
85842
48987
98977
38121
23561
58683
42733
62594
33832
16991
90244
4917
67251
27634
47263
7192
65396
53791
26175
13931
84988
94750
49399
49027
92547
68141
49527
47569
97725
27480
43800
2871
79128
88283
93656
70795
57066
87510
8652
93946
67616
91152
69313
73965
94617
93422
92223
45205
3352
49492
28488
44615
71335
19158
41785
91091
99588
49949
45574
55419
9155
95163
64869
6351
73191
87373
25788
78967
33978
76468
50126
77885
45139
32228
46314
93836
25437
75433
54409
99124
75918
4322
44217
48232
98991
99185
31535
59970
46498
2564
71207
7116
41936
53232
84790
72453
26282
62961
774
7244
67633
13255
11227
26884
99365
50602
99475
39107
72843
47949
65654
24154
95540
46449
79501
4833
50946
16636
7360
74006
55838
65818
32468
31413
5261
43010
35949
91906
47438
73861
67553
62475
74659
47165
31490
62662
93095
17332
48867
48389
99709
92427
87126
98549
36910
47052
11575
95486
73731
79957
21506
9646
55601
26767
51405
1814
80786
79813
21623
56355
14653
7569
91669
98982
80395
3179
49495
48374
14958
16838
11737
33613
67769
58970
74296
63410
78692
33919
94503
58208
31434
40462
18174
67480
52354
57907
6874
47891
95759
29676
81875
13281
95709
92512
33736
92140
758
88144
18154
33731
97557
63201
80528
56893
68219
87893
41876
96630
52470
87995
23122
46867
85310
63415
24920
74190
89394
24188
46627
22487
96304
1604
52614
85282
34963
98455
37903
75257
25234
82156
62651
90547
15765
60772
60650
68233
59934
61281
99260
64461
16030
10243
95420
7763
6553
35007
27971
32294
67591
59545
2746
76570
41517
95666
37426
95953
10586
95245
21929
69763
49989
66619
71395
70314
25344
32574
31102
24538
2764
56687
14255
28112
24928
82165
6457
86061
6184
44850
78729
99955
70484
5609
7665
65688
79410
86081
49030
20099
23345
64697
57646
64689
39352
29496
14471
49411
38847
25105
82419
73978
3905
3432
29530
10904
45290
74633
51642
59351
89208
51365
89769
65735
16516
21974
99279
44380
58953
5707
90903
39262
83544
11003
1192
38066
99040
49566
88760
95431
67693
57045
47213
81078
62431
4750
96049
67052
76078
96761
20398
4776
34439
89679
30890
71980
74928
91910
48173
17377
30217
70091
90457
33140
34202
43157
90433
92902
2239
91463
11863
95724
85873
56210
91657
32163
4151
8691
3304
11765
25924
32226
68301
62192
85309
86126
4823
93865
80113
29212
63138
7129
1393
71382
65213
97602
66587
14072
46875
19274
14316
3147
64812
84615
84898
24673
18903
78228
98021
98726
67828
66236
88606
36407
91453
97990
1789
28265
47831
48075
38333
96568
12789
73027
28324
4733
94331
14491
90996
94054
65575
90078
61815
84030
97448
22776
67414
83686
77293
60635
67223
26595
95843
81386
61383
96901
18523
64985
79929
67222
95812
38322
66241
98799
80940
17748
90358
91784
56290
80165
30342
4411
87231
3966
33151
77750
4421
4576
38958
68676
30576
18103
50972
87196
80852
11738
725
31402
11644
31422
86209
29345
34562
23774
98242
27253
23837
63015
3089
79700
32418
75629
27395
97128
30292
62811
39363
91876
48234
83633
92480
13947
26027
11252
36645
77709
87349
79045
17947
69202
17023
58955
80140
24867
93955
997
69849
63457
5724
5898
53912
41405
1486
59257
36258
54947
90707
53843
56903
18040
72374
8848
83168
28011
38942
72262
3318
23309
87128
20532
39903
44792
45067
33886
62677
73462
95489
2528
3173
29295
92962
75906
86151
42336
29720
51074
12461
66769
74993
81698
87002
33506
22141
99907
96828
8174
75787
52128
85925
21692
97678
46539
76329
85192
65995
9120
96337
67599
96579
62796
59458
88179
50670
27608
25078
96467
22696
40831
98290
87867
59801
36548
48316
5429
33529
6396
22651
45160
37058
54503
97674
43360
16602
81480
31616
46422
99577
959
76341
20600
54737
44861
70189
12197
22240
98823
82835
94533
74829
361
85478
34955
53837
98058
61891
61130
98223
70899
51662
59598
86468
51177
30541
42076
65121
16098
71576
69190
95991
78655
96889
21737
64490
77690
33130
14939
66358
36118
83189
34706
23561
28117
70331
36696
69024
62719
89522
18544
19589
70486
48199
28678
49296
16743
34131
3559
14319
28112
47075
6141
27246
13645
98541
96173
3471
63741
70465
76147
64927
46951
94771
62104
87709
16956
36036
58351
80845
93844
73051
2402
26575
53032
49601
25504
30455
68211
72440
47746
43559
29570
619
38246
89042
77047
7459
9915
29575
74157
33225
5283
92253
13375
53616
72637
75715
86094
40968
32340
80706
75780
22714
20475
55060
44673
79566
74214
64044
73037
65717
35259
91300
22718
32588
35357
46331
56525
73061
10661
9496
26121
28775
6687
60618
67768
10148
13200
99416
76963
49789
44361
27242
40099
67040
67778
6856
80144
83185
44369
97481
33244
45870
56538
8440
97965
13982
69535
80786
18258
26306
19190
13033
30307
22844
54584
47005
16026
59856
87292
34524
66365
74798
87081
23248
21356
8017
51201
55677
64809
28500
66187
73339
28691
13179
76251
80251
72236
98247
62653
53785
40613
32413
81157
50657
30598
31327
96935
17255
12455
20773
90830
20287
95892
9845
31116
58446
58789
33290
87083
89948
62781
13857
15977
89758
60119
45850
84341
17127
46592
74333
74768
17778
97203
33507
93910
33951
93641
36423
92649
90028
11082
33945
43222
44036
37670
45899
77447
18846
82063
17805
21461
38946
11164
72705
91003
26756
16436
91399
90538
84747
46986
79807
70663
38121
46005
73052
23084
62385
15935
97164
64804
22365
40640
97054
78865
28835
70634
71941
52087
14219
68402
65495
35063
28786
52871
35822
6613
24498
42503
67153
17515
2242
45885
7901
43042
31274
63282
5100
98030
64618
22814
15062
2911
84899
53001
99096
98305
14109
93839
62168
56121
44495
39311
76318
16345
81491
44743
41876
85250
10183
66438
98586
19881
48781
79648
62561
76479
32738
54012
47591
65552
65534
73910
87469
91405
53340
62583
50164
75784
53775
37516
92503
30659
80335
11032
73019
62930
69567
91556
61550
86530
21405
19850
87847
98179
24228
95180
54130
5250
90439
22617
65567
60097
46247
96615
90587
70585
51842
84913
63004
18907
94579
66091
31475
72666
73934
67927
39546
37748
6628
99631
6912
41181
92461
61060
44147
45684
86062
89289
67177
58159
8453
44913
85345
31157
71948
32406
84411
83719
20445
2434
11088
84653
28552
42642
91950
55313
88375
15180
24244
56300
55634
16381
98622
90808
15704
24385
67635
85187
52468
44902
84522
62552
17735
4844
10454
49666
80746
317
718
41528
83515
55826
17303
4193
88542
22258
12629
49818
69109
88833
57308
70881
65044
10876
2525
92072
46290
94537
15453
47563
64770
99224
31251
75542
17911
48536
66918
23707
32188
42284
74567
88058
14462
82716
72784
99807
99077
94428
2265
93445
11756
17817
16077
63635
87594
13641
97507
6859
2319
18382
3375
86209
84863
53155
76757
84291
24575
41761
86281
40006
55340
88921
17630
26825
14265
69250
56418
82328
38091
2717
92994
51862
92271
22007
35806
46953
83146
67616
87948
4270
51028
60058
21388
13806
38908
88357
3194
61307
5958
88493
75232
57316
8146
62259
38105
22834
187
89252
49369
18343
57222
15179
68768
99601
25387
51513
93938
62856
17348
29804
1145
56958
53812
82011
88978
95282
67533
3823
87917
25907
66056
95111
76370
49598
27485
35677
43715
30011
83902
12972
46766
93894
18247
69604
47048
35849
91289
21786
88418
87394
94419
40338
43959
76153
87347
18273
3503
26135
73281
42823
55300
96363
1334
23461
52287
62110
38809
19170
72116
89709
7797
63926
78954
4375
83038
7251
38711
84208
34962
53129
3992
45746
15404
522
31488
25717
51151
216
62250
9211
32174
17580
56730
41078
57671
50402
92559
94785
17317
84937
97039
72119
49670
98708
79596
30493
61383
39583
93115
80096
79561
19295
91172
20152
38830
9553
80958
812
91973
26569
10959
38593
56919
62904
57535
90216
7195
37875
46703
32635
14692
43926
66890
50024
56089
31872
96076
16696
20925
994
64333
11567
7100
82154
29650
12879
26407
36578
2247
48117
69444
91747
2812
90747
73978
58446
15199
86766
41173
89380
23297
23508
92880
60480
65404
35635
52404
41147
64063
6958
13477
64262
79886
90978
62235
99391
31492
74765
33253
44656
63808
70617
35627
98585
63190
22944
41113
76142
76046
97642
16672
9309
75522
31545
77696
40825
18687
46619
16750
94014
60474
85260
72514
95289
34640
5181
11860
11833
28512
74587
26954
40434
53512
96517
25571
52679
87881
94294
97289
42459
94521
76262
65101
66420
90285
4167
88739
48340
13281
21410
80703
84872
58014
39239
84182
78548
98103
40337
63945
58008
11084
29279
47630
1458
70688
76237
55797
79005
5974
25017
52944
24393
49330
74290
99492
84211
20158
6093
5004
30472
16442
63520
98552
7101
93884
42081
82420
14273
12335
47022
54576
47543
30348
39280
31375
65241
28632
63642
95732
14047
48370
9734
42366
88264
68466
56309
35542
83723
39746
99970
58390
92009
35333
33473
41566
47563
30727
40528
7574
28606
93817
41524
66670
58952
70440
5400
94045
10049
42915
34250
55579
56515
10360
90957
82101
6708
21153
10287
38635
37574
6538
98696
74526
12364
88632
62567
12210
96874
97714
83811
34513
88103
56068
67125
20229
6846
43063
83413
17824
63065
62264
25493
40808
5495
44390
1874
81648
44375
51371
34858
26410
20440
1892
70000
22068
95121
66997
54305
70320
7872
93190
97170
12335
59104
99737
67476
447
43235
70727
75254
63644
37739
92462
75570
75309
81044
57887
69031
67974
86757
80919
67834
45502
62855
57401
14073
86210
86067
45057
25107
39849
88757
13093
9951
69875
65094
13158
81704
5758
76914
1426
38413
73648
76117
71214
88670
27977
26322
94690
41024
37233
97966
86331
83562
26953
25355
51667
49479
1702
85663
81265
14379
98177
45619
35405
74886
24646
82511
5695
10215
67886
76183
63272
91059
85331
42506
94185
69385
91641
68731
86095
59887
91377
4033
87874
41883
2426
29531
82998
44519
13427
63678
80001
20094
95648
87046
40235
28028
40711
96327
64024
45466
20627
84474
73137
61049
34693
95271
98230
84447
31170
82281
57838
32971
99568
21377
23002
94144
57745
93522
72460
95114
99512
61175
96788
4208
96182
43177
95411
98284
2270
66157
28674
95313
4707
40628
39260
6902
30895
26824
7189
7155
31300
98551
13349
31145
5840
47029
20526
74271
64044
46090
70283
47189
23867
68909
45954
59451
87686
68929
64867
91515
99860
99946
82176
65013
53607
62524
28264
58939
82117
16099
63249
30921
86332
65305
63814
961
47826
65642
98367
49152
22651
21139
34240
56180
95873
81484
71446
35797
94674
79808
19216
61966
61956
15674
7294
31354
16375
48335
77538
43315
18765
61587
92153
47945
82841
39362
60857
58562
5095
44993
11624
22043
70561
15714
68864
78720
65706
25995
69139
72122
91078
92466
64264
2309
96882
1283
68964
70657
58010
32459
84585
99491
88104
55052
30387
61063
28986
86295
73339
56511
20627
12884
30702
49681
68183
97173
91404
46242
46810
28574
65648
90379
79196
5416
52237
26298
97323
89844
51062
81558
70397
90199
552
72635
60407
12133
33939
15509
85326
7800
49734
79410
52656
12628
51494
78193
61764
14582
34125
99709
9878
22722
23847
29435
66811
94205
20294
82687
2814
4089
63740
39141
35233
91780
86114
30428
12331
58066
89274
56049
63233
75895
60915
39010
78840
86237
37723
66568
53921
74043
64534
82740
55719
51352
71679
47674
66351
71116
5823
66201
91839
51251
12694
81237
44060
10592
44177
60875
26513
21065
65862
3697
25307
78075
36475
33983
61807
84837
50595
80574
56482
53726
28766
28771
39555
80999
83422
83880
20101
38439
64076
41215
52242
23072
64210
11982
63201
79677
94950
68247
42059
76848
40054
32855
8181
60836
57433
77643
14876
37696
85867
81514
20520
25249
9719
38112
22485
83922
41682
63060
27170
60297
40773
88074
56989
24646
51454
2235
13864
24493
70781
82130
89887
82347
38515
79633
13671
95910
20590
78718
23566
5778
69004
82404
52572
82561
20694
26993
13353
26097
89497
79278
37994
31889
41077
81761
36074
51980
75866
83534
9381
55197
63778
90383
66914
3736
91627
38173
86733
30085
24441
26574
63332
62964
39494
21391
91293
58369
35502
74427
3951
24461
88882
87767
34995
91503
44135
57997
41269
56753
43559
61691
20043
37055
69336
68368
42000
78620
15490
48835
90934
82521
40259
83267
1656
62922
15945
75030
92394
19686
90468
77705
16478
1439
79582
84920
66315
76011
55387
75411
59600
33630
96903
29980
86526
62749
6531
26277
93627
71126
79390
12672
42879
86666
83493
21430
84201
5615
86110
72072
75557
69105
65602
21583
66285
65854
45213
18604
57472
84416
2052
65989
23233
40078
89235
57304
85618
10279
96740
38906
56391
89668
81402
21268
40296
77796
34825
29811
17946
58152
719
60700
89900
83314
99854
90494
68027
75319
63694
20672
17536
87927
68804
9210
69073
13401
89438
2800
97431
26188
35812
73921
8874
47203
15681
85888
87702
44333
81287
88488
31028
15401
657
99320
83697
41352
76088
39918
40224
98740
89276
10298
46584
76068
21370
68464
20863
72191
52195
26894
88357
32025
32380
91757
22340
26797
51825
42697
67633
13965
2791
23693
94032
75205
89643
2134
87269
69484
25513
27720
37313
49519
62576
98690
36912
25513
27336
32806
25832
47217
65024
15510
92137
54392
131
99003
83020
8900
76979
56899
89526
33391
72285
26259
95948
65582
16266
71379
86424
19236
81194
51378
46678
24474
89581
38837
69449
33690
54845
96826
99461
19019
16864
20415
48940
87280
31555
39639
75074
90640
19113
78369
92505
68614
38194
3921
77233
36316
2742
71329
9247
55957
46382
6596
66022
13645
68832
67663
64811
61293
29553
49330
54055
80152
57437
70507
16527
51870
77318
8667
34027
76626
96304
95783
123
2825
58873
78063
86280
85659
61603
33132
30947
83515
87579
43503
72636
10268
54393
35294
18448
63892
74828
13780
61087
69782
24314
12352
11176
67686
87394
25363
58998
94074
37302
32620
59652
50599
6473
63197
54772
90769
81382
79151
99690
96421
18382
70539
92573
13934
97870
6258
97476
42024
90219
70134
1798
82523
34696
30340
78510
46521
66886
18593
98265
36239
74134
36873
46213
54958
83850
22037
3794
91195
80522
27678
82510
95676
14090
64665
51399
53774
19778
97242
69815
81135
27887
16974
3855
67167
30822
77128
15902
76132
84686
8250
23882
62788
80886
63450
22287
81509
24325
37614
30083
75833
2463
6281
61501
62540
87624
6121
68433
70030
78940
24736
26742
69644
48777
17129
8352
57160
33017
79045
24136
6721
6134
27662
6509
72271
3796
19721
14790
50640
42378
69890
29448
82164
67159
93982
78671
21605
55472
41314
79543
24701
8695
45872
97192
59950
81507
54238
14010
63756
55097
65126
48491
45280
13478
23361
69698
74801
99772
89229
58744
67902
91330
17793
27651
9050
95287
44578
2485
54795
38457
86746
1687
91702
99502
99434
98026
60262
30470
46558
90764
49558
5710
51033
95542
77251
21398
84168
68685
43798
24284
3870
21833
66242
82570
11641
33370
90902
18220
88141
64663
36929
51752
59215
25299
68350
63438
56789
45778
14043
25334
9435
44331
53213
98465
9186
62191
40296
22250
50399
87652
11118
75893
58686
30510
34587
64913
35445
9132
87860
66064
7124
42041
42328
81895
53835
97805
46494
25734
27192
13813
64609
38390
54641
18463
14848
59538
68620
67777
73384
49449
93073
68651
67820
488
53544
61035
93066
28705
90712
3437
27993
47656
57917
47979
18210
67393
2002
71317
44630
11380
15697
14562
95058
36586
23043
72727
21251
40223
15662
75048
96292
67667
35748
38411
72990
38472
74221
41839
28351
92799
4739
17789
35022
23754
85819
16952
80473
6661
252
47454
57536
97303
23147
62003
33751
78511
73593
31234
77445
80817
39783
52842
13042
15663
7145
60325
11908
19505
74989
79738
93172
60162
42966
51830
6641
97907
79539
71303
50767
6090
92253
14589
39970
68208
17512
98989
44520
73744
4659
94479
64879
42987
64394
47533
53015
51896
4746
19358
16609
25493
5044
60968
31672
20514
54281
97373
54336
71316
55362
35843
98971
2289
80466
71354
88563
25194
12871
44834
98151
8155
15804
38163
14845
80510
14859
50185
95768
95432
98815
54744
93161
60180
54694
25273
1046
31285
82917
19456
13926
20138
44652
73204
18382
68816
95507
62589
62520
93039
58970
27821
39025
59911
21207
8453
9688
66881
46123
51162
5654
4096
1605
58904
72500
617
42682
38790
47594
55193
70308
57277
42277
93414
30908
78012
63503
42600
19780
46029
85002
52269
87664
2728
36461
70993
15719
33249
38973
46240
15584
34165
85162
31754
13802
9830
18533
85748
703
17765
26133
56716
14994
7327
22731
1692
85544
45610
29003
43194
44950
67088
47100
93
66160
53384
16431
98876
22442
1507
84898
9432
99817
1354
39608
36142
72115
10522
79612
21078
59479
77755
41896
2015
19895
28285
37275
80337
79997
34768
85449
70108
4246
95778
1290
48496
87065
85068
65593
60417
93398
19657
63305
99196
32867
16700
56899
13640
67719
86588
29577
75021
65997
7925
83715
67194
25191
45084
80198
37874
16109
36093
18878
87673
16058
14789
5186
4038
63
91111
49077
87047
44928
19195
27679
39822
14450
42700
69148
3194
71386
23634
12618
93409
5191
10427
4110
96321
12063
34095
23304
41980
4870
27719
44307
57305
778
75631
83138
18077
11514
52861
13576
76607
37510
42530
30092
46802
80245
43892
52744
82491
75936
77003
66488
92475
23475
25468
82482
5630
10678
8865
91974
65968
67807
7097
82176
17209
74888
70374
39043
38818
59561
51070
91680
18524
10058
36011
55899
62660
80334
57308
16075
68170
81350
40813
66043
27866
61231
51831
33829
75310
93148
77507
7398
2649
60886
47608
8800
30412
60353
12883
71914
9871
4849
13926
22929
24865
85323
47963
82417
87464
69569
19821
25296
53370
92789
23804
84617
26993
41054
54310
55978
23056
36544
63733
45669
82054
43672
89031
57638
62449
27210
25487
2307
67450
85394
6204
63321
67424
17883
41177
42542
13267
69414
46365
5740
73327
52211
54028
9859
37082
62990
81806
89357
6042
56905
48857
73326
41116
68256
40875
81193
96292
90324
19967
60253
44082
17514
57845
67976
86585
60482
17193
9110
99876
11767
42710
53642
90178
57992
72342
29843
89644
79171
20556
99459
45404
36129
96264
10545
36536
32877
22205
99168
77008
59984
46250
22942
49446
86112
61658
55813
94365
86051
23273
76599
45797
72695
89481
94275
14195
95214
83148
83124
95914
11031
91549
17120
69768
20508
14848
7953
21249
47300
31439
53708
38277
18025
32102
39892
65516
19767
4195
4066
96333
16529
35477
3592
55897
43956
53662
72708
46647
1989
96349
41322
49728
39080
3254
65976
68434
29129
53174
28938
71263
53705
34563
47065
54612
69565
38321
27772
40593
49588
28758
94427
91019
79081
86790
79384
75553
87957
61223
25811
66846
42139
61305
19260
50950
90117
3979
99196
14770
66125
71457
36387
66593
75257
32802
42627
81965
88412
48980
86332
5634
25889
32115
97058
73230
1922
50303
70647
52290
23869
90422
80477
67906
27362
62092
29124
92400
15302
96114
64495
65585
39124
13001
74467
78131
92371
27834
15761
46278
44163
97418
87141
38976
74891
20177
40956
10024
64246
46029
49028
39814
33332
46906
90901
75703
90979
68480
39230
13164
3678
50227
66662
92298
84484
20746
66509
12888
57648
18927
80859
74087
34541
24368
8127
26450
3281
41500
93015
7185
21136
19099
28154
69273
47086
24681
32253
92218
22099
98763
87151
23890
88603
2597
42600
93935
30756
94842
54492
54145
53667
28067
52375
45318
65170
74940
5272
8963
38779
64451
72422
49478
75465
32045
92028
84578
22073
97389
45211
59803
88492
74291
90788
58884
31775
56969
85484
31943
81768
14191
95694
8438
87008
38870
53518
93068
66724
82835
4103
72145
19408
23289
53439
57648
26341
37672
48424
56557
10569
58021
71862
33366
49631
94688
65652
79375
37278
93491
13543
8200
89456
73329
27195
24587
68756
63983
62470
36595
78527
98959
17854
39237
93286
73065
40395
65202
20852
33140
32542
94103
8544
28926
21374
23746
42328
62327
58807
92320
73217
74142
55790
73232
69292
95902
82689
46079
96093
28851
88891
62358
75202
11829
78030
11610
40166
32625
40080
76565
54292
449
58522
4138
60948
19439
99656
60529
51954
3448
82259
6429
5176
70149
63378
4384
43168
44621
69945
97383
90376
94316
69108
92001
44249
70184
18900
96715
50896
9763
83580
9703
22247
82242
38027
72767
15619
51652
12284
49852
96246
22159
94124
92645
46591
82462
57182
5052
48451
73645
68441
95544
62679
42696
86188
59976
31340
66521
59889
90763
538
2940
9633
42190
19868
72556
84182
22933
32122
90610
88765
91516
32337
20093
1137
68216
191
76463
45409
61786
13002
13848
48264
77250
41322
88035
47024
79550
96053
78050
41427
49098
91763
21520
49313
93305
12525
51933
72776
74035
98280
34248
72930
57841
84880
76924
63207
42585
41558
17971
59785
54876
21111
98102
77760
86690
54676
32382
868
31833
25531
4631
26879
54071
49182
39667
99753
10816
70780
7832
55691
48258
3687
71374
63506
78754
40918
90423
92370
64397
24828
4438
37992
78081
18265
86550
27986
93661
43759
62623
38628
80142
51065
40942
48503
93648
7368
18858
8658
45213
77171
52390
71805
33726
62280
11527
51189
49736
34595
99006
45772
64253
40011
36470
7005
21093
66638
48798
35806
62632
11680
6092
67056
8157
69203
75548
97192
62744
22871
69857
71386
22059
81765
47157
87226
72437
32632
4266
15801
6738
35361
78249
59065
44753
16850
74375
40130
14594
33937
27410
27010
58570
83052
46026
33532
71078
85333
63648
64522
86732
14334
88444
26865
64737
27620
23712
82488
92854
49244
34567
88460
62372
32996
29067
27270
33430
47026
22303
91306
94828
35417
82598
28807
95460
42847
12815
39007
35738
13625
16147
87103
68984
39744
29068
92404
46917
51384
94328
17132
93138
91886
47276
65350
99369
38949
64637
25573
53984
18755
102
24052
63029
72342
69693
51315
31735
59637
31404
21889
14804
84704
46749
79229
33096
47464
19475
22628
3928
36663
80353
82046
52698
5170
98167
2941
88140
17248
29437
56511
78210
87242
85023
16983
13522
92095
24073
96641
70050
77753
60668
87279
19979
72438
2328
8434
45137
68047
32253
51905
19473
42008
21645
17320
38401
18056
71353
57859
74175
66751
63174
14487
30200
74893
43679
27562
99681
29765
65706
41000
23390
22833
52577
26174
75995
93074
62066
80259
2842
89733
57804
20092
84994
77531
37037
36201
65597
67702
78582
95466
20741
66214
22466
3299
14578
46180
57079
45085
28759
74766
8752
15371
2341
91253
28515
96639
89430
95470
41325
45327
55989
91094
55016
84441
8947
43082
29493
52668
37856
7477
61964
31978
51183
70240
20258
57175
367
49278
11596
29815
35994
16981
51499
28076
80980
42432
17751
93740
49015
40397
46770
70126
26377
33254
39476
29647
11197
38025
94351
71496
16686
4411
7229
21282
12801
76773
64188
32101
70995
71340
96272
40152
83874
11509
9333
39008
39595
26940
3461
66515
25330
35753
3652
97458
60707
91838
5601
17928
30763
90611
45977
62342
54926
40099
13128
31583
9751
30217
15274
4206
78243
85650
22745
77675
44124
6618
86252
14867
23921
468
90051
84257
34563
27836
46165
80933
758
9770
60575
20962
71172
46259
1337
80383
25362
33930
85225
43774
98381
77749
29256
9378
11666
99254
88271
39680
13007
25977
53333
54088
5586
90733
94007
30295
559
61720
27778
27090
93934
32195
30824
99981
69642
94311
33034
31984
84312
42361
52313
10194
21393
42477
16486
46171
71211
80673
72591
35308
39565
6484
67925
74781
56436
6486
15376
80438
52251
71041
79823
63642
6152
58135
49840
66185
46925
29275
39736
17354
66220
56286
55367
70645
73663
43139
32695
63108
74247
47835
59084
19886
89129
92469
87524
87449
64269
56043
43544
63155
78935
52595
79732
13271
62537
88670
4041
63257
92637
50300
99246
41935
40937
55236
69088
83279
51117
97279
1117
13297
73790
52267
6190
4416
11957
59937
74513
13682
70610
62390
1916
90881
85731
76580
38419
13625
76553
42096
8107
84993
39097
69437
70471
23947
48589
17148
78949
33892
23381
4245
36331
66989
54925
30247
89365
26667
46404
75316
1313
2600
14157
90359
92647
30246
48383
8365
56204
64356
16817
55462
6725
9021
89171
16124
74199
4353
81796
82243
55827
94809
80987
40620
90300
66364
26058
34926
35955
55484
87215
11752
67220
1237
40782
5507
70835
48738
76790
40225
75563
40224
60943
14592
17075
67918
97520
27310
77818
38801
56047
85012
44870
64161
19489
6504
21613
73537
58
26282
4187
13457
72409
720
77141
5065
88242
5487
68238
83664
45288
25461
27563
41571
6680
15602
33865
66395
23545
22382
68844
98748
57108
97153
99436
2203
66881
3059
81747
34277
83894
97298
48679
50507
36037
62106
67814
60223
37450
12010
79676
92032
59072
94153
93513
30585
57448
3299
57481
3886
72639
55217
49991
77676
57438
5439
56348
75255
1283
74938
38183
85183
23740
33961
99770
47990
76781
77056
5533
44573
47788
73641
28944
11535
42706
76811
39675
62955
3640
68850
44754
63581
45577
77861
61637
28676
47306
71003
93068
30598
5757
92559
58940
62511
73826
94492
68292
25110
94382
45522
53804
80392
97765
12907
56098
98997
26273
38456
34970
80626
65763
93393
71614
32432
30184
74602
39605
45878
72323
71094
683
5778
83987
74935
38816
55228
14701
66432
37708
48213
8519
14564
68572
58118
15046
64361
65815
32670
21762
62639
2402
8849
36033
12441
64834
12363
20944
26507
32327
99224
54887
22413
52787
23288
44838
48025
96405
22830
74090
869
84296
59840
747
86756
72107
51198
24821
13496
17385
65823
8786
6934
24115
9683
68691
91834
69745
71545
10101
26453
34284
88193
34105
38484
93326
86105
61777
45283
13279
67021
67955
42985
58580
20893
78343
42562
8101
49276
40334
13635
87542
7448
9122
66504
90438
47952
98297
43104
54596
53004
78280
24859
12729
47637
66585
96102
25735
62263
93430
86001
89421
79537
217
50364
97867
65800
48354
3222
31339
26129
83732
20468
31211
96465
38910
26836
79071
67601
48046
45374
87808
18672
90686
60275
88740
43096
30256
10942
54307
82240
16826
45838
55846
54333
24214
8004
7231
58757
68636
24637
99597
95074
11764
28467
69271
57811
93648
16264
8726
39749
17030
58134
14216
48056
98193
70748
88850
39941
61623
54771
35544
37411
48914
49098
9302
37893
64622
76878
72250
30906
19605
20314
98964
23408
45776
92733
6908
62219
91003
30928
49448
13992
2216
14558
65209
58691
31621
7790
56140
53466
19153
67289
97133
13865
89093
62186
46160
62665
19164
31378
93189
16770
44013
77820
20144
96716
59170
90807
2279
5459
63840
26631
48938
30695
5323
21551
35195
34356
83889
50610
6271
56831
20737
18784
11752
52316
23180
85099
34315
83590
46573
44242
43054
59625
37739
32677
69978
24395
94414
68493
99521
40814
5510
50680
89625
92522
18350
66438
8542
67541
26990
11803
78776
68553
25106
36357
96032
25228
66067
67827
73536
74070
56491
18689
58886
19598
83576
89313
92956
72645
51573
10799
39941
15396
51088
65457
51321
70057
29159
19230
33965
56742
76556
66774
56599
34769
65465
74500
34519
1381
36645
44749
58327
26586
94956
25450
84322
86821
91793
70027
8945
29036
73482
35896
15968
16190
71862
63380
17465
59648
85036
25974
96069
46837
33862
16793
97513
89717
62089
24117
54132
9076
54794
91574
35999
6823
52472
13355
20439
25637
81135
64499
78264
59131
10284
4928
83259
40660
50806
40409
62906
2084
57035
74870
16344
10671
48680
11490
92724
78163
27937
94604
24731
67675
15894
99869
74242
81907
99897
9144
63718
58507
42941
91827
78513
20536
47709
36937
36553
28933
33534
56853
38911
21680
61210
52047
52040
79923
75229
25328
58142
40981
20630
42276
97700
86530
39768
10589
43237
10415
30686
1351
40762
41661
76691
4399
59143
65208
96357
95808
62961
11742
74936
63790
44628
71083
55693
3051
6464
63846
47828
94318
6678
74569
51001
22736
37876
665
94126
91982
80768
37120
93700
26138
98246
32182
16091
97249
44988
56811
92904
86832
83566
79421
62366
46400
66045
56839
97647
26617
30837
36716
4124
79390
62586
36368
94673
66193
90659
53954
66523
58477
71082
4374
15040
25841
18041
48798
65543
12446
54992
58443
58062
49653
70942
60996
10751
27256
12202
4601
56691
81036
3018
67508
61145
44052
32995
14309
63551
61878
37508
49897
6590
91034
90287
34426
15749
79191
64381
36525
28358
17246
91296
85200
71625
72393
78653
54471
8448
1589
25616
67416
53991
86058
97263
85486
55459
3574
43229
70987
92845
3732
85246
3665
74938
5094
51853
67028
59365
36515
45246
31560
62875
75677
76242
39444
89740
17817
95882
88751
65398
78524
5860
61962
36262
70091
95906
20532
93770
4801
78967
12175
35962
93393
43679
24626
32000
87631
10262
66530
20540
11624
95105
71933
56343
94055
4541
78313
9815
57819
95746
37641
7691
54477
5589
14321
97871
23284
67402
4846
9188
31321
73257
54564
57547
33070
95598
69482
31998
51616
7443
2109
7555
29352
68211
53773
83419
33927
5619
42206
65550
17592
10716
35951
9054
41325
4484
81484
87804
29358
26754
8716
20228
5415
57341
89219
38366
40541
14385
23272
98457
35058
46315
58198
50375
93636
30085
78339
86266
51815
30901
63944
17665
25195
39295
91596
20604
37306
45509
16222
28586
14113
81678
2639
24862
98727
81880
2139
72010
78992
15407
42877
19541
82346
43748
30492
71277
52517
85575
15418
11240
26145
95218
35988
98456
62809
91051
95032
66120
65745
68614
1060
95031
98163
94685
84343
53380
43675
33336
51648
11755
27945
6328
7273
36408
88024
44402
35318
81446
8803
20318
68086
51730
30091
4981
2440
18895
45689
4183
62052
7676
86848
36019
6264
10377
14346
47846
21378
87660
59405
77111
27601
19181
33927
3662
83294
19816
87944
99580
10432
18407
55732
13585
57316
45426
528
49329
64940
93181
92244
65448
7690
39492
71284
43971
24907
91926
64
96896
22061
40177
23024
47657
22041
31691
92717
48905
17803
26429
21687
82624
30951
46108
93750
43645
51943
73262
78703
60837
9849
65017
82905
28196
95416
93956
69421
88108
47896
89955
78754
91368
19752
91048
77519
70254
95382
8075
91543
25624
52709
51622
31526
38510
71494
9620
34497
61582
45741
27639
92028
51645
13222
39226
87047
57044
57272
94827
52241
28085
62270
4608
1009
27847
47674
30318
62872
39903
68588
23496
48262
43868
81718
53078
8128
58226
33490
44394
56702
85795
59459
7838
42366
20257
97927
27109
78145
80525
4001
20475
12982
554
55834
63458
63354
48100
50613
3678
90836
41175
46748
94594
92993
22245
79376
48160
69926
60144
31098
28820
23553
12877
38125
66445
68625
54431
62242
80751
29920
20565
52173
82346
35902
48113
10514
47708
88034
18259
89724
60027
7613
29812
53558
15527
39046
64865
14845
20121
40881
49766
57182
18001
49426
75180
96922
105
62428
89388
94832
8922
85858
69862
73758
70270
89001
64401
58692
44879
11731
31667
60126
51667
70420
71070
21206
93741
59318
22598
27398
3760
39586
42121
39870
80153
63383
34172
32920
60721
51191
10409
85279
98645
23426
80801
74169
37751
56053
83288
26525
74645
6173
69965
8390
9213
89640
5515
47580
78355
53974
3181
40787
39830
61989
91072
69335
43736
29992
93604
6886
54829
31481
97970
93688
1322
46388
61480
28240
89618
96900
83455
37687
76029
96073
52753
97587
69621
33730
30656
90512
57868
86591
54564
6747
48009
69622
45448
36656
32354
11466
30432
7759
62448
76402
71695
43163
8202
76276
7068
62825
28160
77274
57962
81454
70518
65493
64757
43757
9235
93485
99714
10006
99335
3091
49018
68238
76916
91223
45679
31699
939
24823
95886
78152
66468
75695
75238
99627
24377
9590
89385
93344
26662
67831
62352
80593
28628
73109
36228
82515
4864
1691
27421
38869
11751
20426
8423
59356
27384
3456
66246
16978
30597
75368
61885
3336
81388
79810
14986
94822
90255
65130
19379
99645
4099
6369
83343
31504
40739
68424
39610
3807
54995
63163
26835
99248
97402
57016
66400
46041
67272
15881
72242
20921
43343
72406
62747
51294
5945
59016
99205
48818
58123
41405
92260
39733
82311
27775
34769
5382
37083
76919
18617
58959
63846
62439
61983
67433
48532
62636
5933
24371
13409
68945
27550
74373
92887
98458
56302
31693
43621
32048
25558
81723
69219
90791
45684
13589
70902
87102
16937
69626
22247
61018
8957
90352
97263
13282
57074
80903
10422
95313
2762
43309
53082
74833
35408
89177
13855
17886
46845
83852
71473
3075
61760
5035
51360
36894
89740
73054
16755
48394
96531
61430
45699
36307
2124
52391
59988
37197
77109
79604
41384
75398
21270
48308
29285
82249
28641
94385
55382
56506
99733
53015
40256
33084
98153
19171
99258
3921
38991
60369
23541
84020
64148
62028
98782
41332
97609
16775
72709
83017
29189
76657
40777
67240
42468
96075
81804
13452
75750
69111
8253
95355
17671
60248
48661
43515
21174
12614
38153
82952
53132
56066
98205
16740
56062
57363
11249
59242
49525
87953
84639
11866
21676
72365
27317
23075
12238
73015
90616
2077
37367
85806
28171
69880
52116
28186
66348
3899
13367
55266
20158
84994
78621
89756
29885
73122
78452
24036
11177
85104
84825
22561
63926
87796
84471
96387
73678
45306
32931
25585
31277
48158
21998
36075
45585
67326
27894
28325
64624
27876
91015
7350
45875
94259
67795
99644
33244
31919
42480
54194
44623
88201
61837
5511
17252
14805
21879
40375
85409
55728
54508
21042
70968
87781
23989
71999
62996
42545
44171
62558
45228
50127
59412
83301
94089
77475
76685
69667
20001
84826
63142
41758
2826
78736
80961
43075
86321
16486
18823
30779
45447
87519
42915
8895
73367
69972
36381
58094
70269
95795
36648
90699
87748
79921
8966
94496
28788
78535
11422
39777
38119
52212
20373
582
92586
12749
18215
92232
6819
80913
85678
46510
23722
13392
17111
57708
7211
50517
9933
24116
41094
18591
99397
24205
48178
72443
54010
22904
69769
86465
14287
7785
5063
79046
92659
93234
67145
42333
16308
60618
51756
44149
51274
89356
10117
90137
66977
74355
62810
51258
87285
78270
68602
87306
98683
19528
52814
96168
52404
20143
58738
95311
22462
20354
66626
77892
41446
44675
20732
23876
90562
64878
34208
49315
72359
96944
67317
10041
14087
58040
5465
79654
60093
18511
99180
36016
39183
17757
80362
73131
40419
70977
89928
96165
1879
56445
21686
30919
22729
32224
48691
22301
53622
38933
60695
22406
44061
19286
14946
1738
52211
42773
82080
94363
14677
79083
35217
3950
21173
30609
38709
23688
64312
47601
83456
19584
74949
38043
47435
15914
75258
36397
87311
81862
9349
83164
26032
21160
57815
76773
91954
19896
2811
78624
20920
97646
88896
95564
81487
22795
21227
17735
9745
92120
93515
25002
57988
6021
55477
41111
47457
6018
71850
99032
26479
15813
55461
218
85014
31513
53051
14057
46135
44400
38654
18813
20877
85688
26681
85809
30687
79384
56555
24640
94686
57522
26651
95191
88347
84347
25175
20010
65682
16704
29316
85936
48045
3779
52144
5106
42185
88678
10550
49974
69743
7170
71600
65345
53465
74702
4124
72300
79339
69667
10423
68072
49462
47210
4345
68957
89162
60270
11870
667
6337
33041
48374
29430
15084
52718
70767
17098
33543
21575
43624
42008
68834
6581
54896
87516
85921
61305
41725
13645
80222
52875
40670
96015
6280
61243
36473
835
99433
83187
15943
81915
76808
9882
43636
36702
58795
42169
50261
746
3934
87026
38757
57764
26043
68414
99237
42880
92313
16829
83035
27856
18544
98225
20445
53462
92370
52359
23149
53840
16245
69931
17664
50355
5631
61708
65200
58952
62944
18194
28721
43752
11044
40979
9710
93195
14118
82906
69971
37866
62005
93592
8522
82603
152
88086
63371
78583
89437
90174
44332
6435
19019
96420
84501
34003
69361
88401
52133
64334
3214
40285
79936
74118
88108
39283
16812
77565
88514
27249
39343
9464
82387
85283
91835
22652
61409
35060
50203
17544
98337
86617
69514
72770
73862
22285
24732
14624
56477
75707
23833
25716
30772
5636
34651
21720
13656
34403
94495
60869
71274
85806
90068
62187
50831
34868
24047
33735
4585
61849
72593
34300
38198
34588
65997
16596
70770
7165
256
65822
14550
2187
21087
12807
3416
13626
78691
76751
50631
70114
8995
27005
40565
89333
46270
12531
96549
7327
21939
38994
98238
90996
10039
94628
3113
89532
87518
96184
39639
18055
50949
6490
34147
28672
46318
69087
64718
77260
58771
37204
56177
47296
83104
34470
52853
45588
93735
48864
88318
53465
20047
63443
85226
61262
67584
23554
92147
26459
9694
13883
26108
82506
37111
32576
19165
2504
92858
11892
43015
77182
47812
19288
48556
84734
82817
50941
7892
75569
41774
57525
95797
38653
7865
86173
98007
87505
21264
72885
61088
22764
76939
38259
67566
44887
11096
73670
10185
50527
15304
50349
52730
81843
5849
11135
5653
759
14887
492
78445
16642
15661
16578
84684
52168
18086
87454
74640
50937
34569
31659
81240
19972
50804
20250
243
9553
51721
3668
73638
9146
40756
57365
60264
91425
4794
13954
32804
96730
80520
97247
72618
20771
94440
44445
7102
60360
53575
15397
26801
23641
99029
59247
15957
83645
69108
32757
31039
85598
10891
96099
49038
11218
26854
69298
75886
58296
56313
93258
47374
4132
54650
77910
70416
37321
59041
60469
25532
6358
13148
39882
55978
36323
76867
49996
10117
81509
41407
76619
22317
72037
82914
47205
85838
84420
48209
61399
93917
25141
68558
48805
4047
60316
68023
22668
68991
21119
88830
78636
24603
8639
7224
24680
72450
71009
40121
12714
34351
76858
59181
94377
16889
79694
70941
75336
21217
7444
92071
85996
89112
97641
66551
390
37799
64342
35835
95662
68300
54198
81004
88997
92678
62771
52015
13678
64812
58234
74755
14829
44298
35495
27048
17059
65960
74181
31916
24353
89374
92687
1451
61547
29047
2834
89523
26962
42087
6834
86880
8108
35173
44459
44414
80152
95853
70183
1698
54118
27678
57263
10523
62982
32689
77242
41697
53617
70593
49491
34430
63617
32425
11482
6287
75612
52747
19457
59950
89844
73247
25053
71590
57978
71354
66646
79655
99839
91080
46895
21205
95777
72483
77798
96674
32110
82163
38468
28857
51805
61137
35906
56368
92595
72404
23262
75682
23691
38172
68801
27404
76396
10233
11853
80870
2624
85673
52545
91628
66042
97586
41857
62536
23698
28286
38653
91134
54627
14807
74176
93449
14279
90599
8144
28707
37340
68685
78994
85574
48091
90964
55964
61666
22279
19490
44809
85543
60629
96927
94050
46437
29617
46839
62815
54219
19279
73370
32670
64309
33751
32127
21054
8884
63995
75351
13125
85797
2088
83146
43529
33939
6678
66971
43536
75077
41621
80190
40256
4207
83476
53109
30505
57699
20757
27739
63831
67439
27784
53925
9428
63970
36014
14684
51822
15963
69909
47080
97671
46927
6365
59012
83455
77483
53397
60110
39758
62646
3302
87737
12597
39088
33113
28462
80833
80641
1622
63355
88126
36256
11520
45685
58013
48163
73717
79559
97924
91994
15148
27573
5168
94541
82519
93329
97841
24464
69654
53022
4301
60647
87980
1185
64137
40046
41327
70340
30856
7551
33851
71181
14341
6554
58953
61414
35407
60680
998
35292
3765
73838
62185
47764
47497
75729
82568
18055
56568
39784
30621
56368
10987
48600
59053
27479
48276
10334
81548
17966
6835
3377
48702
90373
58142
43967
13231
98613
35588
21104
57922
37160
23465
34362
49256
30463
98461
40215
53687
88407
57478
23272
13771
91072
76930
77483
60193
65740
47501
31473
13138
25072
79132
83032
28456
387
25136
71812
89622
3530
62497
83955
82467
35463
81862
93460
32902
76625
99343
28590
29018
8060
56646
93140
60488
83563
89605
57630
13442
80659
83773
47491
51112
4114
7966
32849
58028
40432
5905
48869
5327
26649
50593
50157
25909
73522
40804
78308
9210
83469
44581
83568
66396
18910
2455
5077
68426
85991
22544
44893
10781
67505
58369
8963
19756
15006
32842
78352
27497
49013
35432
92469
70720
50474
23263
2368
57467
6489
67231
86965
42758
11297
48419
29973
36078
205
81094
32201
1659
2888
64422
72036
17888
61011
38088
37821
68280
41630
30400
10903
40680
62451
50810
60197
48037
52111
12848
15922
95647
87
47610
61937
18759
35579
2135
99483
19086
28396
72885
19551
33911
640
76693
24609
84590
63395
74581
9708
12386
85441
34088
15837
76088
56328
46284
80306
60487
88222
81935
83966
87356
65172
36554
1572
55278
2485
53276
82308
58876
38604
18735
39883
68745
10849
76991
40039
85758
26201
75607
84641
77530
3139
3536
10205
65998
31772
85848
62431
89294
21828
38996
30863
46460
88918
32194
68739
64086
75120
69330
82104
10118
92273
50832
73781
66706
94204
47092
65239
79337
6244
94547
34286
12615
97294
6436
84217
61635
26348
35573
23505
16636
90845
93013
37047
99608
87871
93423
79826
78654
8252
75953
10638
56870
93502
74522
85257
52307
29754
43499
71794
84680
20609
83094
83049
27280
