57333
26529
92496
22412
34004
12415
12543
91561
1659
93982
31007
34468
86931
13007
42182
16609
13618
12876
11129
43331
69717
42328
53419
83552
55385
77325
92648
17623
64572
65054
24624
44231
43374
34274
93136
6533
83650
81854
597
44991
47715
97981
72091
50971
11759
54462
27383
57294
16288
26676
87532
16843
4034
95720
39611
15005
73109
8943
67026
56678
19766
94920
26988
36605
69357
86775
91094
52657
19870
35648
32958
31764
12278
66138
95616
71736
70236
2447
71793
923
49942
35353
1334
37896
77522
7780
40197
47653
94662
78131
33423
74707
14827
43918
25225
52794
70992
35486
81614
24983
63368
74726
37423
80639
93718
55767
4565
37896
103
67875
44768
70662
37150
66103
6735
84412
93586
89092
59082
61576
46578
43440
57994
41739
2225
58251
16936
68359
40912
42821
743
34749
20833
46810
37555
75216
97930
20694
44177
21755
3215
2300
47550
26787
33362
62761
37557
48724
37183
40812
59208
81899
76404
20037
78404
19927
16731
95683
78414
35466
38830
36205
96983
57281
67131
10019
49828
90339
28548
31519
86482
72891
44914
37327
58361
44278
95890
31207
8377
39463
20694
68212
31176
100
83613
18843
58345
795
68405
17627
58484
2246
42279
8710
82924
67009
5316
90268
59655
23343
12932
47217
20176
5663
54330
86317
36985
39076
61676
34126
24037
85524
87306
38950
14772
70618
5029
96883
73668
48287
51673
49033
21933
10920
73035
84236
30611
36203
54402
91351
38961
5622
71551
85033
26531
73476
48035
25513
45769
97295
81858
19268
39119
34279
93590
72959
14939
3329
93938
12306
61980
8432
16599
11367
71669
63899
25283
9255
32627
70094
55705
781
84674
70324
95164
18415
13973
2272
12419
41295
22582
79515
51113
76372
66429
32405
9913
87653
17330
75
69296
27282
42265
42096
29371
30529
89022
60183
13364
62631
48193
38780
92885
75675
41590
81077
34594
68795
39115
75175
58986
12666
90909
52642
89724
82465
57318
40226
44938
39264
53985
37629
91925
32552
797
28422
58515
42577
40953
64634
29392
53789
88908
49787
93102
83802
86629
75438
34782
85351
97811
41118
48538
42155
41088
56629
36373
89623
52372
46905
73210
48796
15244
74099
8646
10563
46854
60333
74878
13167
22562
92016
27842
74480
45782
5197
23758
41121
59539
5921
95835
81880
5443
59587
41453
12867
89091
49769
91463
44167
92049
68891
90205
94047
91424
80595
38545
14808
41141
82538
36947
26296
559
21614
62789
5794
13275
74057
96372
35891
32871
95251
30083
46450
51070
91330
43352
55657
32646
95778
21472
97084
68869
30710
21118
53670
1810
33795
83056
65187
66651
8949
99980
77001
68974
69538
81320
83829
96798
35658
99591
15034
53397
55571
11296
96798
38808
43755
42976
94
37243
82888
82162
45363
61066
39862
57426
69849
496
9118
3983
79480
91000
31185
69239
23921
95270
53082
77476
81532
10009
59523
58858
96988
96186
6438
43687
13297
19414
24320
14862
58055
90818
82962
27943
83763
26787
54617
15935
29111
12111
11471
83332
87679
31674
20110
24033
22211
86332
87374
1527
85725
66279
61444
90084
77719
24029
85174
49176
54627
96175
44129
50435
76176
94256
45928
88662
8037
3241
85476
97134
40653
37147
48364
69420
98537
76190
71179
65313
76075
82404
21475
26965
32039
22792
29136
91776
29374
92877
50223
59734
41613
5440
61307
32936
67982
61036
7156
93422
85746
31448
15996
18970
855
90239
60873
48578
17914
92024
91546
1529
52849
19860
73100
72223
74699
17163
18395
53383
65120
54151
59288
15159
53017
25742
55521
35213
75840
15427
1437
37501
69034
77757
79567
44627
66408
2505
26110
41799
61919
80557
73861
37349
1330
48694
6884
21752
32339
89083
58237
50819
42640
53772
28301
31594
72160
836
65952
75113
34718
25660
72738
2487
90586
54045
32495
75092
40292
28473
5815
72194
91053
76595
91464
84563
80290
21938
13828
4323
18858
33768
2873
86756
57190
50618
94860
15261
49455
47973
72467
65571
36552
50997
7081
36258
7819
71374
46763
47285
16199
31791
81459
3866
83268
86042
59766
66045
62307
43738
51304
50221
87007
61629
56254
950
22786
85982
45296
39968
59184
17233
25636
92319
56005
40243
35641
40055
69514
55206
76743
8915
75174
66543
88124
87066
52308
99006
3488
71147
90852
28815
52953
5717
96669
22245
78564
74923
94742
6130
13471
21837
26077
6795
88100
98965
6155
89140
47860
43024
50401
19710
96531
7101
66994
42388
75046
20464
73505
69188
48642
23780
82493
74148
49115
30369
64280
19919
95650
33759
61679
60718
45313
63383
41734
54906
82837
68379
78442
89159
80911
63168
51145
60463
20746
71142
32283
45851
38722
54280
47198
58100
1417
25554
57488
89691
39343
51929
57679
57731
34684
86236
93489
14101
81345
89682
74396
33147
65367
12088
59550
6667
42021
84346
88276
85474
72634
22030
53401
77973
98085
18428
81196
41370
86560
3578
59300
19759
5895
52043
15563
30908
10699
20710
54474
94675
69678
37044
79117
31064
96745
99136
80484
26634
94730
40531
16078
17071
37277
72013
17057
17312
98527
79706
59645
16256
5039
52119
27540
77766
30381
54637
27251
13323
96525
28641
95967
21310
29872
93601
15795
35589
42913
22337
81227
98949
37943
54562
46639
46029
87500
42229
82482
33882
34985
98250
32381
30993
61065
38217
89635
17559
9504
1350
683
42108
71884
67160
30108
66088
44563
94767
87199
43675
56218
81468
74399
76189
98478
60696
78312
50477
5479
81510
90266
88151
72155
93369
78338
98274
96260
64973
60245
91654
3966
98235
26084
41562
21654
39119
27064
70783
24453
80551
1465
92732
55030
38806
77664
53517
23851
56191
32515
368
59905
39157
12080
27993
11084
12531
69953
78515
88822
31833
69827
79589
34521
95545
39709
57982
55383
32836
54535
59359
33632
7529
26024
24927
80045
97533
33121
33348
15705
24820
74423
40069
32458
59877
31748
64808
86155
98090
30478
9122
69165
48549
81960
92619
10724
21875
58210
59485
99097
19682
98134
91014
1655
73155
66736
52375
13133
87153
47948
13550
79409
36604
62809
64002
57410
29758
47131
74644
63796
74900
71826
57292
2358
45412
90193
85082
25569
33404
14203
58169
39323
73636
34251
96023
26686
83409
38413
59302
93140
79373
51674
99002
50142
16928
29713
32560
85739
17958
35209
80965
74744
83566
95689
24196
47855
40842
88655
56243
82962
81653
26806
79728
72950
89779
74226
5773
2353
66786
37315
74000
91344
87828
81504
84423
23225
72824
7150
85430
15699
57632
99343
7610
98195
33237
83425
55757
77947
10054
48168
85844
94754
82170
76340
11486
52566
71945
26052
60363
42701
23939
30207
18953
80642
61208
89620
86916
2061
11266
970
75030
33691
3224
40543
25329
82310
19196
81533
39712
6353
18469
27825
92299
18618
51471
79245
9174
11487
70017
31856
51280
46772
46786
42729
91759
27425
80389
26967
36986
43616
96508
53695
66681
9083
73137
52152
91529
41626
51010
29175
33370
90412
86339
54009
24231
96113
37907
335
29170
81963
80446
75428
32044
79409
49690
28258
86905
60495
48783
97904
1921
92228
44546
96096
9844
64774
61144
83216
45481
99319
87716
67547
60477
40841
98486
60867
60432
92777
18497
95645
89517
80054
97797
55023
63170
21080
21651
87271
59392
44878
65246
31033
92843
53106
27254
41142
45866
90243
44164
59457
34969
54691
54853
29850
94246
12898
14951
91202
80923
88823
67825
94127
41997
53137
8386
21866
94430
89522
32925
88764
43123
73872
23823
602
34072
56682
74704
7370
13587
57344
15001
70189
48612
59040
60676
34826
25200
67946
60777
50271
6129
30449
6348
70568
77052
71118
89035
39705
44719
5388
46711
56343
57317
55400
16333
61096
30867
54251
95778
37563
38194
7580
77614
23578
73822
97636
45515
82957
92461
73560
96665
26484
28745
82654
82634
12673
67523
53254
23550
62953
67646
34998
62650
8199
10632
58658
12871
93212
42706
99580
3958
70949
72168
23213
12076
98549
52834
82769
96746
79415
25603
6078
47244
71159
8722
20226
27597
74663
72765
3660
93572
77613
30701
32824
69916
3195
44929
69415
12945
15163
84765
52302
40250
92881
69602
25716
54316
5532
70577
84085
59839
84753
56507
44134
37350
61568
87754
91491
99476
90406
31061
38208
20447
39046
6007
26344
40248
39344
53296
8881
53619
83418
69824
81583
94650
73301
65828
54362
1556
83005
65910
22064
4085
88679
43820
8818
21105
86566
95474
8348
15440
53437
69938
22539
84102
46557
31854
1203
86873
43257
85468
14972
52236
61696
30466
76420
14929
74924
49483
64048
95739
33391
89935
16470
24496
8996
34122
31767
95225
97188
5239
53681
43870
44947
93440
181
13479
47284
97480
48093
41446
64624
67489
58298
97537
50937
69828
42389
58213
67399
93888
46180
37083
31425
12608
82049
63502
53467
98043
75105
12434
87
5977
89684
38018
31786
71102
7289
68256
30284
62941
67645
77444
1390
22601
31115
65902
31636
18933
73558
39168
91732
73554
27826
3299
59058
16598
12444
32338
11390
36679
60011
49241
22374
35658
41359
58646
77804
20280
65751
79835
62539
74132
27929
4458
26243
68736
35693
8823
81493
16146
31865
34534
24485
35937
20701
26533
78151
86384
78959
15188
58657
74950
56865
93604
2929
18404
55069
65731
81242
72468
88098
11356
53182
93722
76629
17600
45624
23367
77056
90322
80904
3620
50845
95244
4813
25476
24755
86437
14956
14826
80495
91419
41320
50562
21177
87588
17267
34324
1529
7838
13666
69961
27581
9025
28048
20509
81352
30762
59307
3101
80908
54784
9328
88637
34283
55037
24105
61621
88791
77452
93648
68632
50774
66416
91973
96678
70036
2619
72544
89040
333
11300
21837
69217
76655
10942
76039
41819
67195
84304
44124
93993
27129
11854
33917
25710
82091
52682
16278
66140
63483
55645
45532
24077
14190
45034
19186
61165
17052
31370
50472
78733
58217
70266
2768
69607
32947
40110
11982
23340
78998
82285
94425
4487
33328
99655
41502
38920
32498
66262
14587
17354
86341
6404
25557
44687
65767
97760
55027
31620
91756
14873
24767
35825
33831
65391
35775
56863
9086
64309
92763
41980
40699
92937
87142
81198
61219
41045
90749
14534
3532
80266
28667
50789
16783
33118
92391
51813
44709
58081
3840
35186
85083
80361
31584
64124
57517
58600
70655
67937
63880
84638
29833
68188
73498
72606
76654
93404
19261
44359
83467
24721
7011
40492
28088
11489
86206
73978
19042
712
72999
83961
12154
51005
60469
57576
56897
60337
61352
23017
23680
2619
70390
22811
50654
18893
50432
60479
77291
44176
56464
98987
32551
349
74613
79118
28175
44590
52273
20095
77918
83539
39558
69942
94937
79918
72484
78828
7718
15922
15709
16316
32051
96244
20678
80848
54331
84199
89837
9194
61056
25726
96687
74865
44248
74011
51409
11804
76391
81351
29400
12306
8063
41257
45098
40141
63060
447
27874
70735
46409
71604
52760
61368
28466
40147
66936
36307
79671
93764
24786
43976
54753
43079
59038
52192
86852
64692
25694
20925
28508
60679
2437
26366
86521
3403
8252
90794
51145
80536
17788
53884
56324
19102
62785
89452
72965
35318
46398
4100
7075
15102
32133
82626
56565
85424
57553
64984
82219
92906
53289
98367
74753
6948
42226
85729
69166
26393
74847
25063
31895
76142
85162
99134
75976
70901
87651
35650
80294
69585
79226
51534
18293
21593
13850
13406
28546
19810
69801
1097
45850
43268
8574
58238
27247
19420
79131
49376
76875
77056
20285
46572
60470
21335
72205
30933
29939
32998
6650
85663
97772
21902
84689
12633
13680
1755
80073
53160
93098
28819
57182
49356
56592
73750
79213
88627
67567
26923
71887
56556
91770
38275
58775
3238
49299
32654
91063
96958
49387
82916
83466
95548
13159
84138
3324
23948
58578
95941
44557
25492
39346
25971
56278
48055
19873
70929
89980
86719
42121
83578
63366
3016
61111
50094
93893
59497
63126
81451
63333
81026
10691
83115
3772
10182
45353
61634
36196
72453
70426
55265
30048
71625
82365
46395
17209
65799
81996
10720
83364
78370
42673
4343
54836
65809
19549
80450
34436
63065
90245
43827
60821
77126
32608
63531
14800
56231
22198
46096
2702
58239
34732
17526
16293
86856
53529
91740
20650
14716
32884
28094
77500
52406
98087
84963
38352
6347
28278
37963
90632
64902
27197
73130
82208
26598
94443
52922
39017
18834
31594
60978
43600
35900
8018
25124
43638
25147
88050
67980
12279
27808
59799
19720
30181
62151
66326
8415
79039
47644
25178
8452
27952
84235
55463
37799
31042
61601
35318
89694
92412
607
52723
1816
83121
71905
84493
41599
44388
72962
41324
13205
18297
60297
25683
62823
5102
7476
42949
20056
60272
86028
73882
91372
93656
23141
33026
59364
80436
70218
94082
82036
89829
98355
75568
11671
75085
57983
36599
58276
77657
24726
64027
6076
6320
11973
90155
67654
58551
92640
32696
23566
18652
15261
29422
6383
26725
61350
8159
59979
38879
25129
61162
74169
78880
59288
23375
19942
84729
14012
87737
47119
70876
84672
42399
35545
22001
67805
85052
81682
32986
65371
812
87796
37521
70515
63383
74568
68932
69184
84946
13734
49823
76619
19396
52528
63563
89857
27196
47031
88597
70212
82924
44539
4902
85577
52689
33979
72861
93877
84382
58919
76298
26476
26993
73508
24316
73366
36647
8364
95904
48807
51009
15545
29065
74003
97295
94257
65276
89871
71981
32143
40609
38021
93085
62773
82446
56273
82893
51944
17826
29403
1706
75055
84802
26027
37436
23346
49626
45888
28211
90196
53209
18831
51126
39789
19203
67379
15473
30899
88282
58432
68703
82990
21895
52238
18310
38277
33391
64219
91061
68043
90473
84703
90538
66501
47100
75954
30743
3038
36567
73948
44631
19387
61660
81784
78933
21777
86894
53295
43570
15067
40799
51993
63661
59394
60700
18716
53160
32563
7716
99158
89955
85406
54827
60167
99723
68506
28293
84625
92688
43249
36635
12435
94332
14334
13801
49315
21329
40110
73304
96533
51382
80095
20648
75994
27244
38480
21041
31144
5800
28384
22793
98179
95321
37408
83992
59224
64560
1492
82061
10427
93483
2269
60606
321
78431
28363
57661
49327
45593
11384
97386
13049
59259
11183
47776
9859
64757
78833
32923
61242
47464
97148
78824
64304
20455
38456
17113
56924
30341
54576
84755
19837
58049
62877
3049
49113
19489
20327
97562
98880
80819
71713
85551
94416
30997
9744
38920
84138
89632
74132
94466
85727
68569
20818
62962
96334
23444
96302
79865
39975
11250
736
18986
91016
26628
77549
55000
96382
8134
98662
90370
44430
81270
34042
80423
75751
11597
84408
33306
10711
99536
32975
67291
56208
60110
99028
51267
37230
99914
6714
25668
23187
40461
57587
87629
80082
52727
94535
67787
53448
54743
42538
76004
90969
83761
50036
4456
34526
40395
87211
84737
39035
62995
69154
40439
78275
33444
62778
30906
27600
26281
17770
96467
1419
72994
67183
3968
23683
46413
340
23024
17062
16621
79858
55967
56997
56971
76322
72446
10074
94571
16741
96834
12703
21976
86632
60191
71306
17148
9354
46637
89949
63629
40186
27166
36973
46071
74584
17975
16578
46067
80773
88113
40054
64186
67675
22414
83136
13187
83441
21304
57122
90331
20832
33028
9540
20935
83763
79442
86361
6991
32661
6534
37058
53703
33075
53433
76434
52692
18993
10926
82386
58347
55868
64006
13798
28627
56780
48516
54301
64218
77055
58118
33707
88050
89515
99617
42796
7157
17626
16038
62307
95141
31613
9586
13405
74238
51054
86351
31111
14241
45979
30444
94194
72514
38917
98774
34463
56825
19230
80912
64155
35246
25141
22142
29936
74543
72827
49008
64187
33457
10636
69277
35065
2954
48618
87245
26733
46281
50600
39560
77573
70428
17404
40060
18238
46610
63924
61192
49132
90740
65154
85971
87927
36714
51883
27061
70000
9470
79649
38862
1410
2046
22163
97654
3605
76702
95378
91239
23895
51672
72040
88181
6225
79669
3339
93726
17841
85080
3904
83325
10618
11635
99876
73447
68303
24665
81349
98351
51071
21557
17244
17262
66631
11737
38149
75526
48265
19750
36454
41535
51232
72684
37296
97459
18700
76972
79746
8257
33374
58156
9219
84919
5566
96324
28243
89775
2170
48716
29351
78940
95353
97027
40168
2338
34427
54777
21549
94487
41519
27812
45461
98090
48626
62368
32093
37934
74338
2416
54746
91330
44919
73091
64976
92914
12337
32324
11696
70307
83493
48374
73356
99549
90399
57514
46182
54205
32515
34958
63031
63922
55423
85258
66737
5562
12695
11129
36293
43197
64231
90309
15436
99754
93969
38021
34020
22261
32050
47253
90000
2103
43081
51242
10993
93145
54455
45911
7691
91111
16186
77888
5418
39379
39384
90824
35906
59660
6353
59414
80219
1208
96031
68498
6076
93184
32937
73602
5579
52378
23493
23920
22154
85262
44957
60928
20840
4181
74265
73592
51106
66783
3437
45182
27011
86343
84890
76057
60369
3144
2114
74360
15908
72636
67034
88792
6071
74582
45166
17809
60207
80853
40332
55313
67617
92265
55733
20156
94422
78455
69984
31725
85395
32761
8307
13435
97770
50849
41486
19732
8293
56880
13232
2435
50263
49133
8012
49518
18228
56165
54857
46257
59015
56455
13384
70253
26451
48124
77564
34746
30609
64734
81634
81914
33160
70389
88965
83146
64329
53598
91021
55222
33096
25433
9516
3327
67620
37896
5049
18484
84252
6215
1928
38256
23598
23726
72710
28939
19376
38053
86983
49646
73284
6740
89123
43558
75245
31318
69275
79874
60168
24865
85189
64629
65143
99634
13161
33581
46939
10057
2633
88555
43074
59080
50493
24394
62806
43377
58315
9433
97678
60025
63769
26275
66615
41375
81938
26355
36310
65957
28081
36301
68621
25174
58316
59386
21025
37299
73113
23963
10565
39128
81999
9319
35420
98428
6571
14203
56246
64728
80751
31867
73002
59842
82195
142
61096
58913
98013
23768
17696
86805
97271
80982
81975
66331
19933
17900
764
91107
3368
25507
70264
34351
98867
58550
78025
54450
90855
68186
34803
67734
70109
71581
85205
96214
63299
8779
42978
58173
98290
62112
39285
49344
6267
23759
41856
1017
27344
69088
78495
88671
13439
65139
61359
55244
61602
38650
60974
23645
22117
6645
68057
29827
88965
49961
16696
25690
95776
85761
3032
11154
74921
42590
92816
41256
86222
20920
28084
75107
16693
77007
27105
21767
89691
46132
54295
4969
10222
29961
34611
24648
47804
19333
36056
91644
94054
9457
60379
56306
7063
16166
5241
41583
66056
67340
13749
70848
72322
20103
69021
40682
10566
85866
6951
45109
79540
46290
40136
42833
95666
11727
15468
65814
51149
78383
63350
55587
6534
1171
47201
76764
60541
71778
68044
527
71766
85522
55710
22350
32382
83446
32646
90118
60940
93929
14081
61937
12381
90947
12104
47764
69321
17545
60639
95336
698
39426
90433
87672
3990
58161
64313
71150
72901
92256
80140
38788
17821
6424
73343
94018
90579
17785
10450
12219
79080
25349
4874
57220
64301
1412
43206
15587
89067
99437
7443
42995
11138
72708
99829
32339
95088
68038
18360
74220
19133
61495
17217
68683
13788
75293
44115
5957
17604
18086
57184
51536
7095
48420
16255
75349
34552
33212
23370
2578
14955
48726
82083
73464
84813
37145
27650
45113
6595
41003
98929
22541
99424
36230
93086
17584
8131
36191
43432
89008
57296
37248
97983
70981
42252
55907
35900
62717
56452
24479
97786
61875
44667
15782
59264
70406
79412
43753
83870
76642
47643
99002
99362
76600
19156
34643
52111
70864
55334
98671
67217
98361
89780
34362
45281
77707
50742
11102
31211
28905
1245
64932
88660
82115
43216
37054
77873
83642
76966
22679
38172
64378
52321
66790
41365
58293
37885
21383
51824
7609
3795
65035
7383
57781
57262
99425
72095
10305
70500
81556
19664
68310
12541
54964
75397
82710
10342
17247
33383
82102
56769
68469
93898
32654
60499
2838
46039
22990
92997
86988
39822
29359
59277
23602
25109
36209
57548
30878
24852
43791
64958
67568
13141
95409
3015
69861
51837
97356
91392
58654
47951
20637
88000
69721
50839
35326
71137
74729
97282
54424
53385
49104
17308
83512
41734
90304
9032
88939
29854
39188
25162
79463
92395
89592
17143
89201
55327
98488
29639
90637
51001
48683
31597
34342
39037
19184
41359
89555
72763
89783
65071
82819
33596
70427
90405
15854
50260
29629
53675
12710
60828
62897
67502
52204
33491
68488
28242
98407
52578
61637
79999
72648
45089
6644
3423
4702
17506
82965
44474
22549
48944
19477
16176
40071
74116
42343
45866
21967
99186
1289
38941
25697
44813
16928
29808
88103
81180
79393
851
70549
90942
42951
36977
11125
9783
92422
37729
26951
67004
85702
98347
67294
85154
31125
63765
41351
46721
27431
78087
91148
22621
6275
99221
51288
22696
54301
27835
28160
76836
15319
23522
38113
82114
73925
31607
5993
82499
5051
30287
81694
4613
18914
54962
13484
2942
71646
40543
13688
53162
88456
41382
53749
1305
9702
47927
84666
43730
85688
88429
55482
64587
9568
50115
51685
62180
60233
85180
11228
99517
57772
58851
41670
97144
96393
86535
3706
51312
85737
48346
51049
13758
14147
74998
88379
73936
69772
36807
72411
25998
46940
62263
96811
16622
74804
17106
95044
68799
3277
51303
42708
86465
29314
14170
95390
29604
99712
56605
4912
23167
44221
33354
57993
37342
37379
41724
50439
34570
61736
77748
92407
23426
12768
85230
52577
95509
62040
25047
22339
79286
91490
34907
48035
34433
5637
64583
84443
99977
79607
58774
74224
13167
31895
49244
81776
13586
4269
59468
79242
33080
66667
60474
7062
25528
58896
19282
73697
44083
61592
99881
67564
74664
34265
25625
31677
9313
85319
23559
31704
72795
57280
50462
54963
2961
3523
79239
91530
63524
3453
38991
91239
2571
45805
89259
12619
31016
27844
22506
75537
86355
90886
40360
38384
79726
91210
99560
78901
6269
17567
72463
28267
80710
27764
6447
75799
16204
5511
4100
22005
79656
27751
10172
40629
22601
8642
64992
28859
45006
13006
660
81469
62812
48022
45348
81908
16920
12077
75237
11751
3963
338
85261
45956
30990
10724
10528
74807
39357
13459
96414
25505
23743
501
95881
58603
80713
99730
15783
71083
26217
70700
33895
93263
16906
90994
65454
32687
82415
24539
58879
4126
30273
92349
18041
79317
42490
64216
9639
11877
98113
90185
89501
31547
16591
75155
57725
62311
52141
86744
1194
17190
96294
4153
85533
33263
66443
91997
29050
39996
45269
77841
92391
14818
54580
92288
95231
31394
82459
16563
16113
16497
90090
3905
72970
36032
81198
2347
76672
41750
33268
3143
80546
95670
23344
41688
7832
26120
6815
84778
12874
50493
35165
69642
66607
20272
97793
74683
76966
24303
79924
26330
79851
35577
70631
84696
27099
92388
31182
49500
52064
64095
15325
87299
6727
42126
97294
96720
91473
12891
84455
69110
24579
97681
3688
65620
81331
20448
37298
52698
38239
6514
25381
52369
61825
6938
23291
44968
25039
38647
14589
15443
94938
57314
32713
48779
35168
47866
62915
24481
22977
1072
83209
64074
39847
10814
1750
82169
31889
5011
3365
6651
55090
78484
11261
45549
38713
62955
25473
99789
18834
52325
71681
52826
98302
69012
74171
67264
64967
54909
30452
33465
57533
12816
29720
37166
23305
61306
12521
51011
5187
41121
13079
20027
35282
7937
60353
16454
46053
87164
10065
72212
22392
63125
5646
70652
29391
30383
65772
70835
36642
34485
17202
76979
74559
69899
49118
42273
48763
74094
22244
77407
50434
74462
94601
77713
39245
51653
17544
90364
8659
57717
21211
77803
44843
58239
11073
94407
7170
59068
7774
92921
95534
41686
14368
70701
23919
36099
45468
65382
58819
18079
67690
71958
64919
32658
21778
47929
68524
27933
31406
77738
12839
75407
62176
78924
13273
39398
32136
16319
58825
54711
35103
89695
66320
29322
81872
8747
60093
23899
53793
3145
6184
52161
31545
90579
90027
49253
12884
12185
36461
63143
25882
79236
27661
30036
80082
20126
79510
35444
57427
84521
3963
29149
6557
4108
82975
77994
5637
35597
50785
13030
87835
44624
74140
28260
71553
60677
43862
71596
88897
64020
26513
19951
79857
95681
28828
55867
62034
36283
49239
61746
29237
24649
66471
69271
99182
77035
45603
27436
7603
12032
43615
77287
61399
23431
75308
81257
5096
99400
58483
19404
76264
7913
46546
93407
58007
84012
49291
10875
75279
27108
15960
69354
86357
89039
83793
63186
78153
4868
29078
94517
15074
16425
63992
76864
20404
49226
58551
56426
20373
47571
50770
62633
77800
29834
85481
21323
78102
73064
11264
15170
27744
34728
52157
80494
96071
74261
90929
72360
39637
12121
3104
228
70322
63966
4330
59839
43920
69682
73002
8780
25460
92864
90501
27708
76338
53327
91554
56522
3557
62470
85083
5089
93603
13908
66773
80345
64268
83497
80792
46143
58296
86190
16789
8251
44466
50542
92311
13834
25504
25642
77402
8420
61
2483
89709
34879
44226
24448
4156
42744
82706
34407
68802
77167
27038
98014
6624
56413
97192
23985
95571
60422
88889
26859
50484
39270
76075
82250
83241
25795
61016
77720
31018
77915
85067
76663
5028
91120
24198
31893
36118
39819
79341
38048
63436
23889
17388
39621
81213
46451
43918
35897
16641
1518
30070
16979
19530
73201
51999
50439
58803
61976
41207
78361
81728
4986
3389
90886
92099
50375
92986
15503
32215
65298
87866
55752
81081
50841
63423
26594
21882
36454
1036
36789
81877
25118
61079
29499
47845
68087
57132
31826
39121
73759
73090
74142
98612
980
56320
58449
20500
26501
47521
30837
53465
28414
3682
51342
13652
74318
35898
68689
9778
25404
28557
22348
60939
4417
96483
56609
43907
73889
43041
24012
93243
61160
76382
58455
92208
13724
57140
80101
94520
4973
6094
95380
88932
70199
83324
53463
21436
9736
15846
73526
32189
88442
22047
13716
45202
50741
13202
94194
4496
99710
14542
46610
83460
23509
37594
92304
52031
45226
59133
99928
17178
55796
74168
4805
19310
33176
33416
90740
21092
43020
35173
34170
58042
69514
91822
4800
39112
62666
13252
41466
522
62945
75605
94810
90431
59483
11920
65423
32605
91019
1431
76209
50603
15918
56348
76393
14273
17242
94406
12026
17325
22461
73102
61476
64537
80371
88568
13945
31686
32793
53192
89365
31973
17667
99405
54233
80191
79358
14374
59827
21255
67992
58134
30072
41588
58963
83567
42123
13166
15429
90526
21869
68260
1226
24141
78060
89843
14129
30272
10059
70915
97975
33736
99811
37827
12066
44235
32935
16512
2114
96201
34915
2868
34579
90770
49332
64327
43029
19887
5574
96804
46444
778
16257
42266
31322
21105
30747
93526
21345
64390
66062
49086
4314
88911
23280
34256
58322
92245
29522
14727
50631
25610
11051
19227
55611
19001
33680
10456
74808
13733
46813
94241
24698
13255
24470
97196
17478
57545
6505
90961
13488
39409
95167
37724
30139
85829
98553
45667
67490
15076
6004
50784
90365
90846
46172
20833
89727
97029
86655
12320
87424
20290
18718
7612
17576
71820
24387
91059
64441
26084
16777
777
85740
38561
1239
11222
30443
73327
89088
69782
20447
88013
42966
59731
7728
96029
3876
33852
67083
3637
7469
20449
70889
94184
3536
93197
20691
87554
20147
58318
61441
7494
81226
41406
98298
5226
65044
51804
89606
34949
90389
16400
7941
16872
91873
99410
77324
58986
99883
21547
67944
90535
23976
60803
18614
96328
29887
91555
35024
8041
90531
42889
53179
30770
8340
12953
6787
1560
61432
2502
30984
52072
44245
32133
13247
91069
12507
54016
2310
4126
15873
61704
87670
98600
90374
70906
83518
20422
22791
1970
75338
73488
16779
81565
44418
47500
63221
77170
8531
78919
92622
75764
97553
97381
90562
15871
46289
91842
47556
27545
83820
75870
89244
30897
92167
28826
55218
54578
40395
37434
29435
86365
78769
59462
27163
57496
35292
62680
87714
65746
27847
35336
45484
23391
11503
40109
64150
90289
8037
74502
24616
91675
72866
95245
18149
99467
84243
85881
89397
15592
92282
8642
36775
71097
49483
6257
96994
38091
70217
33066
80578
83609
4127
81809
99697
48483
30386
65853
19394
52058
64675
64928
46541
65893
12818
37760
13499
83523
41312
27696
73253
49410
73282
72122
73464
19205
98561
74387
73907
5246
43114
26059
20071
74971
93923
41006
87547
91056
95547
69665
69081
18389
66487
37338
50916
27353
62100
70881
58278
11723
92758
13471
96778
42521
59813
31168
10327
32005
8345
80491
49922
55998
91945
14147
8944
38616
44856
71570
71969
71811
50213
22442
87976
71646
58614
54863
82922
35943
21206
46110
57105
27679
16109
62184
12488
29643
29280
77550
15157
62755
30679
55542
82711
15055
19743
13083
26444
52340
28394
12300
82496
90530
98912
86466
61510
70315
25495
25132
83906
4949
48245
74383
10798
62234
23386
22242
39889
29761
1659
79301
9335
67306
56412
9213
41132
94670
39730
72920
51902
45531
28418
30582
7548
8906
63613
66574
28767
29642
674
42172
4148
4148
93644
10207
14510
56296
44743
20476
91668
97501
73194
96683
50681
49093
2964
15190
34118
89698
45334
66839
30585
52574
73229
38374
76531
17662
66834
1892
98621
56812
93474
10246
29086
59486
75153
5187
73661
46204
94703
84836
49927
19253
81251
54401
72337
31735
79901
58455
5941
48422
32456
39068
84307
33834
11587
51573
30918
55269
33676
96847
89461
42850
21855
34856
4027
62947
67596
91194
73940
97776
41529
87913
94995
60498
16912
11331
71322
18827
66037
44795
37761
8379
95951
50198
24356
54405
25938
95252
47899
23579
74268
18391
12527
97855
95374
7076
97398
46395
50374
9389
64139
88706
84514
8164
6893
44542
44073
23809
16922
255
80250
12091
89232
88881
59086
81082
46899
71656
10500
49621
37009
72344
43295
50361
23508
23137
75386
97139
65124
9835
13933
24926
68453
56648
80656
49055
23865
87786
43305
79813
10331
2129
78329
47644
43328
62177
29159
23646
38769
14292
60176
25741
35895
752
72380
91794
45411
34152
84656
83755
69156
46933
58685
7086
86322
55323
43637
32584
8224
10030
57216
59113
28350
30686
39289
34879
94014
95651
7032
61330
93978
51739
58370
50831
49658
88191
89031
67701
84267
88861
3644
89712
3129
59550
10657
63398
43443
71243
61321
88004
18540
96575
15421
28738
57075
1063
97390
5208
61462
37500
97780
49759
27120
23326
89776
17416
88563
7853
57427
98130
66292
75935
48316
19362
6386
67504
55984
68800
20029
75891
91436
22771
34329
19027
42789
97402
36318
29631
93756
48595
90800
83822
6238
46766
91081
53884
62591
79803
69773
93241
74834
35590
13815
63190
21712
42605
48258
96058
22352
89570
45079
28590
85179
85571
46064
75008
15430
8092
80536
92374
81097
58932
14096
8831
7330
82469
69696
1549
28281
52501
4912
76181
99027
26787
1056
55845
8955
71138
97314
184
49144
40259
7278
4185
3516
62210
98642
20667
702
16072
38453
54498
99266
77399
12143
15902
21493
4983
55860
39243
72908
46709
67777
69850
84658
68898
29563
58391
84514
90218
66053
44291
10778
80351
43230
40838
51653
9911
5315
45120
83826
49028
847
12208
14048
50413
76914
21627
14644
85154
34352
3972
15278
58071
27276
2434
72482
37428
19527
34618
32647
40251
36153
10483
50019
94161
43720
18915
34169
71305
64249
11581
99668
10739
55416
23879
45862
55568
55802
34244
91983
7935
43747
99360
55866
62081
29013
52706
53075
40795
68356
14225
90384
70697
12473
43575
12875
90363
62189
19886
6692
57999
87458
43339
20905
22770
4303
4538
2655
3396
56572
16913
81625
85282
42634
24711
96503
36792
54617
87938
65148
91014
65839
93373
2949
50023
21197
28971
98266
11840
11004
55498
93378
35916
27552
33984
20476
408
78455
33095
57777
24474
50050
49678
84222
51442
32600
5101
28062
87761
47072
76082
35746
74251
54737
15678
92159
94084
40389
70881
1573
75332
6272
90814
92392
1073
23535
45708
57730
8649
4235
96094
58337
21521
30160
40673
40963
16160
9150
51506
17423
16095
908
10504
64768
34921
19752
19127
81179
11873
41825
26391
60018
7573
31522
82444
18202
59236
57286
83149
27907
86891
47371
19412
83525
50977
17745
14224
44090
14063
74714
75998
84933
88883
53457
85477
74423
95768
26045
57471
81321
4408
64529
45856
66824
77844
36076
50763
89999
47716
22471
81726
58874
26001
23599
30532
68724
81496
26978
13791
17175
5527
75036
67115
37158
65826
41457
71135
54116
46045
8020
22434
33190
99815
1827
23499
22361
1514
52587
5681
14900
66981
24225
96374
91592
92987
17124
58932
65283
22925
16752
92927
68789
12254
40295
75793
29372
97414
8697
997
36386
64940
96647
43954
39695
37
48536
59059
24174
100
8170
67209
28908
21296
98890
50194
81302
78661
75522
44171
48702
82525
5851
31190
29292
15093
53644
20936
59519
26033
94127
24947
92817
51589
69295
49959
70334
80270
56679
91555
44451
58064
34757
65183
14754
49543
64019
47492
13363
90100
94491
50710
21891
64526
52295
53861
59089
65456
14661
24602
46392
27599
99539
98140
5972
83223
74392
77318
52001
48930
79860
1031
21981
83967
99719
90638
47767
40668
16436
79749
51073
6152
7573
69418
31542
43416
3055
28290
99294
15434
90870
4877
65609
32077
45162
16852
58524
36616
59210
31531
75150
86700
95490
64432
10240
93459
28729
37924
64807
61657
6093
18421
49020
34912
73528
40240
20025
30121
66598
62556
80168
46101
78023
36567
58059
74982
35422
89904
38804
82867
32113
11150
81457
84904
4598
64372
10661
43141
59178
38082
14687
65130
63483
37637
9340
72449
55856
30696
58548
4922
96826
28403
70018
96653
51362
29049
8677
58922
6372
35257
58036
38824
99119
81940
29543
94942
36963
64115
30313
9155
29578
76884
70943
28516
47869
15037
82618
40386
27226
85610
19126
4725
31355
33882
86040
3709
41132
84803
33542
75549
55695
51739
36768
23920
80045
75862
66011
81543
8093
14398
35486
91741
382
49393
75344
19941
57460
41501
48784
36324
46431
68291
31695
20762
16131
53311
7469
65237
95899
25834
53809
52159
30573
54764
53460
77839
40116
47022
48470
72007
49026
1074
32292
12828
50123
27384
4342
81962
58538
66099
46248
99631
36019
97217
29118
87404
20043
16006
7788
26734
68393
774
85644
82259
60588
83326
61168
45618
95932
97505
79825
10438
93031
76777
87298
45356
35999
18867
70638
88747
48968
25506
6698
29800
79585
54178
16140
33356
25646
66056
57795
24110
39233
21735
3613
48252
15430
50032
52239
66797
66216
58724
86029
61032
86273
35810
6599
59241
9918
83761
51404
1176
45367
19041
77765
42886
94075
55843
2674
6410
67185
27811
19971
29876
39709
55715
71204
71295
73163
39045
29926
85966
66627
3841
22530
90244
39476
45665
43526
43774
47578
56899
23437
41884
14651
56619
78742
20191
43970
60727
54177
59586
47358
45829
99611
38404
38752
56153
21323
30558
64606
35303
86077
70873
53835
65438
34548
41526
96511
87521
3409
48409
12317
58900
58831
10286
4374
78087
15225
83089
76972
51012
27325
12436
84868
70339
38608
20798
4230
84125
51491
83323
24342
12967
79167
12274
70821
52564
88048
49212
22071
37216
23680
56448
57318
5768
47268
88457
86997
89324
34030
60665
40928
38233
53586
13593
7978
73641
86004
83496
26829
13750
37296
12385
36030
20085
24066
99349
79732
46556
39465
51810
90038
66012
61018
39756
27332
70877
55117
79100
23070
50150
33801
14905
50095
90825
42395
86108
59381
65574
4296
97179
66559
4552
22383
8321
99920
11294
20417
37232
81701
47918
8725
40440
49859
82219
70627
74916
77215
13830
86261
37101
18523
6904
60425
76678
79948
22390
62290
45204
77690
37958
39968
14158
42260
42285
85251
85485
43628
52697
39835
16037
50459
17885
97398
75151
41425
93361
65045
67875
20198
67479
8892
45551
79312
67195
78655
59654
44127
45704
28372
77529
49003
75213
59541
43742
7950
94567
98179
7574
96968
85141
31287
24518
73994
70223
86641
638
9505
85273
35253
86587
57344
94415
25005
10211
29065
94417
34845
75065
63629
25596
41358
97924
24324
62306
67033
75246
58343
53656
67201
46858
95181
57471
70906
35057
36191
84374
71557
9088
80553
78017
50148
58853
10450
41784
20184
54588
50207
49330
14677
13533
59721
23114
43944
71372
43783
33362
193
11688
3189
11395
42294
55849
18072
88395
91406
99873
23508
89948
74019
44690
22860
25756
94511
85612
75447
82504
87473
82539
42121
12445
25038
9013
38978
53668
87136
72066
13526
99533
91273
2828
84180
59869
5898
69157
35722
94299
40781
22055
50378
20311
31079
60259
75310
69986
90672
33964
28602
58332
95924
61279
45889
17654
69566
90744
86357
33281
16871
64403
1258
19339
86346
23974
98674
71190
60510
62991
19857
25353
49890
81148
41722
65418
32161
21810
81365
64779
33702
68991
62995
53171
43464
55194
3609
29994
56939
66526
90302
15154
82800
2440
77428
76378
20796
31039
33964
7105
61584
4120
9476
27681
14106
3248
8442
14776
19556
80471
85492
47756
9379
21578
99579
47879
1407
48086
75875
31152
20365
68680
14250
93983
72688
4703
42553
47449
3720
65344
44621
1122
87845
74260
3194
29582
59515
35313
39064
40215
46752
88832
10438
76468
81033
42546
5774
61222
2861
29548
74970
72709
55163
2812
86739
92904
89869
15492
54993
9403
60695
60992
11056
54211
35849
84370
59910
35119
18383
69997
88363
66094
9021
35659
84399
31533
58241
37782
12949
30142
98929
81330
44587
74171
90374
71911
45958
85033
87520
10290
39712
44022
80320
29661
79520
85759
77775
56226
40618
96663
82636
70655
42838
32864
41184
8876
63688
19504
18412
55205
34662
52087
2543
24851
10473
79364
16405
36885
63837
63938
38412
74876
47598
8092
30284
44341
85773
79360
56139
98639
53757
2015
97163
16286
47505
28274
38492
11723
32986
81498
8223
26453
66620
32314
75628
87625
41479
55469
19187
155
69354
40890
92389
76680
58250
7759
23056
34746
2580
96843
23102
84327
63364
19772
1447
32646
54924
86256
77345
82199
40872
4681
3898
82339
55715
11958
8255
15283
32464
42659
2862
30304
60172
55983
29285
12867
9626
20482
58035
39746
5217
3746
9143
36143
58395
23895
63088
46847
30867
42981
32701
55222
78123
36988
59283
64672
36991
10049
20964
46292
99503
7772
2281
59920
93980
92797
24155
7381
90487
88580
23020
34441
28220
37599
76981
37126
95538
67755
23943
31819
48869
61407
84416
89482
9958
47639
52181
23184
96700
64613
75875
99576
99518
11743
40242
97445
1464
49222
42162
65598
99740
55707
56360
42286
19960
98259
27002
40524
60006
22157
69133
69236
86106
89144
97422
38095
23355
12799
49962
46341
40616
970
10680
25874
12704
23444
34923
16477
97356
79536
35661
46316
25592
58344
32079
93161
5047
42129
69521
11698
20637
11656
63177
74543
95479
6639
13469
10373
14320
2146
74089
88665
99259
95821
24982
98769
45027
30486
29582
96515
63336
10524
43168
80470
86495
22817
43643
27761
57065
4260
33048
81226
43277
38264
25704
28959
37793
36136
30394
6064
9975
24550
2156
95209
5446
46996
47056
29771
33362
33310
48134
74560
12547
73005
48361
10112
68488
82707
88048
72662
62996
85707
53307
10060
69098
92863
45387
60995
70117
96022
60976
8890
91
23518
86540
38786
8368
47958
75023
39498
75760
13871
94398
23754
56126
58487
68679
70271
89902
15591
60471
55085
48088
57732
43068
24267
71242
92096
26110
12582
1608
86061
59654
37339
72334
39243
74469
89028
86465
9575
1743
20529
7683
48549
96901
49124
91308
29553
53934
10611
24184
75115
71092
54525
35551
5890
60802
42358
80449
62273
67544
16272
21848
62440
37889
89699
54217
57058
51419
16882
84017
79650
83806
80327
13847
39941
47401
99538
60831
93944
32958
41688
38161
15499
88398
26493
14969
5129
1788
66443
78440
32110
8579
24191
42030
85471
98681
45243
10660
7202
94907
34249
78133
37051
26593
44534
91309
90764
40677
95610
58489
61264
81527
86505
29314
25855
78110
6348
74042
11396
74729
49088
55270
84975
38441
51907
71070
59614
38297
28376
41259
2158
88877
53628
99037
98708
63554
1110
88906
43863
35183
24204
64451
6177
7954
17175
50582
22073
94877
16174
7360
92333
71200
99263
32472
45819
78979
93157
98609
74685
73463
31694
52467
12301
54350
56331
72387
27899
87468
30605
62301
77000
17442
30178
76212
50525
84636
49092
77021
21265
1325
48997
64737
22122
21015
48926
30957
89614
21156
53217
19729
70396
2500
14220
70400
3489
71737
52149
51827
51623
44788
22683
34605
64271
53873
30360
74890
41021
23050
81947
61182
29886
16136
77344
73360
24466
66957
30344
91286
5424
25373
82772
6742
34250
10875
91904
74500
3221
59778
72723
78788
32487
97265
25398
76476
78641
14391
465
68249
90654
74035
89936
66563
39209
92035
89843
54260
25156
40859
45934
36531
41392
60863
46402
26249
62016
15940
354
53396
61969
55860
71669
81243
50327
3159
28695
32620
90737
867
94719
10074
66492
62095
631
31388
35436
16209
67533
42214
21032
37644
49344
62361
13844
36192
37395
71623
50862
99148
14460
62700
14036
47069
6280
34794
2366
8693
16236
36050
63340
57222
63522
24288
46140
35859
70038
79296
60231
15014
90813
45806
48407
58139
32363
24325
6516
9307
67398
14134
65763
57071
81758
91589
86406
32018
96037
19423
55815
65837
29022
26743
99973
31483
78874
63810
74121
25055
16221
77984
66153
58098
11392
35848
8335
68654
14293
55896
14705
81955
28278
93059
41294
2101
70286
6269
75463
71933
37882
14122
39821
50615
23481
94394
85992
64069
45833
16923
79265
68552
50203
81460
93085
89413
47981
7665
45678
45910
83253
17752
17724
40140
4717
73860
37558
35962
85448
97871
61196
72605
88346
2187
87173
2098
38163
15538
34617
16997
49855
44265
22821
97370
76631
46152
31751
46817
99973
51881
54120
62621
60590
29553
88679
20130
96398
99681
45897
49620
56835
50029
78621
47961
55726
6660
80206
48015
94287
90987
51250
32442
73047
28681
96054
38988
94930
20353
63509
58564
42109
90741
35988
33567
43750
98575
12015
58793
13508
67042
5700
38481
69640
84996
60161
99826
65643
74859
41643
69971
65946
83735
52529
8986
630
21677
89573
31909
33499
49691
25199
76044
36172
87332
7511
66094
14040
45054
4210
57151
94645
21412
34507
27244
85286
12768
62802
88051
68519
96228
73344
20071
78710
93537
92618
58373
38211
27002
32936
22073
9001
80105
25293
63816
41843
29655
2309
82307
77485
94067
85785
20589
70649
84491
75326
44533
49228
25285
23699
87862
58875
1522
63390
37271
76346
5128
97333
42634
94714
49137
27883
87038
12118
82137
48150
14539
96118
70690
85401
55631
10459
80494
10565
74451
10442
52754
49422
94219
18211
48084
9145
12926
3302
45074
63198
7479
16715
88022
87470
36714
32322
59675
87593
28347
66184
98746
8471
88511
36341
60786
48414
78537
39883
68068
77402
78380
90956
88938
26828
23592
55706
3114
24422
46629
39992
14957
83736
67044
18939
40670
97823
8096
83220
48686
23308
50783
92900
82217
8267
11696
44283
60910
57877
57425
99669
30607
73042
35234
67671
84817
16522
27777
61194
63877
81008
29207
35252
40963
88355
51226
15010
41426
69572
95670
62963
40318
95317
91196
44759
26618
85479
8738
80670
15132
79308
94796
45236
66997
46960
9384
41914
48502
99373
34121
24148
70046
46901
19342
67678
94101
15531
51937
93862
57040
96685
2857
91337
62207
94462
59350
35290
81846
90474
41052
99337
7783
47106
46062
84569
86212
83971
68255
94003
78971
9312
66508
42053
35450
71522
92916
93417
75975
23518
50658
11087
33542
14876
23629
18446
76451
3458
83028
72535
87609
74094
60067
58027
58320
34784
16364
22939
839
34772
81466
10129
47275
57933
14891
47728
30177
60803
55886
90685
1545
65933
59315
58328
39816
29964
65794
92907
23476
27615
8118
82754
942
95720
6394
4876
49244
8480
83733
666
55157
69976
92577
41202
42052
40528
63812
75608
99985
75901
88269
15648
47571
92343
70989
21675
14779
1739
18211
28356
68989
23457
99463
73223
26654
98711
9187
51555
51539
10014
98483
21696
77070
55220
35528
31568
73356
18112
16276
99287
66152
90185
92922
47574
39346
92470
35182
8599
24730
84718
90097
47504
90269
55376
31676
31699
70513
19353
14548
43340
31341
12256
24069
89970
77418
66572
38577
92350
56815
39421
48318
96666
85463
18923
62204
78803
30535
51888
33876
34183
63529
588
26825
66820
19917
50978
31427
21693
23543
3828
61055
54002
3564
72935
67946
53895
66116
2951
70156
72774
53892
42831
51783
85309
36399
93430
62041
71345
93172
52873
1164
18624
85476
80364
79810
30753
85431
57249
70053
26440
35145
16884
68807
52987
78365
94316
93101
12527
50977
8308
12687
27583
81732
61102
80290
20697
48804
41516
30420
26486
88937
60081
28520
70670
2663
42430
68525
23199
93125
37193
68464
8867
32898
43716
37628
37008
74024
98796
6943
42083
329
49513
20367
84863
40185
73580
36891
24374
73
59113
81948
43914
26828
43567
37502
75063
88363
98136
50323
35934
25791
69901
19402
13784
39844
3820
94685
38016
23474
43282
46673
50008
34572
88337
26157
39423
39713
43657
30484
29083
5539
44151
23126
34011
55244
24549
82038
89330
6213
62565
48644
75887
48473
71008
16291
30427
30110
6583
45018
36365
78894
98875
900
56790
12439
31940
9341
38491
17410
98078
35349
44706
67652
21240
30395
81640
46775
85390
58539
15295
21782
5355
31802
60908
94638
70785
1534
63564
72045
95730
9313
33130
98638
94119
50188
6663
43251
66335
21572
23303
15207
43546
71920
8134
27215
3938
8235
27232
40612
34651
83651
44719
48043
29723
14583
73539
67072
39991
62152
41654
30405
45777
66446
21679
88765
2219
46067
73532
71051
23732
38388
80440
63818
35235
88
78235
33434
23668
33693
90699
62550
74302
22951
37393
12078
64593
85086
68915
79536
76648
39590
3260
4182
79918
92898
69429
77100
50240
19369
24996
57871
34702
56180
16880
96262
3211
80900
12807
29634
36347
40105
43404
6297
71452
79103
56103
22826
29052
9601
24171
17132
77152
93996
94403
84141
35128
76257
83900
42337
30658
1134
83193
4299
8696
32828
27847
18121
6070
41130
8867
83692
72279
39280
43188
36543
96186
96962
32729
814
36794
46603
48047
40639
95197
7863
80719
40706
61777
32739
61134
26953
97000
70470
98975
35213
56912
39105
97601
38624
51256
37982
16755
87922
733
40478
44853
37871
50808
57860
87954
38166
43527
83086
5542
84055
53087
42553
9101
833
52109
87140
56344
73331
79996
81914
86692
1808
40304
7974
79630
57081
99361
94105
49557
98812
29847
60125
39906
54719
63010
42847
89898
3916
44784
22967
83426
13914
64927
14920
82126
14358
30004
96767
86514
64115
81637
43424
7926
18819
53785
43044
97566
42833
78229
30873
38805
49421
33528
6729
54208
92962
2647
54381
37822
9261
97242
52427
28546
57028
98487
72778
36881
25384
25848
65272
27077
2593
7590
85442
17174
86422
52198
21087
933
19965
45280
47065
25687
13911
84161
34004
80385
58197
60712
89164
11711
75622
58945
77252
66872
29210
14878
50897
20331
81007
6163
72182
16984
12957
3795
36212
41831
48086
89554
67785
40763
81559
53448
17857
63980
50177
26739
14634
72866
64483
92393
78683
64672
36684
53560
51455
43648
30337
18569
87964
71544
1300
755
19926
13802
73098
30080
12730
10116
47949
92173
32298
68643
92926
48400
30151
22174
41087
13272
16695
2470
243
78030
55848
88614
27479
7509
80299
59396
52340
92564
11493
29517
1590
96240
39462
80804
33521
4054
90882
20096
14009
4518
24917
72309
60094
10040
71745
88284
23409
29280
2560
17065
1873
85493
71301
23270
44907
31312
86322
65589
49781
53333
57775
55385
80680
2781
67052
96686
8938
49347
88652
37032
22390
96598
88461
95724
53113
83538
28520
17439
35764
92015
35987
23059
90003
94427
27643
16097
24939
16192
35897
2209
17732
25292
70315
60676
46743
69531
91629
57312
42988
75058
79345
74062
40628
65527
94675
5275
97031
75576
70156
61368
2792
68883
29824
57765
17346
34716
65381
86252
75138
50955
71747
92745
13450
86442
19300
97097
26282
27785
48981
83581
91909
71207
74451
60705
12669
61925
82430
24476
99751
22368
19065
49362
46036
74528
99417
48849
95468
12550
43329
12027
4150
5376
82174
92032
3311
86600
60612
54186
46226
97578
78992
69246
26594
86574
69459
31584
94431
69119
45095
55421
52285
40904
86500
52770
31889
22384
46709
38921
87024
70450
1628
13732
84455
36954
79431
86532
89033
82418
57393
26069
1312
28244
78249
2173
43375
49818
22767
59461
5069
67833
54417
26349
67454
87908
59742
63245
18875
29403
60142
80926
39890
21690
67161
75776
95949
65259
84791
89640
7143
82926
42551
12013
11725
19026
54108
24040
62654
84327
9394
82071
99616
87248
33852
19191
16033
75279
46278
96546
77212
16185
67657
59629
22275
76467
86178
79622
61083
2473
6223
78116
65026
33127
52318
22142
25282
42404
14623
48427
33800
35701
590
34548
20009
78071
81309
52642
87837
47969
59742
20670
18980
88245
12428
90957
15269
82921
89737
35258
32847
74486
62956
60181
78104
31277
17044
66489
34929
11709
93909
73628
60655
97851
62746
41510
15594
33109
39619
44204
95157
33536
91784
13113
42730
85553
59135
76781
20698
61360
6873
42360
52667
79365
15579
59314
72745
40409
56444
88731
61026
14819
17712
76128
54060
86114
60014
21129
25498
70917
75362
82160
43301
45533
40100
99311
82701
49842
17450
92550
72141
40262
45790
73569
4836
51548
20961
81290
82271
3432
68764
75185
76664
50888
83177
80337
15823
15656
59052
56616
25539
38006
51283
49781
85997
24713
99058
7133
39264
16268
76612
22902
22959
63893
16589
20764
69029
44143
71291
2511
65153
78724
38857
22066
2152
177
5495
92413
62356
59763
83487
67045
90789
60834
67011
34135
88979
96009
87571
80123
52490
13827
42025
66003
26819
45862
52225
12771
34298
62412
11308
71679
44364
56541
91463
46814
99149
29216
47628
85819
19217
6644
44777
79501
32780
9567
32112
62125
96881
82454
31784
73019
56572
91168
50021
51325
36698
72854
95246
56290
47952
92723
58114
99943
48455
11808
22680
34248
69371
20196
34985
59762
48381
1751
60905
45845
69050
62524
33223
17252
13749
90100
15889
51844
30628
38289
15107
53195
6519
40137
10116
26295
33970
91337
37867
26494
48530
44833
31045
20972
86886
97863
92754
76684
47468
72022
24637
54820
30263
4175
82275
74174
39630
77994
42540
57851
76833
6270
69315
10166
96700
69484
27729
29233
10080
8690
25792
57044
63883
34411
97315
24216
31478
12250
30365
15886
97346
39205
4375
58606
13651
60286
22932
2343
57862
35941
86664
55975
48796
80015
49660
42259
75518
20879
24271
17402
70134
63520
66604
38778
46229
67592
90937
95852
6860
58058
42695
27380
47628
26654
60505
37628
1894
10709
96514
36414
46552
25385
71370
74138
22025
69816
8247
83867
84750
55055
48698
10598
87979
12963
45751
33825
72600
65596
12376
46058
69349
27080
95483
99804
93245
59284
8347
22142
19510
12031
40365
64809
24364
87857
70849
44748
92149
92465
16753
76413
59345
7069
11101
51805
9359
32097
39400
34665
80902
26679
65028
36297
98332
50455
67065
19472
29902
71566
80892
62740
61469
86105
64357
72719
14690
83888
86233
122
42113
1003
41675
80134
48843
35962
86713
62280
15978
43678
90444
61148
19883
73681
41239
92830
47003
4067
66476
73909
20792
51377
14846
20583
11573
54012
14944
73240
42711
38382
37114
25470
45863
39278
92551
79899
85003
84893
87453
62369
63742
4784
3493
86224
81122
19743
42857
87787
44865
71526
25715
10622
17412
12324
79329
90735
86157
21092
68561
94831
21018
13473
19568
77595
6563
64973
15285
80605
81129
61340
7826
62110
16613
4106
10166
16007
47884
28621
39460
91829
11154
27156
28374
71184
12666
26491
8058
33538
59948
1815
93741
63911
16331
92622
41351
50269
85216
25897
79660
16148
4458
62251
6657
83525
63700
63605
94009
13305
2158
63322
42851
57535
81631
76732
83676
93861
85098
48383
64929
80071
56914
81746
20656
79314
67598
43915
45778
23991
62755
59897
30790
21986
48960
23311
87370
48903
20499
44849
7484
49061
32482
94753
31380
96626
58963
36206
82279
39599
8945
47489
65170
36832
60968
99588
59234
22711
41595
27343
15926
19784
17827
70018
50549
42260
32531
20865
8574
58320
89361
34773
73362
40249
40898
15868
47589
62161
50366
24029
20350
31392
61636
6179
15045
15266
94727
93958
61017
49372
64077
64659
7307
93155
28922
87700
31233
62463
44203
89119
64095
38098
27632
23959
50237
74171
74126
24920
95933
45100
51999
97072
72345
17565
6993
84534
58147
11648
54972
35283
47533
38573
59847
59202
94242
24702
27466
80207
11327
53198
84634
85125
17957
61246
59934
82251
3759
37677
55941
40873
41139
69806
98024
15917
97372
67004
92314
89741
86162
44387
29552
19585
7491
8919
41586
25521
78250
68429
29716
25535
46705
93919
13593
42735
60466
66873
79114
11098
57631
24741
80774
20470
55706
14098
94143
77726
40548
43929
61829
27237
32388
37724
94045
66939
23646
65048
77634
9038
19660
34412
4000
35330
7960
30405
94168
47220
56213
55289
55451
30499
87889
81215
32110
61420
63613
9081
63878
93392
14776
63859
84973
34321
6600
2479
93147
8980
99873
46653
19089
95417
89238
70076
91438
23218
20740
45444
12510
25300
19930
46922
21513
85259
88478
31330
39347
51172
5614
32625
3326
14564
1169
84242
94261
55801
49439
69679
28730
5481
37258
85187
47347
9560
36199
60033
41260
17812
89777
8891
40679
18168
96571
38578
73461
67853
42346
99713
45842
75269
63131
41974
3365
67248
43326
4524
94248
4996
75814
35637
73779
51061
16714
7028
88042
34743
99575
11952
49060
28445
90069
21534
61395
96723
91945
85157
17993
62591
10781
26408
13455
49726
23837
53460
42350
95283
81821
80098
66233
31674
65785
36264
41998
54140
35112
89618
1454
89542
50535
38717
68277
30393
50653
17397
85200
41596
80579
6642
75302
58169
86531
31656
94214
49406
22182
24052
27224
63253
64678
92759
52921
19476
45719
17385
62659
53804
79536
7255
61611
2327
83702
28450
12055
72063
58130
83062
99073
6439
68259
754
14703
75178
4795
8064
45143
34128
42049
92591
31957
11059
62394
38201
24864
57776
85795
48800
84673
33268
54737
31395
62059
73324
45031
72975
74466
58081
19600
22151
91275
39120
24979
20784
94993
63924
78055
77743
14681
37655
72241
28531
11754
86945
75297
50551
39933
45501
3586
54279
86267
9330
98388
65804
51702
36864
38695
41379
30147
31820
33597
87062
14527
19898
1316
92837
86079
41609
43207
60939
79720
8052
34119
47017
61026
26206
19641
75113
98027
94479
33042
28964
54494
65321
35884
81945
40731
59174
69082
58129
25229
36676
47595
82860
4057
85179
14003
91856
85629
82459
64472
98323
2294
42646
74558
78214
75210
51370
4778
25495
17222
63581
43351
35667
98778
4633
32567
49206
84014
19371
52106
26904
72527
85077
35710
43044
60456
51258
42959
75846
12202
27785
89484
15567
30007
34718
26669
11847
90762
57669
6734
89360
54396
43586
40906
61647
93324
11928
84082
99424
52611
64797
7841
66258
30353
37567
25795
17216
6935
31514
17757
23952
8411
28931
13292
89437
74096
27784
5660
64059
77963
20720
58443
26344
12636
62745
72508
28940
44170
74063
49719
48528
67176
43535
23235
47405
19943
23226
85214
92439
8922
9452
4911
59248
39912
82782
80949
25464
30293
51469
87550
65540
6267
20022
21460
31891
6354
81497
53621
67607
65059
96854
73046
32872
81794
69228
56775
64875
5696
65887
69494
50870
42570
13221
55136
68510
15808
99195
86432
29854
81796
47043
98647
92701
86512
84179
42261
47153
22074
91343
41051
38446
69604
17606
27379
12068
36406
72039
77453
70683
26006
16073
19767
64406
81974
36680
22970
93046
64886
52950
16083
7158
95064
23767
85811
18015
98207
80344
46360
97615
26967
9622
42801
14353
24836
31048
81265
24963
85841
43068
32104
43769
21741
15749
3847
65722
27276
34240
10726
49832
61209
49215
82266
69124
75259
33892
43381
45837
31795
9363
13860
56061
25678
79838
43715
16383
73271
5413
39569
50926
55414
98006
7204
21817
20845
72314
85416
79315
19919
20088
90739
63966
69618
96528
36406
77752
27355
73677
39093
90944
87666
35427
93168
76477
29208
76042
18090
41903
72033
87464
92451
21862
94671
59799
94417
63202
42010
60449
48278
2945
48475
64066
25918
11707
18624
49893
86443
29150
43431
65963
89028
99594
66320
48625
63259
19986
4838
30726
92609
44803
54223
43513
7281
32455
27637
68877
69295
9818
2110
73203
35741
66906
25399
36148
42468
23600
9509
81460
57853
79315
89599
88939
98471
6070
98435
92856
55542
46045
96539
74430
58363
11284
67840
3474
48721
4962
56784
93463
84069
49747
80597
76624
27039
70228
30222
22121
74195
30172
6156
39659
10477
23377
72873
13294
55204
65284
45041
1211
34019
34780
13335
23250
13278
27680
14840
24457
99066
21924
87426
37506
66816
16046
97391
8105
98717
12974
61899
28243
75848
76314
18661
25369
39889
56880
63953
34985
38410
54545
48270
83437
59920
55572
59443
49289
36412
57347
63345
99359
55388
5764
23055
52271
42745
68649
72842
94430
25986
64767
14576
42229
3384
16797
25363
57704
16119
87965
83361
56398
63727
79854
86046
44520
73653
3988
77585
11244
56602
48101
71693
41370
49629
62540
72855
70083
53259
66389
82623
71239
84038
69522
8999
73643
39969
6041
80053
43123
30208
1738
33169
48447
73985
6947
35632
75533
19717
78534
78618
38756
91064
61598
37828
77884
93074
73205
92600
40844
43941
55280
4445
49730
5341
12122
72360
94205
70855
12403
4550
67612
23935
34462
81035
54863
14932
23246
67384
42681
26908
97321
50365
74724
87771
43867
80174
22439
31693
31114
80569
66764
13440
39209
99181
74928
97293
83439
43105
61863
34586
41426
4678
7314
73983
11006
14820
56601
80562
82964
62952
69827
5820
49918
13935
46620
4914
29720
61958
61474
31947
49920
62511
39740
31834
37786
54171
84726
35280
6107
57570
31492
80140
5520
8094
85481
92643
43051
740
76765
29046
23572
41876
48729
68162
10741
60943
63522
25273
52561
70013
67572
21481
81631
29916
84666
78915
64938
75479
36197
56834
30094
21321
74455
25393
31459
89686
299
41823
28454
53976
61863
28980
85192
32428
8374
8043
13781
71578
21092
76842
90648
59453
82719
36094
89998
10011
98509
75604
23428
6565
27704
67571
64543
19930
98952
2251
67421
23335
36702
21055
60643
21698
96819
98584
8149
38592
36288
49203
21541
76622
65133
93359
54386
59354
66185
70640
38601
38361
35395
21447
91177
24695
18395
21888
26272
94291
64436
65262
33476
6122
40622
90446
34875
37
16199
68950
62634
84135
27944
51406
73723
49306
54063
46806
41432
34345
13184
5188
53744
28311
63650
29060
87940
15255
29877
35948
3303
74930
72312
13857
74155
71025
15727
15418
35999
74687
58484
54349
43155
97235
8006
54465
10416
83988
47724
41870
70632
71588
80455
91927
81107
59248
11517
5164
42472
11562
2505
19620
70159
80250
65647
87703
11823
14086
77251
2697
33579
38644
10806
66744
75860
58835
62033
56509
20305
9184
18643
3952
67531
88007
65316
31714
94475
80385
32750
14907
59508
10562
72945
24437
72182
38863
84189
62904
31587
20302
42642
96330
6737
45026
8291
31987
60781
13711
16066
22271
97214
55008
84858
33288
92919
98553
52089
82152
14934
33933
93228
31438
81335
62344
43189
23016
65698
86369
94562
36996
74646
99128
24921
2
66541
22312
97214
22504
79715
33328
70932
80764
64318
10479
17692
4499
25704
39657
31518
73629
86774
2036
47970
97654
27074
11204
14995
44393
1836
85275
66289
74412
19148
79069
47624
98086
30086
84855
66746
70606
1338
29584
2437
81605
63000
12464
67119
70856
44652
38689
97312
26040
54851
20933
50222
72610
51157
27267
72928
55337
7317
52821
20668
94439
67039
96520
61615
85249
62854
19605
74412
40848
72911
60911
72290
57189
99599
66365
34653
14610
44085
44139
99741
63146
87963
40248
19560
98215
28846
75014
46928
2819
11927
11409
63288
48516
8916
7997
14565
66480
50848
81870
8001
25046
64277
56463
53129
93939
48642
93032
73010
84791
92613
58318
11251
63178
53080
57521
6476
26791
76959
63400
56402
87839
72676
71592
28921
61501
97622
23774
48273
91601
51800
68172
63761
62215
36137
74694
98869
31499
87119
25621
49572
35813
2003
62137
10206
53608
157
110
95436
51395
1521
87773
89521
87448
25467
20161
52369
92684
27542
91627
96316
24868
44759
81409
32991
24440
94557
49036
27040
78386
58651
74976
39672
51338
13827
20588
85835
10539
61386
75312
61344
97512
28337
96877
90080
64026
78650
76312
36747
15975
22324
6185
3957
95491
29304
24704
91054
20594
29145
85765
59051
51120
73069
17050
92743
26544
48101
38183
73621
4879
34325
41830
31297
52229
30283
98804
96530
47882
91328
68965
45790
18244
12289
11065
56061
52466
71019
44180
22033
89122
29534
65241
81394
75621
16261
10223
24443
11287
4134
63535
15925
40467
2691
31867
81649
80494
74887
51727
65208
30500
28173
43171
29265
60180
39975
40806
38831
62004
60988
40277
55525
3920
16149
84498
75345
69084
60436
55676
35968
20059
74360
85242
43747
27793
53039
5322
15552
80422
29415
75567
77578
19291
78972
91533
60948
86362
35975
21213
35645
75454
71392
62439
50299
63856
8010
12004
24317
18193
56522
12565
20058
19211
15759
45148
56139
42931
99424
1472
7140
34652
25253
58409
32588
85421
62698
36234
24947
24615
23549
88982
33109
39222
20030
60514
48667
11921
34943
79890
19782
41034
81005
97359
23899
16850
55509
58366
3532
33824
35394
18017
86938
34502
14073
993
50200
12983
29850
64878
1158
71776
87057
99701
94643
67539
79455
80835
99181
55245
96480
44217
7988
19533
81689
66105
53647
27893
34509
15738
29912
4332
32701
91122
89221
5531
2044
98607
25149
19036
10313
35684
82070
70065
78732
48006
53977
81303
2716
56360
37394
74673
59185
48287
37343
91176
10029
67405
52812
47967
47346
22306
78473
14111
34965
96825
39074
95934
10480
89111
65494
80848
55686
80144
44931
60796
62146
37923
40800
33683
12128
72343
25177
78148
78343
55238
45146
84414
53779
98044
95502
34639
45794
77182
71690
88006
57210
67958
35099
81907
8932
58042
70823
13604
90865
56546
18987
79041
3355
76547
29029
72105
26605
19129
35838
75002
97129
325
35768
79727
51679
54659
42155
12435
93608
30855
35054
78503
8453
56924
3585
94187
2824
58893
24750
54085
1519
11572
87283
21797
36251
66105
81058
77231
69015
23396
8034
26664
41343
96687
90877
56885
32190
55371
30227
54272
15887
58388
19996
60010
21492
40483
70587
46430
72961
34841
69281
67712
94378
81753
73482
85556
13041
13970
43476
85574
73600
64924
43419
70211
22820
8389
37160
11765
66046
46700
61997
47452
28665
70477
38198
43131
91576
27272
305
95767
95517
34628
4269
34173
54115
40322
32286
59589
23204
5321
43843
18220
11895
44653
80671
50963
14968
49784
37189
13102
3322
58821
80383
26261
72844
21829
39046
23901
43555
30351
93979
85769
13664
47708
90056
38972
60654
9245
16096
82498
76103
77570
88561
60725
2857
43776
35556
84012
89805
87234
28162
41792
90083
87202
92444
36696
54244
78007
61329
32285
1275
8384
16034
92853
11341
58074
4555
64187
54596
41699
90308
5722
33687
54690
36999
25752
70260
19658
23404
29067
86273
55034
34095
56320
2189
52187
95686
26461
55264
53360
84728
82646
47916
83811
81223
67718
61536
95708
49384
44783
39220
71369
29415
48106
96926
22439
8104
35392
50203
66692
66435
34586
54603
32261
46011
46241
74289
59714
90664
59153
62388
78094
8922
1235
56970
7661
57806
49876
73467
69281
64215
74552
70274
78621
89847
14904
25618
85988
59393
79749
44083
60293
76258
88571
86925
50142
28043
15655
37799
34982
93428
1821
5044
90230
82394
61126
62446
28179
91135
89264
64633
58228
61925
80921
2476
91883
64311
75981
42414
31107
20622
88300
320
10914
15070
2094
1835
20351
14310
6828
79617
42151
12076
38485
75852
62394
69508
80043
96226
28720
52457
97439
94853
70129
15116
85855
98368
95336
86095
95041
85830
52061
73240
6692
14359
5128
1501
94129
75160
80300
59291
42095
13868
84306
9647
22482
46151
23439
5069
40082
22375
84268
79755
13693
78649
23183
93447
30191
95798
29214
3726
6498
34256
19269
20998
27556
68910
5384
24125
70724
60892
75378
4882
15926
69429
10362
83570
10546
60481
92633
39703
74928
90267
46012
72666
1561
72306
59547
28042
91176
11680
71310
98330
45945
76574
52792
7839
94599
63308
82090
53572
40767
99314
34345
79190
46996
79385
63829
44264
68287
39612
82901
69709
3164
89511
28797
16230
88243
46602
19436
55249
9362
77341
32948
59043
89582
77048
58937
39351
16636
2523
88970
47237
78391
39061
98936
75613
55922
66822
25669
22176
8476
15283
59755
51563
28779
1600
95165
56434
47776
36562
19595
47997
43872
26840
44209
63426
66366
75301
89608
69948
20448
24477
27627
65763
50642
35663
91318
64103
90575
53183
60308
21421
20932
97260
46773
94079
17585
81384
30263
87981
81882
2502
91575
80074
82927
40973
3365
51550
94852
35509
9247
80620
77214
55721
1728
83999
87655
93991
921
93116
10282
31062
65859
94592
76254
98174
27064
46611
80067
50129
45840
84981
45038
1626
88066
17945
32902
47552
82836
9669
32298
39768
69250
55065
43935
79687
44206
65211
95531
62774
6424
23593
80463
37147
77698
50819
36643
96982
3820
84752
13908
56753
71482
44723
89669
24266
35582
75587
67655
83782
51096
40102
11155
91251
60818
70514
61812
10794
50656
96566
53967
61853
51080
17293
43704
22246
4517
7890
23928
37247
81302
35920
43732
98083
95760
75544
68285
24527
65396
19669
44104
68619
97556
11749
11677
66321
12438
89211
76329
7183
89006
25848
46325
7253
30785
52055
5673
54189
1018
67422
19748
27692
51658
30407
2479
15176
96370
13071
95491
85273
2229
37285
45398
30987
52462
85348
64297
39330
5615
77383
9808
15306
31561
16744
48240
55453
89594
36478
67298
43704
69870
14096
23508
