95092
91912
12170
18965
91111
23767
33468
84517
97212
36456
94342
32710
18910
50349
40835
98533
26969
99883
28077
24711
47949
65746
99522
80946
4690
26002
3833
87490
19480
61652
80115
80843
38162
71307
55258
36741
79959
54809
41152
79318
14912
89517
94695
53659
98457
26656
66073
43465
59383
65261
14490
77798
46778
54776
79818
29346
92390
31223
14275
65109
19934
45977
65037
35559
56341
13499
94547
47602
95090
4094
18574
72160
58730
48758
9798
58431
71050
45863
82488
78033
59928
60367
28107
54219
47162
2316
34065
83386
91489
25912
44351
48735
40533
76043
59384
68935
24480
59135
97317
84958
32108
18471
48375
55289
46686
42329
19068
98019
44977
21387
58295
46526
48735
36241
5180
59567
17870
10818
88397
54025
79433
11161
56112
69178
59743
69838
31626
82687
89374
40863
33951
11915
48545
97530
45925
41457
11991
72818
7532
4832
83248
36045
38408
70101
67616
97824
0
4292
70863
99816
51064
13661
70737
43292
5524
20946
62358
79197
95545
76848
10702
36381
8644
4113
87435
46380
97981
51204
90315
63723
47576
45052
3286
83564
70776
43388
72753
86011
1561
61918
69837
27334
11824
89558
89798
20289
41178
5253
92005
24979
79098
32793
77272
30684
94130
46867
27400
34294
82665
21236
99843
48795
13976
7139
52240
6012
10375
87172
72515
62136
48192
76347
77636
33627
7010
83368
24557
19086
14314
67146
5201
92727
59199
65336
84624
14782
67780
72601
89434
23909
15987
38459
3345
80325
62075
21041
13357
4684
37317
83786
9914
54005
32737
29869
76786
2751
55157
43644
23673
10762
22310
8314
19979
15519
16034
7115
89596
48640
22514
37457
38232
37773
97738
48606
46149
9733
73002
97310
71552
85968
70010
19872
81769
30528
57232
51196
59990
29329
88549
81873
59625
24135
48928
78672
1598
7673
18479
87825
64291
54959
31445
64717
82169
99860
45553
72140
56266
84130
83720
67052
29748
57846
72092
37704
40751
2437
26545
89450
58287
64837
47125
60266
60090
40641
77832
14097
88845
19066
47007
38476
91254
85176
33019
16592
54523
5292
37702
81908
84975
85091
94929
75859
45609
21497
52124
1778
52042
11223
37920
99160
81127
29028
29537
99453
7834
71178
4627
41528
22027
31456
83295
37200
37122
45244
75798
44572
24827
55500
83181
35459
64734
44636
4475
73195
69908
71265
14657
38593
88516
76054
62054
77621
81145
47846
57348
62225
55638
33565
8758
83345
665
96174
59881
53519
1796
57728
38737
365
45698
7552
76950
96542
28042
2461
34425
36491
24553
56342
29544
36569
56520
66034
53012
45973
69401
5673
56054
89275
87895
13572
88933
91261
46741
99835
34794
68560
84754
50956
71399
12179
32527
14291
92894
80963
99103
65512
49579
78684
13421
20856
37672
99296
4020
72189
26825
34630
43161
13907
84117
96123
1673
49461
12469
32125
18619
85688
49800
28207
67667
65865
51736
73596
84942
17365
4041
42228
73139
72048
46870
3889
56094
77370
75854
67039
75900
89636
87240
74552
73010
163
25398
70847
66838
75276
10505
83066
1822
60769
62344
13414
15711
21371
11017
47555
69119
64076
14354
86655
68147
84596
61490
71113
67037
80228
40028
24303
73606
45430
56225
28982
98447
75248
55196
67503
40466
80889
6758
9666
6859
20974
40406
12370
9703
33455
88177
34722
66352
28298
97919
11824
75282
585
6404
88413
38672
54285
3809
86609
35247
86202
9459
56392
4543
33362
14966
40463
66174
43514
7089
88230
57317
4687
79795
47172
44190
49120
61409
33582
92050
5306
57950
45307
47511
44401
53699
97862
68843
66782
28830
86180
77079
20148
74419
20657
11515
84014
7827
76341
18488
47714
68547
22838
21209
9688
54506
70595
20789
59232
44223
89552
92876
70227
94559
29940
28251
64151
8881
60141
79662
17104
71620
99392
14683
20909
11150
37169
30268
59138
35657
60175
41292
85067
15094
44336
36759
35111
24098
37822
89895
83104
77073
9611
22559
39278
93304
6852
25589
44478
92405
47363
75133
47685
96679
1383
76094
69155
8155
300
98538
17336
40327
61650
23574
84047
48259
7808
55132
50222
93181
93139
40052
71058
70246
96557
40030
62009
76833
75405
27604
4297
11580
85789
66733
88293
85042
93607
88388
13710
68241
67603
26956
23798
39284
72559
42777
15422
86036
38511
91018
85495
51719
75366
51297
99265
7310
4074
77439
121
61353
14085
92322
32750
72695
94240
5755
54537
94917
35280
99004
54652
19420
41422
81980
25577
66183
16254
31774
97687
53780
24607
75972
38321
84386
42108
52578
36214
34492
67467
80982
80968
16168
88267
52357
54156
75281
94206
51103
45044
66803
88239
20505
50755
39506
36366
66075
10297
93385
25719
33082
91056
72299
79751
46340
36745
38112
54000
48363
30586
41661
69541
20045
27450
54297
18036
38484
31153
89065
27823
50295
71977
65150
86730
30883
65540
4102
25216
98815
48020
76033
42280
42828
8773
34384
89926
8668
36416
41926
15612
16044
21281
45842
20516
3382
97261
68194
93055
96458
21469
97882
34922
21232
65561
75423
61105
25905
85569
48868
80800
32642
12895
55184
342
54553
99381
26713
11272
93065
64371
9367
2067
89226
73452
11779
29014
26134
44634
83347
33622
97345
11047
28758
77346
50138
41110
21048
77266
33349
73279
64020
23098
87548
61125
82969
3148
66096
45500
65962
4001
70547
56922
99989
32086
12102
95814
45695
47779
53782
46408
34970
81271
2222
15245
83454
21594
84137
77838
50203
13443
78332
49446
77922
19785
351
86269
14519
28101
90483
8631
62917
80633
78671
79346
63074
40422
11057
96671
65243
54324
95414
73269
23484
86940
38309
82749
20876
72302
77670
61374
19010
88258
95296
52519
25668
21100
79000
80204
31735
25832
81295
17594
57295
45150
83491
54337
2599
22875
52170
43032
10536
87466
12594
95879
18029
5063
25962
90981
81476
17601
65392
42216
50430
29108
89620
74659
85336
26152
53678
41973
61422
30853
64935
39411
73029
77819
15973
78333
3449
83972
80149
98000
20131
34638
50837
31544
75663
99417
34490
20604
95138
88018
98727
14133
60440
39078
67163
28187
55530
8831
69000
76447
69197
10197
81609
79683
22530
73183
22849
40209
89090
47628
87531
97504
37452
67391
22084
15792
78270
58075
98995
85918
91661
33074
46835
73403
32125
50801
78970
33950
10655
87785
22802
94617
14971
3701
28803
9934
53028
71154
9013
2480
76568
94281
31513
47509
486
1223
76681
93048
16993
51371
49916
97455
9836
83081
84785
36122
63362
8206
47557
71729
94212
88898
29553
1305
24826
92914
82532
33750
38587
12149
62763
7116
49061
96514
9350
97380
1561
99325
72916
30902
74120
85922
16957
59284
37869
25347
84781
31890
18916
92681
46572
44822
23597
37284
8267
87669
64727
30208
22683
7572
18691
42930
54460
4843
88608
42800
48393
13321
73730
87404
34561
64036
35289
16654
97609
8290
71941
70269
63436
99478
8132
50641
14834
45906
65577
17941
83518
11776
88247
21681
32653
71353
76642
65343
12210
31189
31461
12113
70675
95068
76954
71460
58160
31511
58119
82535
9532
6942
39675
99977
15728
94458
66771
23205
99440
68049
28095
8553
39266
70666
59281
36616
25074
52049
54751
63208
87394
69946
4443
66419
76828
59828
99593
68367
22524
36672
92481
83323
87787
83041
8409
76576
72101
88269
5953
38194
4581
53436
65903
44161
3094
22907
72846
9
35786
40337
46385
6110
76759
94911
95141
39586
2498
73256
23148
55899
94864
98404
681
62768
75567
44772
20766
56224
62257
82705
64515
36804
46095
16556
58627
33957
4042
60282
63325
53921
86981
99584
32580
82186
90286
86370
6563
92875
87899
68822
74077
98845
65121
50053
43330
6176
52755
3135
68593
58321
2140
16621
37751
53080
75822
9580
60014
60202
36284
61183
35543
42216
9930
69227
68918
95280
65823
18494
72481
89196
38208
27890
68324
93435
8628
65669
71683
96042
73226
52450
81202
907
91688
5003
51780
70359
61833
79499
6363
80706
26355
46360
56591
26716
33279
31861
88914
95893
81135
48050
40353
34260
30654
79397
20113
74250
48297
44316
44452
10152
37897
63972
86976
83833
79981
34636
50527
4927
17446
98558
33446
86323
12130
91775
62840
91847
71299
41608
60156
76767
76755
75789
14906
25176
12097
46941
70253
12291
84890
77530
22062
17517
35047
96211
42808
62383
59384
72758
46734
98642
81333
83987
78447
82576
14603
54029
22129
38878
16556
28265
2950
6688
84159
67685
33397
62107
49065
61799
71736
33040
64382
38236
20037
39916
76496
15929
51276
15919
48966
457
32463
98541
94874
61513
95433
92767
97342
32330
10573
58067
24811
31374
95734
56624
74579
15374
33357
67362
62813
80701
13317
97584
1021
13693
34259
43097
63949
38530
6080
98673
2753
6210
89912
16098
95801
4409
11813
22646
72251
40629
64764
16735
51226
13668
8229
33008
42501
63412
65337
61121
82572
83914
53106
68264
87139
34878
97519
81181
27253
52336
28817
58811
26249
11899
55314
18601
41461
79635
60822
70169
3560
10710
95110
22183
15936
96582
46357
87352
5464
1251
595
537
73193
44958
16100
18838
53103
21647
28959
60922
6889
30632
95393
19915
11812
5953
90486
39326
58353
89628
91546
62865
2589
95167
57561
71862
88804
30922
52328
90557
88521
10166
75716
26001
51740
28280
85618
81290
95798
36475
65497
19814
50676
99900
63279
72927
15317
75194
10371
9983
6095
7031
28998
15836
9704
37730
97948
78026
87397
44238
30034
22180
69319
38401
72401
96723
54915
69391
68174
83531
20334
9195
43527
21878
24130
71732
12188
2689
31887
84633
56544
13609
20551
42345
84461
81489
81167
59880
16297
14010
30332
7592
93893
51560
6441
43316
50494
12275
27498
66556
18012
45925
7019
26839
89648
96900
63503
7120
91705
37972
25541
95258
46139
2764
87693
16425
1629
26974
53939
90912
15555
95035
53094
54164
53199
12742
15302
91967
15437
80813
21237
99913
75191
65330
66621
10618
6589
93711
52696
87561
17986
74047
68174
78324
88468
35073
61453
91129
63866
90015
41687
23520
58335
36586
51001
22977
92831
52855
73640
76906
81597
71535
91683
10891
16734
25627
20067
80808
36142
77075
9835
7917
74277
66378
72925
41508
26860
74769
65695
18126
51288
24173
28101
25421
39126
97716
41578
38605
14329
43643
17787
53733
20071
75789
5963
46451
82363
57283
61590
62841
15005
80644
54986
86791
80179
33770
49243
91956
63660
9492
96117
18062
87160
55513
25617
57424
43433
66262
71765
19017
84049
81462
66479
92498
59287
56102
87845
98488
60414
26474
59144
69576
13178
2854
3120
70644
69186
41310
45241
5356
48473
49621
74944
4836
47526
99724
66573
64558
50171
48538
3017
16101
85517
42572
78791
33543
14165
62487
27503
24077
45924
50754
31542
37186
50348
26540
4883
84305
52392
54973
88237
2122
21020
66409
70543
34428
6517
61643
44972
59563
89528
23287
48316
11876
23456
43043
84059
70605
24062
69577
56478
6699
13807
21164
59431
97718
18079
37757
54488
20986
94840
82267
12165
95198
60300
894
95080
19108
72028
44362
27025
52522
17515
67940
34549
22637
2438
19665
13729
7304
42480
34277
60242
82815
98494
81538
88315
99856
6977
72825
16349
68760
7154
23985
64722
7261
11122
53117
51575
22562
47963
64950
98577
79700
42552
3956
89184
45867
86615
36793
95280
98413
24027
47183
78506
60562
22024
29349
96703
78762
12579
95224
12130
99203
28013
58265
45367
93529
3217
27287
11515
49320
68090
91167
59341
77529
35700
80542
40263
94537
92354
42448
13241
70184
77544
17936
44732
59971
45479
4159
85236
81772
56413
72813
9982
52738
52820
99373
51686
84286
58589
95654
42649
59327
25278
45959
30322
32860
87842
976
24861
41481
89086
2165
86408
70131
81983
41946
21658
10077
13533
85396
48050
99058
42051
29742
92906
95277
81185
6602
24709
36327
28856
55976
35948
96699
99798
53914
44905
31585
87613
11872
72128
44502
79297
43754
92686
54248
86404
39851
70755
10874
77714
41609
70753
73193
47603
43591
17275
95535
53052
35045
51674
81240
76267
88534
12625
33109
66217
89708
70332
28068
97040
90073
22463
1661
13268
3547
19760
98296
37056
38658
8872
41333
35846
13834
58613
87246
85222
62755
49095
56206
36638
49369
78532
52567
60197
90888
68235
90763
31129
59576
88030
96696
69519
42686
13833
87641
19145
69092
59925
44056
23831
18978
58478
14393
26173
10341
45393
62432
29921
25378
47887
3461
40612
14126
91430
47671
11540
69896
41463
22379
35311
28997
67167
77480
50627
12175
71814
93160
1
70971
68101
16129
2830
5039
32375
17659
90890
64138
26394
49855
45494
5803
60841
5750
11689
84569
56083
55393
51256
66162
76100
49249
27628
37545
8744
94833
51811
80998
63766
13997
38527
52232
62430
58949
57277
31757
630
35573
81750
73770
56780
47402
43502
91608
76885
29508
68155
61417
65791
66058
56092
16421
41903
33839
94871
18852
88501
65285
96295
37541
65848
9892
372
12396
11327
93261
43372
1892
48473
79932
83938
20509
73642
77485
9382
28698
5747
36020
60659
79235
26678
90393
15207
97707
57905
22106
10328
28591
64077
38424
43256
35345
39277
44208
7922
46887
47029
31105
80281
83623
86135
66263
12944
85859
82120
35582
42778
64418
24456
66173
13105
52481
4625
17059
10863
75454
94685
2664
54491
89221
82932
14781
37814
10048
36675
48592
81232
29433
69563
62494
81668
74641
55739
77036
93100
60415
77449
29348
15587
22322
79328
45910
4134
97904
25319
90775
30719
22218
33345
32467
52202
44364
76613
91059
690
71354
28448
2896
49183
33527
54350
13344
94854
61962
84504
38463
96742
27588
23958
50447
98004
65336
87077
32169
9893
37022
10646
39910
84728
45900
17873
59013
96087
37096
10292
37304
98027
64679
76346
21746
31966
74553
80165
82060
67971
65983
51056
42172
13399
86856
94033
3130
98259
82898
34462
86865
57287
44444
81166
63668
60707
88538
18167
3282
15653
95337
17257
57758
51670
47200
40435
32062
51242
2212
18480
23451
85171
5017
64197
43909
85965
68474
26510
97872
51867
14742
60753
13189
2633
23426
80016
53583
83512
12678
61039
43428
56386
76883
66406
72634
48725
93298
90502
66198
46420
61970
51888
96047
64417
11011
1694
52270
80247
37257
77702
92232
62028
20295
51414
911
34583
4067
55124
28243
67183
86852
48550
38564
41173
75052
67065
8288
38610
91562
95184
92667
77972
60311
51452
89897
62854
64706
48772
91622
21732
27746
73335
46255
34976
68806
81399
36090
25468
65495
38051
44658
38173
62258
99015
59567
13419
13324
54873
89364
43946
93405
13659
88684
42072
85035
14260
1716
68842
61516
38056
69876
55295
63502
6511
39437
13517
2295
3588
72367
93653
30974
82819
73115
53510
50525
54493
15713
61296
91885
76478
49530
9833
59408
47675
28326
14087
84650
4182
49940
54545
79682
67247
63952
27438
68175
89362
74671
55746
59577
46049
11123
9736
82506
95711
12972
10586
40543
35174
91547
30541
98546
40420
76957
85038
88526
60043
95887
15826
78185
25349
28866
98113
53647
17821
13970
63726
18867
45677
85335
61163
79821
59967
1718
45835
65354
39794
27326
63696
34703
17739
73544
49476
12635
19398
55998
39262
90289
78913
38911
8131
93475
58844
77561
34228
17183
13010
56088
64684
81741
49245
91718
94866
49838
30383
50720
38579
38702
31122
19683
48732
32716
32190
81123
60445
51805
79389
85478
34248
61823
74707
73436
39953
6765
77203
67687
20977
82406
67490
28651
52344
83705
62642
81955
85457
26021
78677
99638
82251
68678
17419
560
59167
59230
90179
75415
61284
77721
17115
82422
37793
27531
21840
2861
7033
75809
51764
88101
72634
62696
29743
56173
71211
2470
67338
65026
70074
50235
95665
34424
73127
79751
3227
65569
44404
74147
14269
80723
16585
1788
6402
43255
65291
85067
90858
24812
61865
59781
74921
9648
74256
90576
27003
19554
38935
61245
29348
56696
91891
25153
5340
11049
82055
82690
9294
58042
24304
56271
58456
32886
61539
71041
71515
70846
56293
86487
90882
86144
11612
42526
3161
10293
75313
86016
60168
82551
52748
83672
26633
83158
44798
57572
88831
91431
96447
95352
61200
82600
75772
32816
507
5593
1324
42035
48108
3215
19061
56156
63261
52448
70363
43203
45084
49364
21991
95047
35736
96038
22521
26743
5293
40632
29637
75298
88087
3967
82209
80083
74398
60940
25287
8281
10372
78796
42018
97567
8968
33278
37908
56953
63490
96591
20410
74185
12794
1594
12488
39466
69440
1399
59615
65161
60078
49028
27522
59874
75956
26026
53947
44141
21005
38977
81757
2320
27161
62082
32831
66287
7346
24424
86079
2458
58130
65568
63253
8702
20221
55451
62503
86492
91479
42742
10643
72999
1325
60125
48202
61343
51274
82143
21610
82942
79330
93766
35947
24512
14833
18090
47024
50712
68763
46200
32120
45015
15320
57157
7031
94510
85774
18819
39653
20505
63522
67454
52661
78263
28333
8758
995
67035
13879
71487
15013
25202
2813
3136
23128
64363
29620
38741
93868
2131
8426
11790
17729
45279
10621
65627
57678
44167
53094
53692
75568
32454
42490
1105
19420
11875
41104
57684
96178
6075
17095
79988
36833
97275
31186
6918
42202
12183
34029
42667
64889
47033
24951
37522
12078
51731
49725
7382
67641
62706
51079
56827
13941
60187
95918
82559
82711
1708
83716
11252
23258
71936
42562
87793
85035
28437
74957
20453
14092
3703
23425
45495
10138
10427
88802
28535
7502
4968
89026
67688
62150
33722
90042
33472
54995
60267
66047
76645
1356
48627
24206
40494
28466
22776
