27246
40274
37306
45962
4896
1068
19058
21398
55954
535
33024
49989
22006
75306
90724
35542
50653
13901
43226
65889
11905
52919
48276
43886
84581
5449
19505
39987
92340
93296
37587
87444
96404
54230
63748
16915
57775
32228
13665
78323
5396
86
88798
97854
46235
31370
99758
88002
31450
34979
80288
48388
7049
4398
30945
74327
91997
93419
61381
99446
81562
79071
29058
62657
62948
45579
53585
67776
11558
73809
77766
18425
236
64903
60492
11818
64120
50422
97651
53210
5690
31503
8536
57360
13008
89198
80394
92005
23284
89421
24917
64355
70846
14218
96760
26325
71028
26140
34906
655
77785
31982
76444
57641
57212
61862
48152
42146
43906
19126
10206
41575
95767
8171
93756
50058
70535
71697
49649
73749
65185
61579
44491
22136
48891
13411
47578
86017
68142
34167
40790
37980
15516
96996
75424
73707
55059
50894
148
51145
41045
38248
48099
4158
79215
83342
68587
62675
20462
46702
55790
99330
76491
61156
35469
16205
87491
54307
8749
43801
14283
62134
74003
9739
78336
72225
26059
98771
32746
20048
94998
19640
71549
98503
32704
26937
13480
40332
42921
65549
44823
84903
65555
21440
78377
41460
61489
54359
61526
59218
86216
752
42144
56346
36862
78911
64244
38359
25822
6989
57283
69816
29929
413
51703
36149
27780
77987
28452
8532
2725
47158
11385
43200
98978
29380
96578
52563
31362
36876
10736
71699
37245
73527
33831
94246
77495
15202
61641
53792
62692
75120
14510
35932
8266
75007
54973
65142
69736
42227
13679
83501
25907
52993
56493
39058
89366
98944
57368
7481
82332
11681
6997
88946
96252
85583
32570
56402
66582
57456
58653
12578
16346
74659
45839
27604
32647
75452
34934
23971
74406
31436
82826
89134
23196
27235
45791
84252
17033
94773
4879
78551
57833
54159
71460
51011
68122
25564
39680
22682
42436
98571
98560
12279
83574
1100
67155
51248
7153
28888
6410
13913
64010
33397
33074
50895
28854
17863
65749
69017
39791
48318
39368
71808
52577
80101
54744
62186
3198
94828
59482
7082
35772
12251
81534
75835
32876
70546
5560
22095
60079
94543
77098
88144
88362
90965
14541
24436
21084
20564
22157
50259
59815
70663
82890
94118
59203
26751
59702
3472
46356
4968
48049
12325
69406
99327
78141
51758
51863
57239
18019
58308
12303
43653
8937
45248
71219
51223
83446
61611
65560
30308
41101
82634
72670
9223
47267
65109
29360
87416
16632
6125
10843
2087
75739
55110
46494
64773
18738
89034
12824
62782
72573
63845
2545
63849
37955
16162
61725
37642
22898
7979
43305
98091
37912
16048
63867
65415
39654
60183
52060
13032
22397
64447
40607
11893
47464
10215
67914
53826
98754
6446
32485
94411
48786
2777
57735
77256
80088
8821
71267
31105
3383
91718
64517
8652
62820
12752
64175
59690
91243
81078
25118
58554
36973
99792
40384
8125
23237
90651
16384
27740
48247
7899
38888
16451
75493
48893
49304
35134
58313
86611
85326
30832
88916
20955
9648
30679
99929
31955
49073
34712
46040
8223
62582
17675
81328
73931
57437
48994
62392
49609
54018
89436
92436
43526
82857
95483
52830
48065
33158
13926
63447
29040
1377
4632
95751
94285
69637
16018
90143
9705
8196
91282
41578
81672
81700
40024
45316
21212
35123
1562
91455
309
72742
8704
32592
95890
38396
45389
38097
14165
77849
51863
98796
35146
71264
16999
6845
57950
21923
87042
4293
41419
58851
52687
41412
62735
47857
10763
61826
42833
50166
31617
12942
31596
22471
63137
56298
92673
72039
99861
55889
24248
77920
75977
31855
56332
92486
6432
10408
64700
33178
87365
99289
48080
97268
50036
41457
20055
67291
69857
48032
27632
83562
95264
63998
46231
38921
67199
12674
8126
60701
14172
85911
22062
31153
80045
63498
82874
20831
85079
70249
41425
355
97126
9654
62800
32328
64862
34327
72435
21679
36242
25381
2181
51828
28256
40685
82655
11979
85623
17411
25287
93757
2281
3999
19005
1454
77226
16926
17223
86537
58583
99223
82211
99608
6606
27276
86436
85609
1197
13903
74058
32871
40239
86446
24458
88791
83729
70233
2896
39359
80842
70894
35207
67668
44961
47668
98073
93126
90649
61346
55101
47935
17104
85897
63095
37019
43170
2573
45221
979
54249
97045
10781
71720
43352
92415
53517
15835
79540
30214
17724
6993
14029
77864
5694
87689
64016
14543
54646
58938
29203
93309
94960
39850
58802
26123
15767
54342
23350
87439
45621
81156
25011
1916
85109
83796
60112
63487
24315
52546
94150
82238
13586
60434
43622
48107
33905
39239
80202
75406
73003
28626
47927
86283
71776
60939
2085
70930
12918
17229
76648
99175
92484
92101
84593
36568
81982
12112
92754
21897
27576
528
90227
2100
64787
46965
79723
34525
96228
10694
92217
76527
74139
47943
14435
16994
33228
38728
30140
24170
81711
89182
50569
7085
75897
94975
89753
21484
75841
7054
66125
21792
46485
58304
47830
72474
38398
45827
21495
24811
81216
67559
74702
2223
25011
120
25035
44540
77665
67599
3339
43254
81972
68584
40186
38394
49959
83141
26202
69812
57211
58238
58684
89174
44568
70424
30042
15834
113
41961
78595
87400
17232
5329
42953
14152
14479
48345
82074
75776
69939
45212
43819
8242
3714
22871
39820
77900
18118
9436
22514
55256
19624
51683
67599
22978
8875
85528
57654
54587
70078
9201
44427
35704
89003
15939
26021
76642
25630
26034
23914
1614
1067
50426
99872
11998
14418
50442
85460
21697
30604
52142
97715
90677
19446
23338
67775
65549
37729
19975
5276
28951
90690
27486
5698
60738
785
8115
19238
87774
96849
63177
52269
92084
85521
20900
54189
69198
51811
55600
8559
58432
67
35957
23982
17936
11485
53750
16257
65664
48163
60472
38913
5655
20757
94963
10923
73580
44727
39133
11212
6303
31203
97685
24847
67426
99872
5631
5155
98545
69149
98576
13737
82128
11416
46844
28883
54733
3504
87761
49253
47035
91857
53574
39611
36377
24264
46614
71327
90558
9977
80608
24470
12677
44387
2255
27229
2382
11109
56555
18063
5854
48594
17711
96515
49586
46734
56784
94239
73913
66079
56190
70076
56966
89880
64177
14445
77628
58073
88470
43162
53258
34304
14597
88568
88541
74105
1060
37740
9160
19614
26501
43623
46948
69698
43399
98440
74146
57058
90025
89642
67480
52374
97413
24478
53786
10531
67504
22796
80210
87809
49600
44308
22638
13393
64805
71549
33997
29143
7974
75480
45674
19043
85078
54299
39578
12567
23128
87267
46481
65736
40299
20570
68048
98828
75681
883
36890
90118
34782
78009
6601
78263
57530
21350
70013
82193
20984
33554
4892
71849
64443
45002
49084
14544
43968
48437
67295
43114
84900
41219
87403
80236
76315
14473
47510
29030
76259
23810
37711
63921
34659
43878
94360
29964
68879
67410
61512
63728
84285
57384
91582
89573
82375
74632
1293
95296
71485
53504
54860
27244
33587
93775
5218
93562
90606
26364
1948
43056
73840
40982
5933
97174
95843
40971
37189
20564
50642
19120
45664
76558
86924
3567
58829
27515
49637
97829
97861
1683
13180
52213
57545
22755
68950
10466
30333
40883
38660
797
39357
42515
65461
18455
89888
43302
51451
94407
93730
41404
37442
80728
44654
52365
7839
78302
40320
30020
34946
77702
43925
92777
28502
265
29876
21626
83437
83178
28224
85376
10637
96305
81904
49844
79762
3149
11096
68468
13679
15526
76064
55229
4098
56457
64240
32451
7559
5180
14915
90648
70146
313
5937
60957
56872
46580
14013
65196
88578
68261
59865
68272
66183
8354
30766
41136
98824
94810
72602
4689
67205
71851
16340
19419
1638
88696
88678
72044
36024
97425
14067
78257
68262
37576
15229
10323
90368
20946
92971
33181
89136
45900
79889
45417
55660
7791
89046
95744
25690
23104
33627
12748
32577
10225
23442
98295
83972
86518
59318
68176
57902
41968
29171
91153
54194
81608
9
28607
93124
20443
50768
77877
1838
39420
15553
21304
91961
70922
63759
93847
99649
92934
46354
12920
63798
1318
45679
58037
14133
16933
26350
3850
61627
24795
75279
47168
16729
88736
91223
74052
7781
60438
2619
5247
72336
55749
10910
93156
94672
2137
6334
13049
22758
65471
68526
64967
95613
16251
27355
52875
35929
41972
14473
76190
94092
46918
16249
77043
64141
68385
4575
3224
79699
89706
86065
39210
90314
41107
40583
8048
90407
52522
63364
11996
10599
13301
81091
96156
56268
10311
51554
478
61380
38347
38122
65808
45965
26428
11154
25418
39499
33867
29015
26287
97561
3109
33350
33052
79405
29315
74653
54506
75667
19307
62467
83406
78607
2477
65591
80791
65826
20093
20774
53829
16830
4097
41844
41351
51583
20257
93245
63885
29952
15165
68548
56540
23507
37077
14434
7489
79950
48039
16750
26953
35658
97048
24810
42073
75880
54716
87200
43488
60837
30363
59591
19406
13093
75185
9456
93464
61265
91999
81468
59148
36069
10768
24554
60502
50758
5927
59899
41530
88043
58101
840
17787
3343
93820
18171
19782
79287
99770
65471
96867
33056
49757
3048
99588
55573
49142
43447
48321
27620
20970
46224
87951
66570
57601
90883
24890
72493
64308
91315
69953
94816
45670
55445
2735
29523
41803
16062
19272
57013
89674
14176
61494
26528
84600
26092
86312
7719
24965
4928
1615
62479
11577
13909
67072
11877
12889
51216
45742
2937
93281
47288
14978
8455
95518
2050
87385
94312
312
70065
13769
33080
24175
91307
37946
6793
84729
61423
81970
31508
4570
17170
47527
59379
89699
7473
83238
31761
88372
90857
16633
90586
70319
16334
63732
42385
99198
53039
31010
82549
38707
92000
7407
54900
91158
68535
38304
20270
75962
60279
27148
51465
69246
14234
98366
76111
99760
55598
18756
88044
18812
55624
5939
9454
53431
23183
62760
7840
27575
95561
7595
31690
30413
99420
92801
12570
9762
92627
68221
21163
69169
62968
55798
28092
63708
65167
21340
56085
17968
87620
42624
43599
34282
42965
63737
83082
86060
97952
1468
67975
5775
30463
92694
80401
52684
95458
21052
69825
21432
85796
66348
7133
87377
97592
18875
55843
99825
77847
45746
88263
1843
6674
89872
39954
52936
63995
97407
87447
35683
9718
26510
11810
91158
246
15387
38705
70274
75397
75408
68250
44115
51514
34653
32172
21271
35491
56222
36689
24090
7894
83257
8213
52206
13204
66132
99101
40591
52739
27465
88688
98051
33605
34142
11714
59285
54538
15974
87130
82205
80170
85569
24428
2438
77495
44148
50328
72021
57700
18683
17445
7773
60717
63357
27788
26461
18297
59604
77954
34114
16286
98113
17534
47932
86720
70198
10510
17371
22938
72886
66733
19517
69091
54484
43920
22325
58828
5774
74710
69056
15803
27080
82891
34056
10020
80915
37333
70247
6353
85252
40988
94934
38020
53016
65918
82056
68034
76496
15718
7297
33638
32957
49082
84813
51949
97927
38681
6232
19437
5463
67632
12522
84893
8897
18310
89206
15221
83477
37912
5804
32864
40262
11018
37685
31897
71799
81496
16074
88566
61863
54290
82332
90056
67413
35418
82846
77997
98077
82107
12092
42233
31101
50810
890
17620
28466
10040
29122
34705
76712
66834
84556
38584
9913
74432
93375
21938
11396
52916
80149
16430
22606
17666
57573
51172
85300
22465
17480
73479
35464
11208
17143
1370
25820
63571
1763
89452
10127
20065
3431
61759
52374
81369
11853
95028
69734
43748
80143
92980
42042
60907
66601
45161
1957
95661
19626
13434
93236
49717
32319
6000
92559
55643
99241
65503
49690
83186
12764
46341
72668
3923
11811
91331
49484
18390
64056
41237
5812
62545
81438
41552
42322
24499
31436
74557
44607
71982
99413
30158
43945
88329
96215
60410
87745
97430
69199
96730
82128
46350
45337
86548
30984
33801
20312
38118
49096
75270
95676
83566
31604
78388
7621
30691
68278
90767
63678
68059
24206
24683
20896
77708
83772
82605
2396
84338
7708
51400
3585
52054
49190
67325
59109
59462
17207
94890
10568
8521
4187
93318
25460
69337
76305
15846
98554
65556
80708
65523
92132
96977
33752
1140
72524
57444
25453
67629
2775
48378
31405
35973
30410
97696
71684
43622
34375
64278
19279
48158
13484
73387
80199
55157
63872
30887
99222
51559
1403
67926
84051
36839
3630
42184
59268
6607
18301
48050
94801
1664
34009
49578
92115
62189
77115
68213
62908
27764
97652
32682
81470
34275
46277
32549
52039
18744
16778
78595
37267
41636
58221
73894
66225
34849
64327
94565
32343
88225
38427
65077
25321
86324
69477
17614
14149
63905
81272
18010
78041
95658
67979
71457
53907
68721
86455
49775
90562
71080
90144
40523
89829
39706
10782
53164
43442
60115
83352
57266
97861
82549
35870
74682
89337
32574
7361
95145
64797
28662
18400
88134
37471
98767
554
41609
73657
86763
19986
97504
48393
14552
4003
61262
98081
97903
75248
85614
75542
16313
74171
54034
80552
24005
20148
95491
59787
93297
82120
21332
61359
91309
84977
61899
52680
2010
3051
91061
39151
69173
79507
56679
40128
85848
8872
83309
78546
74608
76601
91433
57326
21746
19603
48484
54490
64366
7581
13466
78619
5062
81821
80359
4642
98654
36144
57084
29574
42103
8581
96070
94851
84187
46462
6368
36806
17492
13905
94704
15133
36839
16945
85179
16696
90687
64005
39613
71705
36493
7409
88314
94428
89585
12442
34089
87351
99147
52036
41473
49703
51788
53734
36442
66027
80530
96581
73139
75283
13235
11677
36998
50460
12877
98332
41779
88117
96642
63663
13955
34648
96531
85379
93080
34694
20267
1641
5265
71745
12373
19016
37659
65456
72432
45000
63345
83104
80502
19152
36165
94106
90866
64329
58469
24815
70411
37854
81551
91253
70662
45971
90709
35483
38080
6824
53172
66408
60654
1748
45760
78888
91315
1394
62910
94218
74018
71541
78027
67876
34987
58674
7615
77490
27497
19848
43781
32202
26909
68264
64283
82412
20090
14012
1082
66402
28307
2175
27375
65607
91828
96936
22450
78753
73392
57277
2791
89472
1419
64251
50797
98869
59826
13674
56265
11987
38356
13219
7986
18232
63043
20969
39499
92389
37465
63347
58798
77302
311
96508
65911
71843
44166
12420
76048
38051
36224
28861
4098
70220
17057
54309
30783
62658
17467
65413
22586
6415
57747
89094
28045
15088
94188
9143
2564
70858
57436
30061
41288
10044
98479
25488
89161
4911
98339
78953
54702
47405
37626
18214
75763
9494
9120
37766
1174
8734
90186
76841
74921
72051
40760
52383
19555
11217
68462
50823
77654
35023
9856
5190
80614
6162
87573
94053
71740
91568
65147
25872
64318
38514
10711
75180
68789
39533
13331
18551
5967
56422
7968
93830
80671
80595
55140
69237
69284
46096
5933
77944
36449
47516
1298
19679
37549
32435
37599
69600
21921
15067
66025
9606
43586
64314
12522
36407
61340
65579
83594
80021
97885
49910
44855
21232
27055
16026
24518
19
51022
18336
24769
25644
85634
87203
89423
16801
37215
91031
37631
36353
1933
43730
96630
90900
90397
98361
50244
16357
68072
18732
7897
3704
62501
25911
80058
86538
2660
80066
92624
21523
7916
37579
18577
3584
90298
40380
23971
56382
74891
95720
99191
70308
27948
47240
78088
54155
53279
53955
30834
28693
65782
8161
31947
32289
10439
21064
63142
59722
7145
2884
14140
57148
98406
16108
28436
64354
25152
93045
601
50017
74390
93861
41465
72351
19540
37588
75755
15261
47823
25902
33258
48705
49232
63931
55741
99754
5632
86287
93145
69233
77237
64248
49236
72007
81580
42043
71901
11840
18803
13733
29002
60234
53353
80817
54302
71920
66696
59595
12749
72850
45308
47881
11899
81242
69625
65435
7916
34475
60366
28682
58721
38864
99899
31368
72779
10141
44624
69458
90771
77497
65686
63915
96457
34090
96900
73024
95351
68414
9628
83820
33058
46036
73538
20295
23924
29355
52349
67994
2381
16144
34127
37426
51473
90121
55012
90137
60334
21985
8038
44161
27295
97237
68824
35251
7164
81393
51423
77809
84342
96600
70083
39501
24846
76545
95623
12684
65326
79604
7443
43423
57791
76630
67077
74626
43370
28260
12441
6336
79077
6762
12690
73366
60376
65467
56525
35820
77212
38286
13131
42531
77932
74540
83651
5780
46060
94625
12579
74927
94497
42327
24811
80730
14541
64614
86369
50664
30160
94197
91881
78903
68951
45087
98731
77579
83910
96717
79125
59379
20020
59802
35471
27039
66473
64912
65491
83250
92979
61296
28566
48744
15681
37514
11838
36750
81951
31960
58824
95762
79097
5860
5660
83015
46405
34227
73579
32845
75809
6071
21870
49343
15499
53200
54907
34694
6855
97772
14256
49629
99122
3118
57685
68864
65631
43136
63222
31437
33248
61981
95628
51950
37893
83363
80281
14160
54142
52456
80634
32245
91332
32646
7441
86907
39426
79222
33244
62480
82607
77144
29894
84179
17703
9194
96639
75979
48174
36796
17383
3268
71005
42142
99597
13828
10443
69920
11449
32136
72918
40746
80552
54399
17137
82011
58297
66476
95677
70778
29437
86408
9892
741
48830
56104
32086
11449
34246
28698
86724
4302
65985
17345
35072
77366
61240
49189
33049
93612
76464
69506
67772
1108
89561
41860
96591
75495
67041
35691
50896
30162
80301
77396
7358
30975
93376
70263
93311
43493
81741
98993
35673
82751
45411
68616
74761
63206
19326
39771
20771
9107
33427
2064
94314
59931
18635
8783
11179
6970
59512
56591
44408
98555
77801
56561
24000
88589
9987
4097
83989
90976
55878
89556
11870
77470
33833
85021
55696
20944
67098
33384
56168
27269
14919
41789
96735
78237
83081
47426
12339
84592
59083
86341
83980
25150
54584
37117
4949
88850
44616
86172
53219
15229
55781
29795
53229
43870
90193
16843
26098
33613
53086
90234
39871
26127
422
17139
83635
36012
59825
45762
5507
62560
91757
99397
31892
69536
5575
86720
22885
96715
80072
66846
76328
80926
80165
40939
71487
85124
88559
52864
88043
66237
21328
78725
31505
68848
46470
57852
24728
37445
53482
68936
29024
98854
80664
90658
23471
56384
97902
83693
38295
3473
93957
29383
53541
86240
13906
58945
45961
59483
45651
98511
47452
6960
57719
39269
41232
13031
67891
63043
23065
47722
61992
85440
43233
11135
37821
77474
261
89506
17467
15102
87221
4866
14569
84570
72279
91945
25184
45265
54941
87525
11890
65244
91793
54971
21484
22063
41135
41394
49426
10440
88493
34858
60627
90572
41481
8517
86149
42406
48419
36432
58683
56455
42015
30549
11289
42585
92391
73148
66989
49287
87847
22626
8101
35540
35831
96747
93646
88262
89650
15757
36339
58866
40080
7026
26609
52362
44239
23997
43089
63762
5795
82778
96845
18509
28841
55435
23229
61244
43681
78898
29672
67986
74405
139
22593
65867
26757
25086
54740
44733
14870
97887
52755
32662
93
99817
16374
34988
3940
58926
98346
68394
30059
3227
43491
5069
25780
89592
6699
80396
73518
32402
44580
10752
86084
68352
84461
39941
84433
60741
25605
19153
69256
98355
48891
7907
30022
64183
18415
29024
39061
88240
57304
84755
80552
61278
37926
71177
56647
17523
40087
37164
18386
74344
71215
82468
53307
42003
46577
31741
15355
76433
50554
43198
33320
79193
99137
31703
54335
35583
75046
61596
71177
77675
41334
85277
75098
59824
30199
24806
30425
13283
83293
66910
20654
88441
766
94912
27140
66423
54600
88019
17606
86674
13668
62627
37685
14105
51435
1359
62140
6223
16841
21063
42477
78490
65987
40711
33009
85937
7369
93482
11803
21770
1315
2071
93139
83644
22543
44879
78426
4225
4563
87912
80983
87026
43990
84503
64007
78706
47592
60992
8389
28840
62666
24202
96442
62230
24432
42164
22454
60055
61902
41202
59053
61118
76216
95835
85358
11596
69488
54040
91561
6556
22932
57914
1659
28928
40080
55450
34499
81483
76703
54302
38344
46377
85093
82963
59104
77112
5629
30909
59212
80379
22424
18371
42323
63361
28859
19865
10810
48155
99144
52410
9218
93552
69431
1832
5908
4751
22543
67513
22149
68981
7664
40970
83351
7599
2857
12676
76024
93253
36731
8245
5967
38578
94827
11181
84131
4560
15591
38298
69
20214
44640
86344
82339
24293
45084
44792
76946
83260
77054
54352
54569
38115
8759
90230
72715
81454
35020
34723
60503
16183
43840
17557
11424
90898
46443
70639
98724
58249
17701
1347
89160
84244
67444
1935
24341
21319
58630
59057
62515
58065
35730
92763
16198
82378
53675
67851
29818
4597
38466
2676
69540
80867
77794
83886
76374
27083
74920
91440
77849
74444
46068
18696
65559
75707
65192
70325
70671
6824
65889
51395
22824
75962
72208
2438
80453
51077
1358
29045
37223
78592
40821
94127
19782
15024
31807
8292
6450
83557
25560
97257
46399
67190
81208
88070
11996
17033
27203
40490
17185
83350
97179
22994
38707
87070
79852
93577
8659
75356
3432
25296
25724
45874
54217
99257
33623
51940
98913
50534
43900
56900
63874
87113
81263
68631
4995
55634
94754
84137
90441
63419
23873
60868
11860
53872
81412
17826
55419
32712
35172
38229
99632
31094
80125
264
71533
525
12972
81950
54447
60055
18119
76669
96590
60285
19475
10065
41730
70076
82075
24218
98823
24522
84914
40013
1423
64856
34014
344
17844
15796
96521
66201
15362
5671
57267
32780
6988
80999
97098
4470
42661
12803
29689
30385
45300
47204
64278
51574
34396
71347
76096
85343
50637
10954
39406
75110
46179
40111
98840
6676
66511
12627
64105
38651
63534
51918
61306
90919
3018
86694
3076
60731
72977
77604
81556
86019
94832
54528
94713
54219
578
82439
65948
46497
39700
11178
15564
4408
66265
82156
86601
66876
82158
90421
37959
30033
48698
91038
66851
93381
85897
73358
48555
47701
68270
15364
12365
73032
29397
53386
80278
91651
45398
44621
6098
84071
46679
17608
98950
52355
36353
56898
24653
20861
93
36200
78572
82555
39645
51523
37321
3793
87677
1331
68321
27219
33884
18246
78227
24335
98812
42531
75010
12878
1878
94950
21477
37536
84323
53888
83353
31089
92087
14495
57028
28998
48704
27694
47607
32070
36791
29809
33387
77873
16065
76484
3973
44067
76299
78878
50187
28432
39381
74615
53543
93821
81887
11775
18983
5143
14722
41036
98232
85756
68169
6231
11706
73181
44303
39323
78514
6190
70638
46156
87543
69002
9144
97137
96812
25393
90976
77410
61236
5444
3701
54920
91708
17472
60952
63206
47110
36929
8710
42463
17348
95755
31577
47630
9704
9834
64778
30792
99764
36976
364
43997
57794
93224
87071
84540
84677
84750
14963
93589
14167
37311
79799
92787
82055
13248
14523
94233
12229
81096
92212
41585
97479
28174
28808
91788
37425
61513
87432
86978
60615
60183
77645
24260
5080
59704
97126
98483
30401
76411
78528
62360
21965
15120
28296
80036
15956
38789
65575
96455
95310
70544
18563
18667
44764
58779
46517
29619
64415
95282
47115
23164
97317
27985
32974
53984
59666
55539
87707
22350
16121
16039
63832
35817
2568
29852
19619
82359
99878
48772
75832
98635
95937
90977
91667
90071
41620
58977
79495
46301
13187
67507
34067
35118
29296
55364
65042
93980
82146
74311
20370
60416
51082
43224
80333
79270
6712
82745
16099
14912
39159
64158
29740
15643
19450
48480
27226
6340
36318
42902
12363
688
76043
41406
9163
48614
81972
28713
6521
47203
64809
25639
213
25567
28402
15415
47552
52713
10643
12396
83358
58875
42878
64583
7141
49028
37767
18424
15668
80816
28138
58701
57661
39243
61947
19682
84373
9676
34060
31719
97298
77999
76223
68896
50102
13519
63944
4173
87240
4035
927
74512
95697
23921
59544
53488
57810
11459
34264
60135
10846
63547
13045
25705
19064
6108
67977
60970
63619
8720
31042
37876
18652
78923
15097
5359
82651
73981
14481
93622
85084
33593
31183
11633
79888
53625
63004
33740
79699
8459
61872
72913
75411
73925
20872
33750
64953
50517
49831
43994
45541
2974
40554
78520
72992
63050
55859
16773
8823
54184
70837
83828
96978
40641
75050
77253
32364
1411
45816
65439
43103
34237
81270
55160
46848
58129
62464
44727
58050
81347
40405
32133
24150
70487
48080
82109
93039
52663
38640
16838
97766
46231
24916
25514
37621
78043
75934
34770
98874
43619
1386
63541
4701
84392
890
11304
21703
85394
31671
14863
585
11132
58722
27476
13778
38703
59677
26490
92561
92941
84213
79700
62771
28978
67673
96872
9320
55756
17538
68804
82194
27694
45852
14431
79960
76863
27432
39758
69596
36776
60405
7645
20991
23777
16253
86633
87508
97440
11736
98917
18366
49443
42209
5932
59405
21686
770
75722
16719
4018
1983
65947
67855
62867
32668
72890
65279
44291
47515
36914
11271
19919
56894
55784
32536
76568
58709
38994
12724
81039
9363
11880
44019
18620
50438
32750
85485
39919
55025
58274
76093
51709
23039
65577
34792
94457
39789
58123
91108
43362
21354
43216
49924
74822
87646
98446
92549
86424
73396
82837
62976
61776
62997
35679
94654
90103
21928
49235
12429
99917
87404
25359
89266
89241
60820
59562
96880
91316
20991
38079
36778
585
47885
69362
59685
66147
61955
69197
30974
51991
40201
99061
66523
72187
95297
14317
88711
87359
70923
44689
72529
90554
45694
91190
55958
95994
53949
60682
14001
28083
1566
1233
65433
35317
46059
62391
13890
93635
75994
28507
28147
52731
18261
60437
59716
88343
58836
17079
93944
46503
70851
9520
20393
76301
65549
46224
54890
56695
13404
63691
12197
1273
55195
2890
50425
38968
33628
31206
26128
32905
426
95075
11365
42416
16542
19798
72293
85257
31474
67614
37158
36870
66738
67498
57232
92045
80840
89131
69767
99834
7500
57195
80231
12303
16309
26873
97535
15370
10012
20748
54715
27629
90951
61038
46076
75775
98155
77976
59759
45751
73931
69633
25220
45789
26532
75327
34534
87697
45657
58379
58127
44496
61438
26293
25404
43230
14843
99061
26106
89668
22262
56922
75244
10725
12899
9528
45919
5700
21421
81457
93890
2863
29372
24015
25903
37867
31974
34442
85770
40982
92339
9838
69713
51633
62620
10218
66190
64657
35633
2845
60931
99093
51870
70090
23489
17009
94388
14495
32890
17004
29407
28834
66276
64200
64489
55264
15124
37423
389
87537
11256
80401
13291
85124
97329
12424
87208
23611
48105
2680
43337
81261
70066
18575
20525
94796
50992
59281
526
8894
43479
17479
1552
68766
11574
63504
43561
5512
87143
7355
95093
28767
64268
48095
91589
80530
85802
66746
72761
11064
29800
70776
66389
30209
73666
48145
58767
47701
43675
69692
4271
55842
36896
91494
44058
93776
78849
44525
73549
33824
68862
81696
36467
40749
7586
14570
16993
21970
26985
39995
8994
84246
86520
89461
79094
72702
51090
71343
95099
63429
4737
95860
61837
17450
3083
39251
91870
72773
4037
97813
1680
41276
93197
38936
42201
48104
34308
25639
22622
59096
31152
36796
20715
3680
60698
20025
69322
47435
12400
71355
42686
7506
49425
10120
29086
73002
19858
19017
37666
68335
22699
44219
17933
29172
38314
67717
91049
47584
47259
30990
38393
25450
48721
36003
32276
67941
75144
58157
56752
83058
69929
44435
60373
32681
55126
94174
91851
83076
9849
69199
28245
15291
87973
54286
36396
86932
18863
91543
65366
92980
28975
21738
175
81409
32962
17236
58785
13421
77843
61145
97858
61701
62264
54607
98406
78264
83845
85251
74045
44139
75866
7972
37734
78060
2745
23101
37476
94434
99607
45343
49078
83600
92791
63771
54082
48190
44259
78964
99719
37890
35389
78429
5233
48704
71340
66544
53027
33366
55879
58131
3086
33611
17498
21227
17114
21003
84003
22115
78664
9860
79760
64350
13814
32500
12067
14257
68910
98493
524
50215
34005
4881
85531
36155
8749
97437
2739
89029
6719
36200
70074
4109
38555
41476
42256
15466
66102
71564
46657
33079
64187
22143
299
89859
58130
71039
64614
72733
36636
57082
97634
54533
32841
5663
24125
98205
48080
81342
12477
19677
18263
94974
15396
42463
39785
75650
25794
72338
90243
96601
48155
97345
51835
67445
86028
11862
4582
95672
78025
37709
32822
30006
52393
49636
38566
15540
71268
32891
17350
44051
67385
84759
59086
26980
14815
69212
6746
57836
50073
82479
45244
92276
82489
40035
8927
288
2697
65396
19634
12263
93623
52407
3317
74768
86854
88257
42581
65760
3897
24244
4381
92903
54987
46191
29215
63395
38259
24855
52629
16815
5115
46746
45598
95545
92464
40545
47516
12357
40708
38278
12843
5872
13256
5086
50428
14977
81442
84318
40125
26558
26631
40986
53938
25829
78098
52341
37288
36297
10819
45531
62028
77842
12766
2819
7147
46876
6809
7772
82303
46309
40740
30223
25051
65618
11401
98509
79646
49901
95763
14237
81953
53941
84730
26071
90183
64128
92807
19769
17446
40122
3256
11218
1537
95177
76249
35000
93106
10437
97939
3551
8168
73670
2014
93816
85817
96408
15935
88320
14427
79589
72695
87387
40534
96582
63578
8087
93111
86695
12635
43018
54069
87039
90325
42180
43052
29522
28685
29873
89369
76400
5402
69208
51961
92211
6068
8282
51926
90914
40253
93775
48193
4487
5342
37857
67427
15869
70684
4955
31598
68162
41889
6411
97802
54920
49481
21129
83345
59834
50763
56295
67723
86061
98950
38026
74186
3487
35425
48322
90513
55295
56160
2197
46441
18859
94825
49582
81697
52467
74753
27183
58837
23729
98275
21207
34511
98991
71405
97041
42730
84939
24937
92092
40150
83958
26052
62131
5536
67315
63671
63939
80443
22361
14442
76302
12001
39691
59970
78942
60094
99898
39431
30878
85081
23580
97457
43993
87786
77743
3515
75194
32081
38384
5592
5573
30358
64068
62047
62482
92807
32694
44046
14382
88795
10813
46739
36475
9287
21972
9206
94819
39021
92462
36946
42831
45507
94059
7010
16569
86501
82058
74345
27793
63799
88477
31857
42058
16769
8869
45944
47932
77644
97487
86134
27400
55852
25049
42082
74267
76840
60981
34706
65813
68536
8696
36172
39618
1437
62760
60065
36298
57058
45477
75981
10749
58349
16253
50582
318
78955
4681
19706
418
76028
61274
17174
41534
6328
9546
86979
20458
51977
32743
39728
25519
47352
8531
59256
55103
52304
92238
40620
54008
48803
9645
90874
32167
21506
75385
69051
39599
74467
41763
95311
72159
41275
34287
89785
7262
91521
94638
33290
91891
75781
39607
84321
24315
5748
50462
63396
49817
56996
95479
48013
86716
64060
65698
51614
66382
70400
85007
20028
30942
40495
47380
45990
10213
37431
67569
84244
13064
18746
51993
63581
57666
58948
48729
78226
9196
25324
66559
26418
71043
11988
19233
82602
78988
93749
8595
8099
75577
82673
23403
36862
6514
74610
2347
51396
28401
93616
74108
86883
38179
66218
50331
31071
5003
31897
90347
27768
15330
87471
42417
41058
3841
58588
48984
18953
21261
64777
67002
16463
28836
59469
8666
30391
95342
15131
57067
83056
56600
97333
49824
15580
51215
79675
88238
4825
61657
88162
77599
47090
3402
80826
92768
88105
40255
82344
33021
47925
25626
83394
30134
63623
26613
57645
58047
78710
57551
19940
35728
89871
74829
7291
71167
17997
37646
26837
89842
24165
70349
44158
57296
33099
87178
19911
13061
48009
66700
20560
90135
12997
82109
9142
57430
73206
67198
86200
88966
93570
21627
9528
47274
41716
52433
87727
72260
96110
9658
74771
50459
13418
92502
8855
77575
81467
26097
97034
76445
6702
44583
10038
12009
36990
29805
22730
7762
65687
49861
97961
50798
51445
37870
96272
2538
60820
96883
15580
80666
99451
47650
16950
38350
91929
70101
76716
20495
73253
31566
75962
47109
70163
9755
82264
48986
11588
97519
10284
11910
29702
79964
6572
46249
11697
23972
99013
75547
96230
6317
16754
84583
10516
16368
76993
59051
27633
71688
20079
66888
53088
2235
34508
34121
73898
50852
80634
41689
55606
47285
90949
63301
86599
3669
50963
19486
41077
70700
26652
67956
71087
1168
24265
66936
14812
91378
36592
53795
32761
23213
21352
39900
77440
43395
58821
27467
45456
72451
72350
60845
43338
57324
19941
48944
15367
53453
97984
6847
65405
57507
17973
56933
45035
52123
95801
51920
77969
67571
19309
82520
14259
26839
8927
32393
25932
51048
85860
43204
44847
23496
74030
68626
98349
65807
24618
13763
81227
75321
51568
61358
93394
29745
88390
75254
5239
64419
94865
25317
47593
6901
49497
77884
53142
89830
46585
16499
48396
87548
23011
64319
67592
54779
61999
41908
83476
49347
58583
79227
27504
82038
70692
2648
16003
57950
89125
84514
38448
33673
27153
61513
56182
60543
95610
37945
73998
96145
15483
8519
19221
8119
65366
93679
52309
87249
93766
38614
67745
46481
91778
55892
5836
15637
97812
65555
36209
46849
61881
95191
704
62071
78050
14723
60394
61498
8136
7048
59168
24053
67910
87330
33863
50064
60006
19385
16671
77013
50339
28753
64184
50510
16768
91967
41894
71260
55676
40545
62731
30055
1736
27149
34264
20291
7814
57150
30068
50643
33284
90810
79112
86717
79446
43692
78571
4447
22029
55772
55631
78426
48884
59196
96509
33127
31007
50193
45302
86082
72828
89134
5821
67591
44317
29113
22317
40760
53065
13571
42249
2855
89316
66027
43728
59528
49641
77466
71064
73076
13396
37447
49231
99904
84913
84304
81170
42540
30639
1137
89283
57620
11847
43986
77815
44150
84988
11521
42400
50332
21374
37810
51381
8457
13522
52775
89109
82856
15467
36981
83486
53541
79129
72225
72686
35380
39903
5917
82677
60012
47942
79776
10120
51928
24287
84629
91008
45330
88212
99578
74539
38119
35065
20731
51701
75585
86066
40773
86382
32138
95195
98313
27072
93658
17651
35742
78490
39622
71299
42434
4246
79071
28844
82388
2390
41598
27690
99452
84169
28892
61767
43778
94644
15889
62441
45366
18476
58397
20523
97101
49314
99129
19535
50538
64817
49628
52704
16461
34277
88545
6138
51386
74031
45778
95331
95468
9275
52676
18341
10103
47894
86613
56603
57489
70371
51416
3669
11183
31217
72284
17265
20093
19098
74197
93119
5117
59536
78305
17571
52761
88893
11228
65175
95624
22754
10381
69747
48866
20557
66973
36091
65799
40056
10420
49206
62700
42525
62045
80167
13400
45959
41520
85244
61993
71279
86045
32287
99833
52658
90214
35932
30970
35105
65580
21209
36666
21438
60979
34735
59990
81668
54802
90626
64244
36193
51466
80036
8678
24991
30418
62591
97490
98137
4170
6801
47373
25983
3182
24344
36708
78093
69914
96208
30343
31040
5121
30694
74476
89210
12540
41262
81546
27309
20177
31732
91156
50894
21000
25799
19813
6008
23609
74842
22239
27622
38441
32832
30934
58778
73836
10682
18256
36634
98027
81896
11754
58594
60282
33203
31071
20771
5560
19468
12450
89156
81044
70180
77960
72438
15644
96479
4982
77382
4531
30699
54483
95071
73969
2720
92599
72288
99759
15697
15373
1857
23006
44911
29282
38280
19977
32562
90611
87797
94728
99041
448
4141
62391
33082
46577
68261
54872
58496
43133
77357
5699
40874
32103
67327
27412
16682
84625
57562
40604
58783
21011
89862
4094
10593
66149
36132
40897
39679
52460
83082
5867
17185
82654
5489
30250
50342
32680
40886
56142
24337
17416
41263
72564
38016
96157
82132
12808
61955
10868
3294
47937
33049
47193
35945
78029
10586
46
51797
66932
10445
27363
15192
6035
60051
71489
88514
58220
26614
37076
77070
84002
43738
1419
16266
41366
79748
17298
66078
14435
84017
23324
78942
28811
49165
35145
72818
69992
46709
27459
19664
50295
80882
73953
45697
96974
2224
35228
12513
66526
7643
23912
86194
24878
33798
19292
4198
31629
30927
94578
98281
93288
33968
37362
82915
87120
48420
86381
56869
24906
98670
18522
11511
99154
17412
26774
3119
69785
55722
19291
39142
44519
4784
99551
6792
60105
37130
54063
95012
29873
30946
41189
39065
52130
29178
26376
16327
43520
91038
58577
48553
15842
78359
87606
67856
89121
12401
87039
7466
7023
16173
34413
75907
11635
55436
53762
88503
34416
30570
22809
49990
94357
91368
26996
93959
57481
79457
59380
69976
91035
10447
59598
78747
97145
70737
23299
66160
17178
31695
17670
47704
50090
46597
87989
13699
96533
65282
27429
96693
75415
37872
81910
12950
68228
8587
54196
24473
51363
93647
10374
9664
53020
17063
16430
96576
56574
55666
78761
40897
32137
87602
71325
2721
12899
75105
99899
47759
3379
13296
97425
92198
52027
62687
94560
53162
28536
46648
10518
88558
16540
98825
14796
23530
21320
8006
94684
33027
30166
91412
57124
40867
86520
86531
64556
87813
66547
79188
50
93123
8687
6437
21094
38066
96221
18175
57636
90332
22503
63268
68039
9925
45147
90203
24357
33311
72805
47794
81400
4892
80421
66872
17593
11966
56171
56558
5678
65495
98131
6746
86615
49348
46598
17395
79870
10103
77731
76730
27308
3144
50370
4351
10524
66897
23373
47199
95720
96316
62174
31244
15008
18752
97788
95158
12701
41815
88843
9127
81894
39663
12497
92140
92201
15756
76652
18691
63327
27751
10333
14253
55580
96074
20486
78255
54521
76069
56348
50695
88593
8972
60837
9361
3321
66886
91737
67862
51559
51439
4693
38054
21260
68603
94835
87644
90647
58229
12149
94767
90245
4681
83871
67968
85983
47920
75663
18933
98266
19532
40636
36631
85467
38147
20534
72921
78825
3135
88818
25314
24018
8790
67131
11887
23058
72278
92993
86977
1239
32841
87608
96292
63919
61580
60450
83911
25101
92869
23378
55400
91223
72804
69596
32027
10803
68061
52587
83113
48068
21914
8818
87511
69410
86835
70748
81454
37550
71983
44910
13704
54927
88686
17694
65424
31923
44344
72711
23886
77696
36622
47820
85956
79756
33417
34091
51214
39194
35103
1084
54996
19690
9880
38908
79324
24023
97
26881
77084
90832
78996
46361
53117
47959
9674
473
2536
55109
4172
104
66458
95350
28701
5416
11446
74093
22862
7754
35993
52743
19534
42260
2446
70899
89914
94013
45047
49777
38369
41400
31825
17463
95627
33054
98700
90260
94702
37996
70082
32944
31554
96104
35021
34999
34625
59645
90989
4463
27462
5231
1160
92342
90888
24340
71297
36735
43915
82218
58045
15660
55426
52758
16739
62771
68278
48995
99722
95647
6716
21185
79390
84866
37671
3048
21189
23429
7238
67447
36273
30268
3024
40583
22315
33138
40240
39483
26575
71286
61756
61964
46345
12484
79951
54421
77518
78796
79364
72250
66720
85629
59923
95342
97747
6276
25840
16294
54670
87839
3151
47868
29497
76468
45944
27777
12636
14842
30442
83601
22530
28795
22420
28436
33890
44751
74840
66906
4914
83249
25530
42392
44064
34988
726
50643
70344
7681
42835
16039
7297
23945
84812
38735
68135
13887
32467
69876
66540
52173
41785
62675
48353
95763
49719
37925
63209
31487
61451
52996
31435
58934
11379
71420
62309
60758
3803
94508
75742
95300
57432
4954
72006
14403
76303
98584
43983
83684
60300
20003
12283
4963
365
52741
41464
62854
94039
48301
85268
62800
87434
38857
46230
89839
84603
48363
12566
13391
76426
7376
10083
37958
94134
71239
94741
36830
90669
33950
19460
51134
93942
79524
71186
41448
40712
26472
58568
58638
29956
99454
66718
55502
9240
12941
7865
18574
58724
82167
29799
27940
86018
30591
7258
52923
9919
74325
10828
29126
57999
4633
72185
60089
28841
34133
68858
7910
67671
4781
49126
58131
89794
53928
83434
76972
40658
54581
28718
81193
63373
76166
78106
8502
4150
91519
65116
63350
72266
18262
31529
66387
15643
29441
638
25322
27269
6629
26661
75106
44082
99955
50903
53942
33040
71668
38145
32090
47157
30285
12265
55337
45606
29634
65753
81832
26527
63683
55939
37321
69017
5508
35644
49408
73252
82739
42487
60352
53289
58112
49702
34028
27919
53611
37111
63418
25263
24164
75462
32481
53374
33025
16193
41980
5997
76191
20780
86008
63688
18805
98795
63586
50690
89340
6088
38574
64310
1494
80690
50300
29180
77792
78800
89044
80582
78236
27418
91994
92523
2335
56569
2363
88220
23457
83946
35992
89315
93664
43411
97060
61958
56478
96664
34483
59316
86116
83338
38578
47523
98536
99107
23768
43473
25161
3301
75582
54225
27148
61397
27760
48772
28785
93485
61353
62236
96432
75365
27233
5394
70096
49259
70646
58083
83629
88342
72702
81128
44316
29728
94466
94898
88839
44471
93986
3228
32800
58889
63059
20156
8363
81767
62166
32266
15651
48288
33172
62993
35310
72247
62884
10751
56105
33184
77426
49277
28460
65685
59844
36819
30598
94454
9908
97419
66931
32862
59932
84314
99498
58125
29436
37543
12305
7077
97030
88329
87092
38379
42431
35341
55169
9709
45817
72069
66844
83714
38792
55655
67045
44709
74767
67114
99044
26240
89557
13909
71858
64747
65335
82789
88355
48858
63494
77185
42811
25341
98445
49028
36154
89097
62185
90080
23254
24503
81650
20889
48637
37838
30575
83216
94069
4277
17269
54789
83357
62321
38498
86065
17519
83120
16470
22345
73044
59642
46985
6310
46214
68631
29258
41503
85268
89763
19501
77947
82524
84687
43860
74540
44590
68667
65272
34020
34171
82119
88719
84077
31589
8704
93828
80489
86842
12380
31508
53033
72626
39839
17036
63611
77517
75339
74674
80005
8580
89072
97947
4305
84776
39321
72265
98670
18461
63958
41475
48851
17848
82450
88174
90924
70923
62908
74721
37509
74803
48768
54660
72888
58254
66467
5321
42684
67650
80249
97022
69250
93993
85266
25439
45098
84171
84413
99301
92268
36439
95158
62027
22884
70905
82657
35185
90175
51665
26111
92687
14609
618
37164
5202
59811
34412
25059
46051
18308
33999
29581
31019
38212
66935
72224
54858
32581
57010
43075
6753
86510
63606
82452
1070
79644
86740
31776
1982
75597
31282
15145
91018
41538
87561
82412
68631
56828
80063
65628
10686
59111
38362
80993
58268
6858
64138
23815
55948
98680
27798
2603
33165
8589
19358
6177
51003
18165
36094
25557
73070
2635
23076
70453
87025
18854
38562
89480
50651
84522
3592
98030
52517
91382
32388
47641
48148
82612
24183
94212
15506
62925
75828
3302
47799
28679
81980
82428
22180
81384
31409
50465
20733
54505
92557
8051
36034
67908
93968
39414
68296
74657
73164
71425
95087
29768
50085
41783
76201
71716
58029
68390
93982
41882
10051
10144
26807
19774
22654
58345
36873
56133
67300
69267
53113
53126
77296
98012
98824
24337
11607
80239
88644
84769
25915
40848
89761
4402
8214
18031
78594
40197
6227
50464
23354
63019
56483
78851
44454
82412
81243
16259
45254
35622
2540
12162
7357
3897
18311
41960
52471
52073
42958
51863
60108
77790
79745
9213
15966
69202
20383
22404
11560
4623
79751
96676
49905
16836
45912
90094
96643
98444
53557
16411
43094
95347
34984
53021
82228
13752
33491
85864
86090
66253
65559
26520
97238
54364
90355
45564
83273
47270
62885
75251
62029
58838
4699
40631
55871
5864
62257
90521
57984
28217
45317
54026
98515
26546
8769
64761
42805
26724
26984
2213
35711
34519
36313
45306
39063
53230
99438
95540
26481
347
6821
49372
35559
78305
54382
84255
90647
94352
97150
76364
51495
42970
27879
57873
20935
11532
28005
70691
45595
25593
2759
56549
20285
60671
39540
27510
22524
59392
1568
2641
6425
66716
64039
57637
21395
95945
18467
20210
72164
24513
74113
48452
29573
50620
50718
92740
6639
78440
24370
27531
25225
28746
49945
887
97588
50272
29086
74887
38765
26872
61730
31255
92784
94509
69938
84778
78930
70242
36477
24990
93065
7794
98527
21081
51480
54306
26975
69664
9953
46799
20870
44084
35021
74037
77415
77679
16771
63152
60048
71123
66858
43579
81445
45291
62783
42858
55668
35064
80682
65939
13810
36397
41962
99380
34465
17430
30219
28863
49407
43282
23296
59421
64934
91965
6001
17645
96233
18747
17093
92259
68006
15778
10194
65354
58131
49486
26349
53235
58297
8621
98637
91910
88982
44013
32989
84473
2122
35641
39571
59985
47459
87907
13745
16765
47826
7437
78644
89479
39290
45138
46624
36920
17971
88423
97932
98032
26202
76608
41249
84979
91080
76983
70566
40785
44644
31385
70439
20920
58975
21528
15523
60592
79176
57108
44799
80098
2032
93428
17527
50694
70841
36870
13945
13159
61996
61717
73939
558
46080
34957
58270
25513
94392
54591
68904
70476
17341
72959
72120
16441
36997
57724
30504
17762
29614
86032
57744
60863
43623
17833
95999
32774
59081
90554
14138
54210
63038
57406
78788
82927
57446
69880
74839
24018
63257
90009
66200
24584
88203
74323
62757
29073
21307
1086
13696
13116
6365
96183
83545
75963
3972
13076
56934
28246
38958
25496
66432
3837
40452
14693
7437
59935
94170
89193
58994
67117
82884
6485
54504
39604
19832
33159
72659
69300
55076
66925
11466
57995
76858
1021
47844
66855
73861
2824
78955
44370
12945
46592
85060
37760
23577
62362
84132
73510
66885
2822
34902
32114
42091
46579
30232
99880
41678
43940
56131
70813
40417
87634
73170
72032
14029
8436
26978
39431
66848
40582
86073
91346
10238
14624
54171
36291
21425
16743
16026
57469
49027
99148
2415
52254
32023
79352
15903
30279
70788
47964
25176
29920
46693
8141
3952
25311
73422
13027
23731
15140
35384
44700
6661
26302
16748
43556
21876
27467
92407
93941
78454
24934
27913
98661
21786
41268
85218
20915
40008
34677
92533
96699
68642
18884
15405
56153
44652
2096
10671
28860
62868
8397
93012
886
22085
4326
92487
76112
35506
88467
57475
88436
37871
76847
69510
241
2006
48032
86355
62684
40092
52507
73019
89053
22607
38685
76058
87777
10897
60594
98903
19780
16795
63547
31072
70056
31922
27027
76575
17459
48780
9106
85408
51541
77202
4097
58827
91794
49374
15163
54146
96620
15740
47987
88767
10361
35378
3959
78278
83400
28268
4710
65215
74911
89563
37695
71640
74323
45775
99453
68319
74979
71456
68896
13903
30986
67098
21477
11850
18510
79857
84263
38402
95733
6448
2283
4039
68808
74780
20711
34677
27962
48749
93175
89191
44070
43891
10497
61977
39506
32456
84503
46019
49920
46844
79167
25163
46844
34083
57781
43262
13901
92108
59768
3542
44004
66307
69482
68463
87280
33655
2831
99543
25064
64776
40357
26229
78280
79704
69833
87094
56601
59500
72343
86053
95353
38244
88482
48889
27280
77119
57194
34725
16999
77448
20776
35853
88980
89632
45186
77762
74409
42033
74696
5851
29624
84960
20955
85144
6486
52937
46883
67139
64250
70686
86661
54400
19764
73714
8189
5759
77825
20593
41183
10161
76460
68106
82544
47615
44000
4503
37249
88648
34517
92070
12685
14568
84803
66492
56429
10393
17289
3337
42402
74343
30236
90055
70475
46313
90786
66375
16089
15265
81443
39427
99937
53815
850
64535
29390
61518
2416
73339
41144
1983
15688
58234
32621
72179
58000
72093
69597
53271
17285
97796
88470
74487
78190
66840
79924
86405
97631
36231
56829
77624
88414
21983
7205
95090
92133
58870
13718
20268
37102
94911
7977
43950
62193
40419
58654
72001
57433
98295
88312
18693
96778
62817
97980
83646
50956
25449
75625
34009
84610
42984
63886
66184
16509
63519
13568
93704
51029
37530
80045
99130
58375
49329
16169
22374
89819
44520
12293
37771
8185
7923
28972
99335
47918
38135
80846
25596
24003
23558
44134
66684
83244
79708
35657
94118
31024
41792
27440
98674
26850
64950
20971
19902
18250
89182
60317
47448
46648
75605
93827
6436
13155
37853
25824
76687
14012
64550
18266
78374
82672
87972
69701
27471
93396
13361
15885
78667
13671
22050
91349
48027
17079
13619
10920
43235
86951
9069
81085
58735
77818
33397
78948
48397
29731
37697
53528
45390
53883
58970
80106
66473
23525
49066
16001
38878
95248
93500
26506
4889
73297
81650
33777
24597
84255
45800
89356
99535
26932
82589
89735
4942
83465
59530
556
49275
9023
21303
97740
55698
59832
70494
24783
54701
41944
24876
24501
68013
97618
72042
47986
93451
82563
76195
85438
96167
99620
54351
64141
83931
48341
53992
18458
71293
69234
75164
83007
63995
48510
66726
29854
73944
95760
70807
45056
2802
56867
79076
82652
59379
21298
21342
1917
54890
34603
96284
22378
7270
74091
4388
49654
54672
57162
13808
7357
5839
52036
53489
85466
66780
41868
60505
19503
30892
42187
74041
97690
11756
31138
82635
39300
20544
71698
4762
62632
26998
52075
63567
36690
72950
52785
75737
89903
44121
17071
75182
16782
81951
63450
39217
50766
3377
93609
15871
17511
60793
1839
71024
12702
60562
98593
10622
76131
91456
65088
29110
82973
52399
51176
80359
53764
88468
16799
12516
13995
66130
70602
75381
13820
67004
57258
15739
48306
91921
31869
35922
26935
55826
87251
1839
25158
81050
50865
76128
74356
42163
99606
98447
79032
87961
92209
64382
30775
83090
85453
62298
86577
81093
1876
51380
90190
26457
57203
45697
3303
82854
62315
84209
59587
29165
2174
27146
65148
49337
55200
72713
37603
40671
38159
71831
66524
72155
96349
25859
74795
92875
84964
65215
6468
69570
49345
45842
53949
35870
11648
98700
23846
5167
72824
91502
79847
15396
38859
49867
85786
65063
99233
81437
27890
12739
24695
45906
42933
30045
84856
18035
30108
31344
70902
10427
97890
97100
77741
90016
79820
56332
73196
29278
37688
56499
48866
32435
67846
46657
91983
51127
33295
46482
40072
9732
93642
3526
37324
93728
44875
3438
2908
23904
51014
93612
68592
92501
34264
62396
93612
82747
37655
48843
70046
29453
91866
69955
43749
71391
63872
92259
78059
96275
38061
33728
84740
83626
91272
61170
16785
94363
59775
84012
45140
76382
53424
49292
78263
44076
87907
56364
98170
5449
53045
9236
13472
84451
76435
10618
17865
23686
59777
65933
29855
52616
25378
6632
85842
17286
8871
84965
1229
73094
45611
99248
22971
53642
3702
93664
76029
42574
91691
99672
83484
7508
94088
72610
43230
28825
20255
289
7190
80653
43305
93099
34586
93842
54156
92524
51003
46791
63449
60977
35204
2941
55135
25076
59838
53796
86264
59829
80748
82771
34588
75291
31994
60104
82449
22347
58527
52768
63402
57016
97030
8582
77774
20576
29789
52511
64662
29129
99485
11178
42660
29238
79124
30714
64468
80542
52373
69012
12771
89433
42561
60426
19540
24419
46064
68013
61104
74481
11392
31809
33997
98235
83388
6433
63947
26621
25166
34559
95287
7326
89134
57134
60343
69570
40110
5350
96166
1279
95635
1906
69974
89514
39996
73968
14454
36604
89042
53355
74511
61775
91407
90180
17737
67676
77181
44425
45849
72691
66767
37847
55375
17814
73724
5445
299
85427
82
49970
84308
40714
71846
59824
78845
9486
61834
44482
58238
9420
91978
27342
37579
71811
60047
33512
15919
98954
39397
92667
92388
95685
59500
23475
34512
57788
46530
52160
15790
34551
73669
29027
36521
39071
69047
33796
89928
31582
11334
8251
5842
32699
86187
36429
80712
39424
267
83564
57766
40212
89525
1345
46030
7415
57581
88623
81213
48371
25312
21056
62955
9674
28692
23686
35751
62951
90821
98507
2764
26250
43583
84337
87619
31146
86824
59689
9497
23071
42763
95088
57521
62965
94394
75577
45026
72323
82997
29106
81489
80423
52583
41557
6269
90277
45295
96167
4006
62501
677
17761
48603
1759
80800
31515
96628
5187
13725
14883
20590
97892
79125
58142
5607
30224
63535
99989
15280
53114
78660
63427
79953
61714
17018
22340
73667
2026
78067
97341
85850
90657
55682
46996
22393
25001
46484
55761
82165
62878
78948
39838
58597
68113
8516
83597
1298
94440
35949
76045
26742
45306
80887
50892
83840
37250
37807
86888
84741
58460
57847
94602
27119
16384
29033
29933
42209
32128
35749
80606
83739
7774
17824
52401
74165
38821
4830
11840
53198
33421
21042
79227
66077
2022
70599
40544
9769
4790
63155
85143
87193
59595
71019
23704
5030
84346
12718
42213
39080
78583
41387
69169
58690
55342
92305
18967
27482
28486
76726
45019
32419
25967
33690
51320
37418
78620
28525
25097
45784
88489
20164
37419
68973
50606
93412
24143
36754
94119
47370
89819
26103
62616
72760
74615
92033
51872
20536
10734
9717
51632
13061
81282
28064
18136
52723
61226
25905
19699
86286
26410
55821
87621
96428
50590
58418
3967
196
8084
61930
68161
82212
33362
81115
86906
18916
69803
53206
59075
59286
85545
58084
17791
15380
94152
75427
38881
9355
50836
97883
32185
98238
17055
7832
20960
33998
38481
66188
22169
16196
88065
51676
12451
48803
41555
69419
79698
167
41157
99220
82920
8020
66829
60412
741
68326
38029
72241
2275
75163
19537
94612
49359
10201
29744
69923
65156
25530
60155
52908
80434
3614
31037
42879
71220
33868
45632
68987
73824
24733
95728
38714
68197
51616
14962
24165
31408
56643
7091
52634
95968
66240
63912
47005
96658
93453
2317
2250
19058
71632
4262
54168
40011
88249
18785
79305
76983
23950
89191
66873
22694
69042
98416
77542
79435
80823
26414
97742
95238
5579
38514
8513
18438
7521
56939
14193
39701
84031
46220
77767
31550
43381
49928
2192
20470
41559
98702
79948
32830
35657
47182
7458
67451
40218
29940
26926
67824
86370
67570
15835
67038
4574
7011
13479
33118
95749
35729
32490
31309
4591
39604
92951
77729
11424
35322
79312
19113
96223
57072
37875
82120
46466
64911
59581
58397
31055
41062
78220
77580
30012
46369
53331
16460
30385
10729
26975
36370
36449
69074
24720
5830
66211
48638
28239
96053
54230
29729
56026
4896
50628
7813
71600
29298
29695
33714
20571
39663
47430
55082
2062
54686
57509
54909
1297
58222
86273
76491
47343
694
8346
42941
82663
27149
32351
32044
15908
97827
36672
63528
4166
1326
85035
73324
26952
22199
74768
24033
86764
96671
90157
87312
88940
81367
67011
70034
48321
11302
47341
70016
9780
77739
82385
55332
96549
7686
25150
44451
96946
97650
17805
22743
2990
83901
50915
735
69651
84184
27956
79097
83453
62239
89726
50672
10536
21034
54001
1295
60137
62317
83723
4606
50486
66655
53748
26427
18941
29703
76775
19266
97049
30317
27086
89114
78866
67414
84321
5038
30452
66275
383
64136
83345
68243
86563
47540
88013
31712
44795
75515
53684
23854
84313
34629
13927
13198
72257
36334
30153
24487
81794
39947
7409
8689
82048
53135
35153
612
71806
43122
36712
48963
70843
93861
61934
19587
21260
82242
80092
6208
38414
87228
84908
1259
65582
73195
46004
92456
75187
65667
95156
47987
74884
5964
84481
60435
56726
74655
86194
33427
12386
87400
59906
1672
38803
4720
53010
90451
72695
94339
91937
90014
56242
23945
86072
94566
55039
6149
43107
8853
7131
42696
25425
6139
47965
88725
74078
64878
9380
1498
62860
46605
96047
46665
93821
51013
27321
83236
62456
60861
20184
55552
19761
80847
73729
5142
91744
50939
19891
89914
5396
50576
31548
77341
26296
69689
61975
53767
53706
50077
30641
88132
81071
71196
31478
45332
93966
9577
30123
35059
67244
71802
43693
82245
88669
51578
22935
44577
32409
42823
96980
23139
44986
19465
96102
12283
15056
18706
20368
24132
89037
73554
29529
12378
30219
32052
74481
48564
49368
28396
11175
82167
20815
84832
22669
33593
6883
49302
88672
74717
46754
17398
21357
10883
53097
7502
43145
61605
75094
19194
30276
75260
89208
5991
46021
93690
42273
31314
52026
56616
77097
74370
95209
4013
31647
14812
2323
60153
96795
62508
5400
65754
30034
45651
77378
71639
52196
18646
59281
22717
88906
12875
73469
30173
98120
35915
92959
14824
38811
28979
91320
75569
97276
32055
97619
72383
22189
17344
79235
38284
5178
82991
64809
12586
13794
64522
45226
43557
28612
74382
41494
23626
72032
29308
67709
64221
900
65035
5893
95732
21853
87498
21342
67816
71187
29830
68478
97978
48031
4995
49450
34852
39411
20996
17538
5915
48066
60883
16379
33598
90689
49401
86211
64429
87485
67693
3536
67967
64345
33398
71482
57153
11450
83502
16431
17679
61649
96992
41398
83963
96043
47247
95525
23617
24931
6641
84215
51036
11770
61794
16155
40017
48656
72295
5043
72451
1286
56913
80331
3494
26294
511
33633
14632
33512
92296
23401
55908
4565
99858
44265
51073
19485
32415
37554
43441
53876
62594
39497
80843
83478
52500
56196
2550
17243
31464
8497
39155
78459
43979
16393
4735
16661
37904
57669
95532
13614
80892
90104
32635
83240
28307
46470
11911
17529
65081
20531
16240
34741
61601
18575
38692
17415
99487
20015
73794
44314
31082
97389
2047
83798
84245
77448
60585
83465
39529
34411
81581
74746
42021
29827
72983
72489
6861
97602
55170
6029
44284
85021
52161
10933
92256
4414
16858
25403
77700
87319
17173
17888
83874
51218
82531
83503
88056
48836
98995
50859
85885
28446
77999
30669
38950
41494
92719
31774
45592
66203
10553
1885
64845
67765
29
46060
45227
91114
91542
79830
60589
35181
5765
52210
17238
63693
90871
90803
47295
89479
84432
58025
98607
4311
20144
15838
7022
21492
71982
50762
11694
85084
79811
11497
76765
15288
53043
16109
51188
36470
38275
96941
57294
19164
90269
50703
22681
25788
13431
75257
50623
1916
84478
56112
81770
52528
3278
60533
47621
84191
39038
23735
19132
40780
68136
75505
55370
94267
75444
1949
10649
74761
39614
10824
51203
87490
731
79442
14042
69440
93157
81233
8061
96725
138
9778
605
23698
29726
24237
12010
92510
68488
66997
97432
14540
77809
16513
51028
14763
95332
28413
50344
11481
64607
75861
62301
73653
4909
94279
51797
23835
46490
78180
91033
57804
15674
22406
40641
58357
74899
31671
64541
51206
89939
18139
6273
72617
13391
36662
9680
84217
28414
99279
74108
64744
30888
96579
32118
24276
47477
26951
18789
35447
72440
88174
46019
90308
75963
39628
98866
55403
75872
92670
39864
63661
63872
99138
21542
46467
69588
89684
60262
68246
84598
67579
95421
47211
4072
26289
26915
19094
90288
16364
10880
47947
12881
29094
78766
1764
72120
15964
96653
73763
37796
54277
8345
35743
59415
10446
872
31750
75037
85650
54688
57792
66689
50543
50848
4861
92753
98808
86235
49674
12712
79771
65115
59507
81790
91916
50779
34778
20372
19777
74346
53623
93030
86498
30449
30321
59234
59677
87796
93625
25417
95165
44057
4637
61676
53087
81257
62338
78245
73904
9011
73312
29728
46979
61051
58024
89162
48837
53953
67498
59667
66093
11378
55259
11303
1064
64761
80191
20093
20526
45627
33075
11011
92610
24256
17546
35714
60477
97831
28702
10658
88441
56532
46467
10765
1034
23894
46051
25446
72425
41159
10396
5724
20297
33958
59323
83787
88797
93333
60611
88325
1066
42244
57718
28277
75935
62300
37118
22722
