95036
31847
24083
91087
6486
30220
93086
7352
89809
25244
25809
8646
28144
32935
66879
97772
27313
11218
40123
23574
59811
91851
35618
22944
60402
64683
8131
10912
72590
50556
74088
85376
36083
95594
46787
43641
48313
56721
99191
84148
31853
1006
922
17839
37140
2437
52813
84106
51227
6887
21221
56751
44482
15981
3149
3185
96229
1139
30685
41802
22089
82174
34761
39253
51155
40432
72563
32549
86148
23237
49458
70592
12026
55974
91720
58804
90928
17778
85804
57965
11870
24024
59685
65702
29335
17337
40894
20102
92445
43602
47412
47174
26035
57388
62058
49679
66244
61669
66684
96707
29873
20264
97958
27989
57429
50628
44725
88507
24260
44345
12256
78450
15335
72719
29932
98065
22488
69059
9918
33818
99538
52461
40104
42545
75825
2284
44556
54638
93916
42041
92559
29258
51094
89096
28091
91605
26065
31695
8273
78706
72611
52386
95841
48100
31345
68961
31839
53316
27455
63993
27190
97185
51751
32866
97168
77412
80160
55413
52164
55144
6071
90087
94591
82219
51785
82997
27355
26238
44628
38327
71999
90792
60786
31211
61206
47152
56619
92004
11199
6863
70444
91240
27182
29922
14850
95374
77507
18228
91928
50679
11445
70652
79531
53128
72635
82524
57794
13621
96314
48348
41605
5601
8688
89128
91994
36397
36398
20540
71660
50016
20792
88156
44213
45300
84700
14830
62904
64669
67369
56411
5490
9127
34309
93948
26881
1346
11261
7658
58575
78681
89357
42998
95689
62851
65257
64843
82552
38053
37928
78452
58975
56967
46568
41912
29886
23289
26438
34230
68427
57804
19620
93125
46252
39903
42857
32478
71291
14739
62246
90647
25136
28740
61964
92978
60658
77794
92466
81362
80043
19856
32278
24850
26740
88916
97435
48523
62558
92397
64062
3592
74908
77030
39230
771
59060
96232
96745
55786
19993
32778
93552
67813
75806
47281
53316
30235
95002
53589
81253
52092
30823
45076
54187
48570
25525
94769
66384
57335
42467
94334
69920
78893
50676
58654
15738
48105
89510
61193
33918
64425
81048
36679
61369
47264
26304
64464
49043
79459
35600
67200
53520
8969
11144
11969
72769
29832
22843
90659
75245
64291
29847
39409
13318
25658
62858
14658
17136
17152
31542
5210
40724
33809
19671
16827
71043
94143
83706
6922
22266
61061
45725
86925
21734
75267
40814
60950
67749
38707
85885
85906
25262
98851
85947
69626
34578
41638
23361
35710
84405
11646
47328
31891
47917
30390
26475
19710
89297
94316
40925
78626
46125
15920
68393
14184
18565
42921
17675
38051
84844
1907
46909
78429
31267
45635
79948
41873
47862
50044
82249
29404
70782
47995
22516
10619
13732
13834
39008
91344
48792
21103
71653
73432
97781
7259
39781
9341
30457
71762
51060
91656
23963
85310
50866
82498
64736
68898
623
2281
50441
84601
71848
39252
12067
11520
7844
98129
93403
57773
451
4731
3913
26331
89258
63740
30254
73476
80647
24008
5854
70607
11415
76099
98983
90592
5441
85471
97129
40018
45882
44833
13210
36726
40902
64190
49254
32400
61365
86260
99414
41651
15937
72684
71311
46329
87743
97632
96051
87125
52243
91260
88251
76615
96427
79834
73185
95749
40268
21474
6079
22372
1000
53385
11890
55617
91521
67186
85428
25068
14485
97854
12110
94387
24593
64202
54669
38731
4787
52654
2849
7809
89420
10003
87775
54622
56582
36594
40299
61067
91004
53505
92131
39890
80181
77042
40651
62551
60793
15693
54808
20556
12203
70983
72639
54389
79149
93864
52022
32224
25164
34454
90961
87614
18625
98270
32951
90996
65610
57268
99034
54926
26887
24361
34063
60980
5722
72220
14205
47550
23551
92117
77937
89093
97845
82292
95605
18437
37363
33385
75472
62718
84572
8074
35902
56550
62543
4517
21265
81910
44091
49654
96941
3525
16659
99882
93669
87841
36920
11659
48666
6929
79658
4471
8673
33046
56516
1867
89768
36333
2664
14514
53633
32224
81795
36316
70353
18812
88458
77513
98437
1205
50954
32294
3459
73897
95176
74412
72434
97963
88622
7763
81517
25704
84718
68543
83060
80100
99401
2855
33
60675
14748
84931
79246
29576
96020
64717
21729
80342
29528
74857
99383
59407
13221
47461
55974
47363
1012
34775
37870
82104
29433
91804
47710
94901
32997
27929
47505
13252
53255
90252
19410
85603
77479
37761
86456
66023
53048
73882
77876
30459
52683
92091
68435
13765
8380
22110
12482
37257
12568
35696
79088
64625
64984
17929
31242
22943
37221
84345
96579
68091
17211
8477
27087
39275
55447
13779
81927
75459
61004
89951
94314
27130
56899
7411
29420
37341
23369
33945
86520
10886
15446
10247
683
17558
11164
54784
20618
59550
6519
63513
28802
68703
77302
9785
13247
44206
65004
29159
58318
94600
40182
37022
76253
22617
41382
51958
7726
57573
88508
93900
99574
3275
97824
85693
52644
6963
7793
9528
28111
662
93161
22377
68939
97491
61149
25611
49827
47114
94163
85214
72336
94209
75627
91919
70703
78424
33994
78065
76176
59206
47057
63044
71041
12618
63939
25526
70878
91609
57140
6284
36412
55476
1048
57655
1439
17805
68082
78761
61468
15771
2130
60611
63409
3293
21563
5364
27648
5905
14989
74220
72968
29727
33351
68904
53604
30116
51335
56321
33552
35622
54732
58218
89973
87879
48801
16860
93161
17972
90479
52898
10341
55233
16597
60405
57075
86445
99635
67748
91055
58575
97878
64973
76619
82920
33315
6684
22124
32143
4050
71323
66470
11761
45209
25845
61038
43912
70638
75529
54491
4703
12202
9675
15425
62091
63878
17735
13130
72946
11829
67159
30481
83587
65266
74977
37744
89758
81598
7053
54564
42116
94736
61017
13922
19156
86427
98579
10023
90752
99366
13163
15807
24105
13256
86351
46372
88202
49548
14528
19041
15580
93554
49177
20314
36891
40842
82883
46495
70232
88100
71279
62313
63584
20965
12375
9967
51185
95753
96268
75663
65299
7711
22377
73579
98666
51351
6375
70331
78914
28605
49542
40210
67069
88012
38984
48561
45558
40703
77031
78314
3544
52083
39791
2651
28086
50849
52223
3140
881
76384
95186
92448
53279
38865
53741
7868
71177
75598
21647
85539
34466
12552
67581
41626
38558
31069
95244
75572
81980
63813
64408
10481
18722
17954
72119
13215
67919
19726
45493
47817
99127
3235
69450
2529
33418
57093
86931
28204
34270
31115
77384
69960
19055
91491
43847
90991
84502
98165
64093
97017
55605
76651
21159
37067
11976
84705
73726
35324
66745
40526
39949
51451
30104
73830
86411
31230
43102
65051
8208
81464
44137
67039
41301
50865
86428
94448
91426
27230
74106
81127
28712
69754
55632
48475
92211
22476
82076
32382
90553
48713
83367
51606
61458
93743
91166
25933
39855
45224
5079
12617
47889
19450
89956
82628
52879
88565
35349
70293
50639
17527
93278
46495
61218
85617
11813
70194
95818
81629
81618
63934
49153
10720
74498
59495
98097
92530
5581
47557
59698
60495
54593
46201
22151
61489
33238
9262
79798
73004
95595
3646
87127
11782
81742
73025
55434
36871
90388
75840
81930
20971
30114
58226
63606
41144
63463
37168
44952
30460
84530
60349
82984
87791
10595
90144
62934
47077
24344
99728
52378
2551
90396
22814
86033
77972
76807
37371
28977
1472
4061
61225
2141
29740
65627
38726
30380
96367
82595
81006
98025
96069
64310
49337
88473
35246
20662
99335
1187
91598
10091
8357
12527
90660
23461
79378
30575
7300
72192
85633
64336
26092
8191
43479
26399
23304
58207
53243
22163
71868
59764
66567
64481
43337
1702
56309
38241
41058
34340
50786
57310
77472
36183
37379
91381
95703
48698
11481
6278
86249
8151
23079
24174
96961
16669
71933
87878
20830
22938
65168
77039
67418
77171
29319
31834
43523
43875
69190
88957
67152
41137
89516
72960
21405
28323
86864
89908
70812
52097
30695
74606
46725
46965
35914
63716
36684
42393
67520
26668
29769
68430
17410
18120
69171
73747
89892
300
6864
5545
47857
51828
79508
22524
39125
45111
18635
50119
2768
68638
29804
82024
17066
68732
92242
90562
30313
20452
41256
65602
95149
1130
76355
42521
59187
98722
23727
71395
3788
47658
38430
86564
83044
65267
4240
78867
95098
24201
7839
90803
45081
86565
39624
98881
96863
47744
51364
48677
25877
78609
43434
69439
59044
41262
10395
46726
75473
36986
63336
40403
21384
47239
46330
55110
30207
43240
98980
51799
64492
13375
95463
6111
12613
50453
20520
8583
61506
77473
45658
11443
47358
75050
45517
25178
4223
68991
27519
41782
54871
57513
3393
58112
60865
67436
69419
97841
40234
84513
68674
53622
48764
99564
84184
12502
83146
37323
56826
8590
20741
1811
85220
97999
91327
51893
93045
46334
1722
21152
50887
61215
15720
57197
96927
6978
9981
37350
45246
45176
81034
22678
68349
76992
8799
92036
62678
47793
90865
33015
42032
66900
12165
18929
21040
53059
72293
5394
66785
8972
74391
23084
96119
19082
33626
7458
37901
91566
2637
77206
2520
45795
92076
11649
27556
98062
33462
8227
89199
99291
89214
45252
55468
68707
79119
83986
49050
96791
36156
43867
34684
4587
70565
36274
70785
57949
26559
49266
43365
1341
54134
71111
45155
13659
30494
96236
74823
516
91372
22978
19597
64066
16194
67493
19757
29138
67616
27412
39963
49639
58407
41110
55410
58769
42521
97932
75229
55802
40863
69607
71502
84195
64861
87858
45157
18103
96
41809
38212
82882
9163
48534
5418
13178
24270
70618
88392
3071
16516
41646
90333
99147
9303
93725
42933
13024
15701
86386
71137
32561
21007
19020
59652
21765
51475
35401
99204
28336
22336
1654
29042
25806
89199
57080
40476
9873
35691
42231
34498
71902
9540
72157
39286
99216
79274
72354
74892
71135
44924
32132
2401
13709
70671
5650
61875
90142
88881
83653
61702
88869
71414
60056
80735
14862
12604
64526
9947
52223
53249
33060
77332
73470
51887
99235
23021
48849
79734
60435
42491
79120
60508
28068
83411
90203
99252
15333
55134
83549
95205
50333
20991
52038
80528
45629
487
49483
91422
24423
86612
14747
62407
22669
17886
11864
54800
28931
61822
71436
82628
13025
10408
28445
41162
82582
28360
43346
76645
90531
15609
97270
9392
26398
57017
2915
12068
25294
92941
6257
98747
73538
57426
55310
73823
27743
16713
37839
10181
71547
35403
70321
53510
83697
921
82179
39925
92545
10876
97946
17269
57141
72838
891
8814
89341
5355
36008
65651
14971
99795
29506
35989
55564
72689
9089
55599
55097
54622
13418
65868
90520
33164
5097
55127
45287
43759
25694
25477
74838
62989
19523
14418
94995
88988
41605
700
56535
46496
84481
22388
80704
72187
95210
71752
5897
34331
97946
11008
91831
26579
84828
37923
97457
32077
26748
23976
67740
45763
63526
45581
79660
10531
90812
51981
80271
15088
40994
66576
31083
8389
99064
8600
70140
91029
85163
18333
37954
33345
49230
10955
45813
14685
33645
48259
78161
81600
16960
62918
62239
17628
32959
10771
82970
38899
42727
70173
81375
43229
91480
90809
93337
31370
79925
83441
27515
76227
67782
6428
46913
8415
86022
34394
96533
52570
99768
64974
76885
42553
73819
98671
98127
78075
4337
13454
75430
88292
25630
31241
48301
14990
36958
94725
41865
58421
17618
14443
34760
50204
20743
1934
13817
10531
16005
53823
31606
98564
14238
30399
39131
77752
93288
38821
69409
92808
92681
15262
27032
66470
8010
39222
50596
36541
58126
31922
71457
91297
92529
38111
34952
85324
30214
26680
21809
71885
84853
87596
62070
50513
81848
76865
74054
95231
92109
70549
21702
98136
25315
49057
65740
2355
87410
68290
42193
81520
51337
77276
52405
84082
82366
40308
6035
76126
95447
53806
47538
66607
17011
97524
7954
5085
53191
76519
84621
31144
65168
55365
44431
87577
10220
73320
65981
43471
72371
32596
97914
61923
84486
40288
20547
7576
35190
77988
68146
41539
70830
97927
99784
38302
23010
55094
81124
27791
41103
60654
49164
10890
83668
11048
16352
95972
32845
64827
73861
9045
74326
62563
3755
62850
55892
85614
82120
76722
76976
377
69894
75202
8373
43081
60314
67240
55580
6128
64567
55125
92196
38190
2368
11716
83432
87023
78255
73438
23936
24574
74731
70363
4127
59100
67213
8266
94172
36933
82410
37395
72974
4401
50814
40725
90760
73961
2517
40586
50734
49111
40392
26716
260
18735
16849
36136
60194
92038
79418
68868
7359
8682
52786
52402
25645
99531
71075
49272
75868
52047
73068
18646
23717
27171
82151
87794
87376
61643
20956
9470
84506
37668
22703
74825
84182
48015
70102
85391
42251
31077
48071
2134
57515
13542
30035
64292
51615
98412
15079
91229
2886
53244
64717
98686
76043
21745
2998
73088
36583
29055
48760
98551
71081
69948
84361
69691
85978
77961
68219
77630
29428
85683
7021
44791
3975
70934
61131
10175
97136
17859
36179
88963
46563
29727
6584
31262
72950
24016
98781
62437
45016
97013
48807
13195
82317
49519
31052
87567
29180
60344
78313
73654
30192
37449
61800
17202
46222
19926
94710
5109
60613
92823
75952
18724
92875
59796
51988
41354
63363
53099
96740
61961
79179
5782
32613
32414
36875
93825
62474
54455
39881
73564
80994
36791
39545
62525
58771
9114
67926
89381
85039
53024
29306
93672
1823
52193
21061
30083
20320
22520
97531
89697
24203
76081
63604
16351
94474
24410
4835
29385
80326
52396
57451
40254
65227
87049
11828
39161
79178
30350
1025
42874
73427
73982
68060
43715
32655
85506
3959
80420
11353
6792
73505
39953
56924
50184
49360
4913
73187
23194
68050
34360
4278
38541
9054
32642
95572
89051
28445
14773
40365
81899
50904
89969
21495
54656
16269
50221
8021
19888
83696
8967
20450
24415
18031
73534
78891
17497
83330
15043
37688
6914
65973
55984
62300
66664
38595
34886
64927
35417
48142
43604
57061
89185
40054
29453
55887
83536
18458
2267
33914
99139
96892
53298
39497
59082
13910
79863
20509
35520
53751
78074
5720
13402
77085
33450
15926
94920
27669
54830
16060
81382
85294
72603
71745
40091
51906
31265
84360
88577
17646
95354
99039
81062
81128
38549
10022
12675
16486
3217
52754
58732
14377
29406
81666
70067
37883
43658
12100
6604
13527
60967
55867
63627
86206
52531
13845
24289
81552
99406
7175
82644
95503
31931
17873
58396
79035
24658
32273
38535
23427
3250
78433
24451
2076
57328
67005
55887
90936
1677
2208
8248
19164
77755
75050
56679
39487
35411
94855
28596
24703
85733
31122
17080
96041
70109
63228
82445
11533
23270
91032
13225
11384
73564
83177
10276
82533
31415
61550
28878
85525
57958
33352
79875
97197
98927
63479
17748
56881
61193
18908
43623
29802
3677
13832
37693
72128
61353
28410
31967
94099
84560
44354
67666
10645
88982
96863
45600
94578
64773
74146
8072
73861
65977
43070
66745
52381
51247
19882
97113
6629
45480
25563
50339
4361
47409
83422
7707
59732
45483
38148
21180
3004
29583
34778
965
13603
65686
69229
8215
2063
17879
23169
92108
87047
10836
69762
63825
60606
47086
85312
20881
41470
31296
25337
48619
58996
94014
63304
63236
5559
89156
85868
49095
26625
52965
5067
44277
31198
42105
53141
86694
82017
11667
95050
88749
22310
33455
63291
93525
77646
19597
47101
12645
60170
17266
79709
71708
4245
86158
41969
19589
2381
5993
2655
12907
32011
74074
65483
34082
5768
25484
32626
18500
93945
98618
38864
29803
36246
36588
26308
25540
30723
69778
85589
85962
42054
73222
88925
9358
73256
33359
40031
45040
135
33552
84312
76023
9012
82142
56738
48236
67972
29209
87757
52161
86970
28600
18700
61552
78401
49906
35461
67657
59850
16428
88865
32603
20403
16692
70852
58788
85149
56124
60825
72408
85453
87586
18364
60392
14305
62840
20791
54104
79850
78072
57568
1513
82021
33428
98991
13454
54522
27372
30956
23349
97897
72374
85190
83707
44686
51709
55619
92319
11289
97949
63086
11847
68383
15348
66708
99384
10235
58307
47247
15561
29114
81357
87807
81777
58859
87352
50581
86975
17701
57398
4266
57776
25167
37476
74510
13078
2396
34657
15706
62595
7221
28471
42814
81900
14985
45720
33129
66672
66719
99606
3218
96215
80125
15395
94235
16540
84566
3412
24847
57334
1128
68643
74618
53891
93683
5310
86679
30907
40837
53629
96988
75578
42601
84651
8339
642
38543
5906
66791
13138
54222
83908
20256
18094
54179
8050
77650
9772
43240
57970
28511
98983
9809
58372
61467
38577
53853
88923
88217
9675
59041
2222
25834
13089
2618
27640
53614
95474
7056
93592
77996
78660
36621
11709
3111
17219
48387
56524
99711
85632
27659
76907
87666
82867
25118
98004
65768
84228
23184
69762
46789
49619
17689
57115
54097
52000
58073
7166
15475
26538
54436
82176
2716
49648
79973
49851
62362
98100
55260
44248
90190
97329
89211
2585
82016
82133
14555
42967
87971
4613
61871
69385
72290
37294
46803
28376
60970
79505
57611
51111
59145
41220
41048
73172
31195
45483
74191
38018
2893
75266
35642
67668
28968
78935
79571
49459
60408
15104
75099
71964
37444
15106
19195
10861
64667
85051
9886
65422
2845
51596
88880
82856
40488
4149
85102
48969
56280
16039
71389
36532
7941
76537
40074
12705
68970
94203
40417
93354
57722
97343
67968
45866
4406
85647
13666
44038
22024
30186
8505
46144
35597
8769
35172
51296
86385
52786
27179
24818
93832
30601
93179
44369
43714
38566
64022
60907
75032
6490
41891
70464
44633
16531
7699
5502
83627
43014
78450
54841
90482
41064
26945
26093
7533
25245
935
99172
41364
88777
26319
16183
67023
15598
99521
27120
4163
23599
2152
65839
21624
52759
69006
15534
88295
38041
1510
19065
1069
29670
67668
43371
74336
72338
34335
52768
3656
67085
36835
18468
37631
64850
19542
86255
80170
25707
3441
29035
17010
80579
1338
60028
40861
12610
33217
37723
72057
11410
37798
69491
23735
81870
98102
11694
21108
82948
41847
94684
81262
46752
23464
37078
86764
83684
28207
56774
33216
82751
35363
62587
34600
72474
2054
20490
28331
7640
2509
61725
39121
96611
80711
92246
29287
67343
94732
55760
66747
7848
65146
97222
83859
8756
47772
70258
57114
64260
73263
57177
84402
76442
4507
89305
76046
75210
34891
51260
79815
77612
83363
13467
80438
80122
55563
84650
66040
31218
7790
19420
88951
72447
90027
25367
17604
38141
78728
25844
24702
31796
63375
64070
34376
45332
77322
62678
92104
91405
16199
54076
32452
43472
75945
89134
24485
51679
16784
3737
53192
63121
4217
25896
56469
53843
68226
11955
86415
79139
71700
37905
96482
9047
26558
48018
14236
19292
79090
35106
2799
92885
92546
74634
15018
53714
86968
45478
96501
892
882
65925
21356
74990
72651
61580
27579
37478
7600
80533
77106
65366
76262
12964
19705
78293
57594
23404
16913
27926
74898
5192
72588
81678
938
60307
70575
29582
10877
2755
66875
22747
15453
85523
78256
5775
16548
21491
36395
64977
20439
76758
11691
98557
57999
37432
16622
79581
54929
36725
96119
63563
28565
68575
25994
95690
93336
39678
74052
12344
91005
97997
26600
4844
13658
54358
49912
90739
34708
13929
61744
36102
87009
51935
7486
98139
93500
74031
23678
63505
43685
90993
74652
74152
6636
3311
94182
46878
59528
82566
12438
76869
47439
24051
73972
22442
50157
6847
84898
3641
87520
25882
44873
41000
74980
60017
76554
76629
61088
27854
2189
19304
16000
10546
68658
11
23344
52448
98208
10346
60176
3034
31211
52141
1491
84874
88662
62957
77962
85044
47982
86653
89133
20036
75985
17802
46120
33652
99171
46619
26757
17552
85789
31674
80376
93133
60869
36893
55392
73961
99097
97709
8638
74552
43464
84485
94671
92731
39508
90105
71354
13596
98666
76044
79871
15536
30171
95963
34561
50856
53891
89692
53276
51589
83588
42623
17244
99536
71765
8357
24005
51769
7564
4001
85946
50273
78014
14580
76572
91499
23131
53388
94143
9065
75264
13161
18886
9745
51802
64840
62961
64905
2331
4536
20070
9405
44432
57049
90963
841
67241
95134
20966
31151
66100
19585
6032
94664
90097
29598
37521
15591
19391
43062
27725
502
95548
44210
76324
70427
23737
7499
47733
6925
45395
59100
49437
3028
83931
76541
5840
20965
23617
75731
24258
27996
32422
62991
42965
55679
7128
24221
19647
22204
27318
47370
45514
59269
76811
19568
13856
221
80724
20536
77104
59741
47400
14041
85756
7000
70147
3003
10733
13556
23757
16556
91973
43660
18804
99728
68080
32557
1245
20645
63298
99515
87852
25529
79606
98024
13586
90167
26216
64363
62684
5619
40240
3081
98626
64516
80595
18380
77235
35965
85531
4124
13487
6091
98446
10762
55396
1853
40465
77082
51488
81299
98976
60079
57237
77588
71889
21871
34434
87731
93413
79980
76787
46370
50871
18138
76315
88892
45033
54287
19133
49699
55321
65279
35113
59173
86027
81761
27083
68844
42627
11732
49702
49133
12875
81385
6642
80161
45843
21038
92626
58724
83946
89503
42551
5551
27337
67117
55219
80307
34446
66503
56820
86177
57949
1788
25977
33696
24965
98063
91561
90128
94788
65590
45104
81681
30277
27653
33495
69486
11495
96153
43049
23995
61660
60409
65752
65817
22728
29562
31836
18910
26541
46775
34397
76123
54912
63524
91184
11086
55407
72946
55196
47779
29477
2498
63935
18356
44399
60869
75273
99684
33621
85732
68812
38292
23454
32825
24517
97540
36036
60160
10968
95403
66227
72651
63586
48012
31192
68980
26769
66753
36468
22409
14079
38549
40957
95269
94518
59162
96473
47396
21417
61858
54288
32151
85288
40809
77963
96105
52669
22087
39007
93644
75049
95246
61978
59792
81552
56825
38911
15923
87163
75419
34100
8520
63215
11212
71653
30262
97334
28185
38306
65355
1067
88639
38742
49109
41114
34076
87363
22777
70049
35087
16311
4682
27746
42824
47359
18832
76571
81165
13717
37692
20250
80550
60232
45998
27757
45767
68935
74075
69155
47700
98770
24484
83780
73651
92577
86410
56504
12868
18677
47476
69462
16134
45873
52076
59108
29418
80774
20391
63853
52820
53691
16169
14467
614
45105
20516
28407
92743
21351
95346
65140
13287
53621
22349
36317
91827
20902
54094
50247
60949
62328
63702
62487
66241
68229
4115
34677
8155
86890
98339
64993
48544
10222
16335
94008
82600
10016
83165
28546
72060
58003
63760
91516
23330
82335
56175
62513
23523
15759
67281
8515
26679
70143
2904
90492
89988
53682
48226
32385
40989
85839
20251
5853
23011
30353
16595
3065
37286
28341
53716
81810
37736
25547
78187
2946
98567
72186
39156
83905
12054
41602
11153
92396
19609
89824
38314
78401
7318
25842
4019
28917
61789
50780
87557
86220
37751
57906
68504
92977
65740
53109
25226
95182
62042
85470
70779
1132
91956
99957
91924
17802
14526
64321
20331
99386
74686
27855
86244
33187
92038
38194
95747
11443
24321
24799
20021
86956
37990
91966
65194
40661
3681
46178
18164
58944
16375
15971
30353
34138
19044
37182
86444
7360
33918
86217
14391
97467
30448
88170
11534
9896
71661
35316
939
27546
57362
13783
70861
37243
65448
83822
63141
99990
34763
51263
14121
68348
46156
61387
83011
58715
97501
52106
14143
54856
51749
88387
77524
38104
10407
22553
56507
49819
80432
55297
68999
68364
45239
90618
1581
2591
45109
93109
68689
35222
74040
86454
72596
82655
72095
46043
51311
69061
5159
52818
12395
19555
21173
46082
75796
68975
36259
32757
26836
42895
27314
13322
19557
79466
82264
45756
23108
55538
59805
80419
13605
4391
83416
78920
80816
65295
15790
94869
66008
64364
71242
87446
44659
27613
42902
49443
47190
99156
14821
32605
66332
12352
66273
25794
7907
60717
66896
93130
390
26338
22934
95772
9255
24740
39213
8003
36139
42252
65266
10500
53184
41389
66749
62471
71653
39868
68662
91944
36563
32820
98566
23952
40716
27200
14086
1253
38118
57622
71013
20098
98399
22660
94478
39669
41429
75469
78190
19919
88400
34899
13304
4937
33890
4321
79420
24943
45603
3801
54140
68038
92054
74952
56567
67570
27772
98982
55055
82055
10654
37960
69884
78517
71239
45167
12101
30524
46910
27079
21042
96183
61678
48743
3543
1663
19516
93628
90061
36395
47779
89142
55649
34316
3481
2974
28043
23446
66093
26908
11896
42447
20413
96134
9265
50440
65014
34787
33698
88723
92219
48896
78032
18523
82759
57957
6360
43311
71408
54903
48054
34144
8920
18660
34276
21511
82310
35568
75035
68264
17123
88655
64431
20002
15182
78594
75770
65543
39478
53103
36649
84728
59929
1338
44175
98883
11110
37125
51557
45524
96614
84732
52037
11189
78853
77752
33526
1753
61858
87753
68129
29446
59751
65433
71600
3564
84464
58030
3340
4164
82186
40817
3833
18305
18254
63325
74214
7582
74484
35393
10401
45184
84010
29511
71650
32391
36617
53241
41148
37430
45068
74016
3684
51724
84973
7202
24977
94496
29738
40611
14418
53079
33784
47392
63337
55797
80899
33732
92935
15528
3537
25944
27268
26465
77352
22945
45435
30240
93782
39209
66946
31222
16881
65910
59096
8169
37132
52108
33331
11051
38348
79718
77843
33872
20974
57321
11399
36618
66173
15853
51491
2885
60306
25620
33893
19123
46748
77219
74371
62028
61767
94736
713
90529
73664
83196
36198
67874
88296
55167
18664
28790
400
81884
77179
23819
48100
93395
5491
20031
11545
8817
64067
77929
87717
64061
70916
91260
32016
39972
61421
59912
77736
71303
49284
43612
79004
87314
60207
37777
21122
43524
48321
11005
97188
22700
2484
78421
48441
10074
71022
53352
71728
54340
50482
52949
30669
22784
2811
9603
12280
44937
35858
48323
93746
58752
51054
29097
32600
33567
44814
60785
33187
67713
98909
68020
60495
53061
80740
65016
61577
92494
42819
21942
68949
8068
88184
23396
20820
96334
12942
56219
84502
50604
25497
76184
7666
99997
17259
38436
71646
73386
45821
14873
65259
10236
20165
4014
55430
82462
92453
77608
42043
37795
48025
19785
2117
13915
79373
85677
70567
27657
8277
36265
20624
88595
76283
82583
42216
22724
60354
60497
35801
42304
93369
88191
46673
27946
56683
58713
87903
84170
67965
38357
3880
35334
14175
46707
2578
5712
74066
93750
20624
31582
67869
43989
65108
9556
94248
76664
33953
37581
61798
32706
22108
31955
41806
99739
44426
59834
73112
74171
57232
20660
97773
86397
59691
69919
32384
85290
74419
29576
80004
36503
48657
66603
39873
4218
74434
49380
23082
37117
33697
80019
24759
50321
22371
35259
16249
71924
93527
14435
2280
42744
32600
99895
36518
99963
33808
81471
84297
95188
77171
8958
2244
4377
57577
25294
84048
55504
92082
37587
25305
95045
36751
35994
40474
77213
95901
47452
64025
24432
53670
60459
91762
59983
27295
37260
3903
48762
30085
39910
70410
92962
65083
27894
59945
24739
77774
20382
92744
97077
51210
60745
79842
55939
89130
7235
5992
96605
59421
59304
4062
86356
17446
59864
41518
16711
17195
42261
77082
20317
21390
35286
25419
52171
67177
32342
29962
8857
76049
15734
99439
75519
54708
66947
73221
92925
80616
35822
70852
20059
31267
7298
89340
70780
35848
84054
75516
5218
86375
43233
7543
35512
43299
72426
75686
15923
35325
27671
88762
56788
77272
97134
20555
43686
59865
28542
31647
50499
86643
48593
36095
81372
71408
57022
89049
14092
45945
54639
16323
83123
56826
24744
22482
32815
8191
63926
32219
82281
91260
57297
57599
52945
47060
14063
42787
34133
86742
45654
10914
7305
52406
25016
18575
37782
7138
26170
64103
86277
83377
61594
69978
80685
11348
5639
99962
52528
74652
87739
35495
95939
96323
49366
59238
29345
90993
83149
34312
57344
14235
54915
27349
291
43725
9017
30716
31809
6168
84699
25677
82020
99822
45941
98904
29666
87319
76914
41597
41421
14101
90258
59481
99002
10158
14975
10981
3040
65778
89229
46789
23988
91858
6759
72042
28461
34244
69686
36960
2330
74922
68153
46359
89952
62062
53475
96116
50381
50462
29571
42025
14079
41552
92890
43243
23976
95434
28346
90132
28749
98035
27675
66030
16938
37910
1688
90161
93063
73899
70442
95421
17632
39953
39267
66498
45947
43898
69528
36940
56683
18859
60600
52578
36206
47204
32709
82436
98967
63515
48065
33026
5897
79554
8211
4294
47246
2122
29420
52042
60373
63313
3052
76482
80019
34149
24392
74125
2284
26391
97295
80078
25906
91406
33448
9890
37435
75097
29823
69734
5200
19251
91193
29548
25833
37415
89524
38078
31742
34972
19252
43824
14477
17485
76566
93370
15806
84117
72558
2057
22811
58584
80152
72575
66220
67987
7120
14491
46105
98320
66858
72149
72299
59686
46841
41122
72119
73504
50648
42603
44625
86314
42383
67311
7139
53470
65600
8420
14840
40078
94083
53318
2538
27766
46923
46616
39099
18617
63327
57846
30295
75033
91973
33421
68114
47103
71525
54791
70644
35443
21250
42301
33468
29955
57431
36497
16200
12840
65436
12749
2386
98699
99650
6026
4236
13540
69610
44533
12762
225
2023
53501
10176
92802
12307
69592
94341
8961
99197
60036
81944
10809
37776
79396
18828
51781
19849
72583
70334
10426
30415
26258
53181
50578
55460
31596
75382
85946
29184
54573
77492
26992
42028
70419
33420
67749
32125
40666
17647
87839
42155
7238
13642
5399
30804
91576
60923
20254
87198
52455
93691
97026
74198
2336
69809
75764
319
59598
37341
80711
94209
8394
79777
44623
82543
54952
68781
67356
45975
51079
19656
79182
54936
82495
68270
23177
12615
47781
19773
63884
70673
55128
98747
76729
60882
80465
52793
39691
610
57656
67429
72526
3325
36935
93629
33760
27461
69019
22855
75852
22795
93566
74278
36119
32798
14509
42090
91703
34066
46632
63148
52537
39824
73457
10038
39081
9646
3047
83741
2078
2158
29089
66746
88318
83650
47129
75856
18000
88865
34509
95715
43596
24926
43921
41088
77106
80849
62628
43930
46372
38375
61090
5625
53978
94508
14891
32701
29867
26896
54548
24113
24413
85277
20777
73693
93705
26819
85960
52469
85668
38652
24089
2837
99556
50916
19551
27611
95903
32368
32931
58232
47018
59116
37368
63702
41067
23464
12768
93809
68758
14427
45988
91104
34317
10395
71301
58319
4148
70227
47382
50287
94888
10159
58262
7720
14285
58252
6068
3061
74957
87279
36798
97499
93964
96315
77095
65296
47908
57075
32625
70241
14050
92150
83710
71240
92663
32985
68520
89160
79614
61232
23463
25675
84986
82644
63343
36859
854
29648
49417
82814
17396
9706
18852
81479
77629
48489
97139
38001
33300
6004
10410
47073
37602
77141
36236
2738
26448
87021
15056
81299
89732
16907
23446
13725
63815
11122
12512
11320
32972
40236
64441
18260
7657
49810
52845
4343
73297
2231
93611
44173
35846
30519
55860
73609
50821
76390
88073
7844
46408
60605
10410
13833
14591
68117
93082
488
86260
5127
17663
66507
35976
85819
5029
93063
41562
92150
39415
87791
24296
31892
29440
24217
93410
70882
45453
59213
61046
49837
62903
87425
23048
4668
64911
72367
29826
50608
3668
39539
56728
52356
18083
68170
84568
27103
8197
50027
25489
62796
32046
58671
36974
282
83548
14515
31164
86193
20423
43709
22664
33869
39441
36423
42223
30237
43459
31308
20907
32662
63237
90954
88481
99875
31063
71939
13808
61270
39649
66306
62685
95425
33723
98250
17790
4232
50450
22765
21119
50395
41202
43633
30185
59959
16875
22859
12914
81660
25946
54330
83644
76888
29119
92827
99558
41092
70190
37098
69219
11609
707
69894
46543
54116
81023
27238
145
41191
18632
37991
79786
20693
10189
70511
91459
19604
60769
28521
83000
8204
59024
32147
35323
85318
82662
85796
66306
40895
98691
76697
34041
13352
53546
9510
49688
71308
97089
76068
78935
89636
22713
71723
63027
87954
74544
62951
66699
58608
1368
79953
80323
41668
54097
61015
52584
68559
34570
61225
71454
95226
60932
59250
42499
41935
3949
66434
67146
679
20823
20150
22515
84700
49585
93364
85490
87300
69119
47368
10774
19710
19097
7697
39527
18737
96374
92373
59254
92531
56925
81128
36738
35863
4614
83709
28703
63463
29223
21092
84005
8109
95804
66020
37785
81217
57438
95622
92082
60733
75524
65284
99439
87201
50451
51743
76129
53234
19723
23762
45560
11575
7179
74614
43753
39694
83412
86652
80086
65876
64660
22027
58077
48027
63363
2664
23905
53076
69912
58309
61299
752
291
98521
17007
91641
81688
49536
85412
52870
7579
75468
43740
5461
75532
72429
929
21190
22266
98090
97805
70785
15535
26205
96072
53496
7206
51412
23838
47786
27837
23052
83322
61413
62463
44807
11284
8658
57607
52112
58005
33876
1240
27215
58296
89192
78287
52616
72494
90934
1734
2715
30810
71822
60504
90513
85216
74086
2448
63510
84434
30275
25698
37625
25033
84527
92146
82326
42997
30724
61145
92271
63582
70153
40084
63929
69545
88319
67908
6880
75208
54590
78917
32904
46052
25121
92241
11499
909
71949
59591
37198
6209
94097
67678
27730
8178
63615
2182
73769
97045
95961
9618
41770
29789
9463
39133
60656
31737
96575
20967
96896
6177
95568
88301
29843
51357
92794
91572
99911
92285
80646
81416
71048
71133
23946
86061
69484
2475
12354
55751
5930
86137
94139
9834
79247
44972
37147
3114
36589
85988
31585
79762
4334
50982
62694
31020
10641
5796
37834
76372
15383
72042
2271
81483
16399
14544
38570
70637
5842
23401
69649
58180
19383
40823
15037
10759
12038
85734
9053
84871
14210
89679
54983
13923
60700
884
77082
20066
8438
92926
75420
63688
64641
35982
40367
33888
83865
12655
93435
64702
6402
66509
97272
13187
16339
73404
60378
63510
35944
51935
18982
24906
96742
52962
62161
25704
17059
88348
20783
15514
37462
18503
62198
12915
47981
5960
93539
83401
456
81149
26893
99382
92299
44350
78469
47700
92406
41795
97584
87295
40505
13571
84121
56503
73944
50513
66946
11678
73820
14662
16828
95517
91871
77920
27240
87898
4310
84356
65206
10378
79864
76977
63053
54795
25041
19599
32607
52391
74492
14460
33297
75263
90764
33487
75009
23890
34382
5695
38971
97468
39014
81860
9580
85794
64320
31375
7510
14378
17110
90571
43389
8049
76589
87205
7430
63528
50517
29325
31461
54344
17905
14555
37185
59359
81364
41564
4753
58383
2910
3349
53515
98615
45385
67737
71364
98004
67396
77259
90475
93665
12089
18228
35280
83921
71071
25248
98674
3558
26056
11481
73372
5057
74233
84627
79562
24459
44674
50221
4429
22755
26621
49126
11467
13760
37055
44774
62664
8851
15841
9426
96131
73258
38849
37795
42255
99677
79274
53264
88288
56116
42890
1195
32327
91429
29977
48457
24381
60757
88175
46905
53329
17175
72829
67720
67043
62962
6760
21520
46865
26296
62583
89822
87716
16629
15349
114
66207
36438
42372
79885
45184
91410
61932
48313
79865
25426
16799
20038
83783
88597
20393
1906
20675
68936
56097
78955
428
71129
70751
79292
92916
57753
6398
61992
93533
53067
13478
15697
76080
29862
82249
87943
18385
8290
1720
61918
55243
24516
87855
41617
46162
86722
37737
58267
5903
60676
69147
18780
60532
36393
99685
95078
65686
63079
86968
87431
85011
99940
54780
26797
11947
1102
43957
53920
6347
32449
83521
12385
67216
94178
23712
75911
83274
29134
33129
6193
20016
48130
56088
32856
83920
94698
55164
39686
30176
87171
22257
55305
21322
14288
76907
55303
69736
61057
29669
45060
42764
83817
51920
73453
77155
56761
51563
66353
12681
23774
11804
36551
29949
80774
67415
36881
43851
21923
42877
17249
45937
4271
23743
19176
10192
28215
91063
52927
17271
68409
6175
22216
99464
88069
63429
36199
96210
82635
55701
27158
43134
88811
27005
6402
75366
85705
25356
40547
46873
40025
11452
47812
18180
12420
99122
38493
60073
32743
63261
48939
65698
98636
49081
44271
17599
89587
37087
41879
17345
31216
40670
61215
66222
15718
74114
57126
77265
17340
43809
24487
2859
50515
6053
77245
56957
58362
4036
87044
88947
24935
76125
63467
19374
6761
61459
44497
39729
82733
88803
85779
48617
83476
23202
15657
99355
50236
81590
2461
38305
41996
61227
42733
88933
38774
46080
15183
92583
71836
87314
59237
85551
50043
52932
92409
55090
77203
41841
59460
54259
29616
17396
94531
28537
58030
75869
19382
27313
90395
77890
6721
76771
1574
48738
46950
63707
33392
74533
80599
60680
46276
51914
67893
95419
29566
227
98574
30543
30792
60567
22151
8394
22129
48202
8688
24599
66696
14195
30903
62905
26698
87870
2187
93945
80593
82465
83976
1304
5981
28701
21698
2670
61241
98780
7982
77702
49503
99112
98970
57802
77294
88838
96520
29828
55738
98326
54642
53372
40049
22351
97011
19196
43629
17694
33982
58406
49727
73947
14826
47100
16250
97269
24561
2090
38868
19481
47152
23349
40219
30986
75095
67583
15225
73101
85610
37859
91349
72358
38207
82266
27823
30604
61255
83630
31689
2502
59040
43546
64797
49576
27974
75556
84285
51869
41551
80024
64276
94429
90960
36256
51174
31292
13152
9063
47255
29427
3971
70528
32084
96123
67056
77368
35739
32560
19277
85645
36014
40931
70400
36366
60440
3605
58551
90642
3011
99539
83298
63355
31549
5586
73582
96920
81398
1950
31092
96530
17452
52191
36374
2262
98531
88512
11462
68674
82520
50606
39816
51725
32592
55905
44009
23345
24028
54594
75815
47568
72741
22509
6051
47716
46129
40616
38979
26497
22540
70136
95970
33788
1467
22747
68193
83823
4557
68138
37834
71928
92143
89877
8122
52405
59723
31573
30762
75643
61576
50237
72891
26804
26135
83524
23789
94942
46140
88658
56132
57914
49533
84964
46134
12384
54635
6027
50257
9844
87712
60186
18788
55889
16759
3887
55424
82863
14387
53645
87993
14556
9853
63335
64921
72302
97244
69166
7653
17943
98957
73250
37682
15898
12006
79920
22395
7178
43742
95737
97770
53695
81315
20917
87931
1390
31449
17001
10044
22247
28099
40925
80555
92495
665
41576
48061
86197
20043
73831
15140
85469
98373
32313
10887
14461
22504
2889
43883
36839
81492
48246
39121
18650
55875
34297
33240
88935
75404
63530
40853
80242
59121
85406
89844
58032
92695
45187
15233
70429
31858
36197
87135
69911
80597
12300
55322
49002
10030
73469
78886
28560
73118
73205
40755
79852
1804
61904
36619
66367
8335
59126
10793
56512
32978
34897
26347
12967
42468
52854
21766
77316
87655
73453
4980
45295
61111
69209
38053
43574
78974
84238
78904
1935
84644
12292
7124
85916
44650
9991
56228
30790
8567
48865
62093
72732
25403
30622
36933
45699
85952
42355
6533
57176
51703
1569
40905
99664
68224
95460
18741
32594
23851
93045
87393
24097
80221
8858
71868
20685
27773
40431
68317
32477
96626
90975
68749
38789
11359
32248
19891
30489
32276
92353
57621
36619
77705
21728
50232
83074
71387
7459
17691
49189
91250
23633
6938
15522
61472
37996
92511
16545
58753
16247
17925
45521
74038
74056
60550
60727
32820
2115
88304
35976
75569
88252
318
31498
35423
50773
46392
58493
58626
88794
49297
20314
22740
19127
41226
72992
84036
53227
77316
73363
39737
3345
71735
16028
74428
12100
62581
3648
61177
89504
50254
69271
19155
81715
73620
2998
23315
75440
80098
10698
91604
34018
57919
69958
66950
97611
22780
54911
32829
87557
76691
79593
24799
14941
96239
72223
16516
84289
57069
23322
88192
42743
97315
69121
38540
80025
1158
41025
45506
38228
49677
8595
73128
66617
81759
5718
45426
1776
49078
76816
89319
7670
70819
73620
12813
70660
44472
4214
85475
1397
86481
39025
18370
56776
22506
48860
36703
88797
31418
86924
96452
81755
9404
94601
37880
68095
6465
58181
33181
90520
26797
14739
35211
80253
34002
80521
71924
23695
56308
67879
35552
96944
55549
44108
51746
10651
90224
16351
44111
32898
69015
56628
70358
62153
80364
7564
98265
76217
35739
44717
64195
86291
71032
94955
74600
71742
3813
38117
22773
41985
76936
13007
32488
63539
51371
99507
26205
65296
42855
27228
77870
90113
14070
282
21504
70168
44381
73057
99888
26438
82256
95706
87955
11590
3683
49261
25912
60593
69508
80003
6837
52106
93578
2126
55962
56008
24139
6818
10782
80856
81358
32969
33362
8510
66847
74082
72221
70749
73451
4431
27361
30756
38229
96335
59728
81230
25052
20898
59855
2110
73595
65612
95788
62851
20390
25763
96534
11944
44320
65496
46028
37562
62275
19032
45079
49286
62343
79444
44743
29601
77040
55162
87142
65076
52642
76081
13877
97243
42397
74731
30955
3241
46963
8672
7260
15746
37181
70511
88119
41083
77547
60277
26428
7954
58402
89799
68481
19196
51255
10442
18886
45607
76154
30253
25069
18432
78469
30711
10209
44309
11885
99291
69547
69589
34540
42787
90598
53602
11771
29333
12105
91831
91325
3660
52054
16763
28734
79187
6673
62842
7600
94681
45988
31954
55844
85348
27087
16710
83602
88828
37277
6469
60302
43810
29197
78256
90729
56839
73414
15615
99200
14878
7425
21921
98336
27055
54282
72493
78199
8306
89698
99281
24037
47366
36708
17204
53302
37592
13744
49192
15699
73888
70000
22943
92056
5635
31529
47514
74462
73797
26033
71894
5773
91058
63642
92721
87256
24066
33618
28789
31066
54593
38510
75295
99129
37995
82432
12935
7101
11993
24953
53137
43094
24222
99915
25311
44878
84481
29865
92700
95525
6767
98031
4401
82273
17803
93508
32979
83723
43986
29948
29235
3973
84954
18125
61106
35378
94704
23813
54060
23203
18593
40412
62469
48843
72895
28799
81550
91142
38330
47843
2774
94201
40917
33264
24298
56562
34108
93022
81326
44487
49452
29212
63114
82045
95718
49163
58140
6096
38809
89933
50173
60668
75804
69497
76931
66354
35561
55558
9377
89003
11957
41836
45393
96143
27173
35034
63056
51690
93826
4543
1269
1682
42487
9573
73751
89381
77297
80424
53125
23731
70659
75453
52333
48396
97670
42106
18397
71420
56333
57943
21000
78550
83644
92322
32529
7616
83819
66971
54871
60683
86107
6449
12269
34265
88664
48490
18180
66230
95745
87549
89056
55137
2432
85646
18344
36503
89502
96996
98472
85067
16637
91635
95357
35883
83542
22718
18038
50165
77044
66134
5562
10325
25553
92441
37624
64209
63183
18068
59732
49179
23925
52166
75674
68783
68886
65863
76118
97998
73978
96025
18113
86823
68499
69804
44046
94471
11092
76386
50722
65946
30452
68015
89186
29610
81987
78731
29584
9991
48021
54134
73319
71433
37263
49293
61141
64470
15961
26573
66996
17679
46599
20040
76186
81018
48021
18739
41826
55748
48394
43153
53116
86797
67346
93785
18727
55910
62979
46063
86796
90155
36279
66127
49976
19843
22706
46680
49559
19205
8662
79575
78509
84519
9390
33043
19346
10412
91828
8168
81589
63247
36904
73835
61596
4867
1017
86522
4086
43478
30566
5231
1491
69897
39777
76840
81399
80472
70063
56342
58312
1340
69180
22620
47085
68818
64643
68597
77406
34303
74438
8315
64081
54811
64473
23548
53251
62444
4530
45108
18826
36183
42593
6080
88639
3431
78084
8611
44742
32550
51643
38874
40348
35486
49856
80248
94067
14283
26749
92777
40224
32420
9116
69783
69039
22251
41150
46679
5424
16228
23588
18954
75942
24954
37516
22128
58747
63099
33980
43654
90734
56031
23855
44855
82659
35564
67966
28594
4955
84224
29481
38968
35695
11752
4884
86406
27067
72809
37041
66388
62281
31405
3187
28513
8962
32688
62932
15393
97969
27727
21501
30968
80302
83095
2043
84192
8565
64260
87123
33474
54284
12555
41724
21199
86747
84620
83259
64189
20070
51110
95061
85937
26057
67592
81373
59328
52843
95341
35893
49970
72632
52573
30625
77228
62723
98512
58665
52600
9709
20691
77841
62806
85686
3567
12104
49725
89680
81988
41766
24341
49429
98742
95323
46859
32665
35563
4910
12710
1721
42714
31349
13224
28367
37152
60841
1711
81930
64496
58475
88234
25954
30659
54480
99378
73268
32255
251
22490
55487
31647
69648
70855
53574
11551
541
73890
57250
83765
44562
27160
93602
45955
50878
66994
89342
64617
34439
48534
42725
10393
67795
25184
23512
53532
98387
18770
44262
95944
73591
410
35312
82420
57222
70074
73066
60493
59649
16815
36610
86951
44460
98164
19933
31315
94632
79999
79781
87485
10036
8651
97816
51716
79764
45094
63851
44463
47342
42
13164
81771
29627
61305
10174
44152
91847
11181
88732
80803
93927
28848
4967
17623
11923
55774
65932
69630
5251
92197
58900
18387
38989
56776
85907
64939
2593
83595
2655
12128
6223
28603
13151
59607
3650
54839
57324
83154
87990
75780
39467
83450
91266
98977
93558
81187
3684
80192
39793
23990
79161
94220
39211
55145
41141
94776
42782
72850
75398
45234
41558
8252
8525
76604
74580
65324
15697
45359
13973
57084
98449
82777
81640
29470
52729
75449
27121
40011
63218
4720
61255
22401
43802
78665
32966
12002
89391
58005
18465
8873
12057
84473
7756
42755
34221
31215
74924
14662
24396
28233
65489
58324
66219
82709
25540
96384
12580
9741
2415
65692
67655
2770
9631
70677
83979
19157
64450
29860
43637
62578
75933
57691
26894
5099
45026
13976
75020
38884
95248
21513
525
12458
15615
34984
39230
2930
56181
61092
53125
36582
99422
79650
55589
52773
41218
9286
74841
37079
58775
15064
66765
45064
71025
61818
52300
7798
31429
61120
37682
11564
21363
73695
14492
80902
65167
55197
87155
74647
31446
81048
62975
3357
76734
7054
63155
96283
2101
74120
63880
35740
39134
37941
80108
80184
54748
55460
41433
53796
82683
31432
71500
95061
23410
41561
15219
25726
65157
74687
87606
86021
22131
194
5632
77726
52088
63408
68329
63970
98662
56017
5696
57308
97239
1941
72429
83422
93586
34307
26153
9706
13763
33358
91963
13
9547
67913
79946
35173
91835
37429
31125
27414
86514
77859
13609
38939
32308
2381
28095
91340
87130
77462
55133
26666
25736
14192
97822
21468
69131
31797
32139
30850
48534
77899
72257
88772
8231
5618
68178
84175
83461
33156
72135
61233
24892
78282
70794
19379
88332
33490
51113
91204
6211
34813
22576
36301
78224
65297
74277
95355
70090
58477
66041
60037
5289
274
78880
8615
5602
24837
30708
26689
34203
43920
7878
53974
5326
93900
1773
47454
43397
78443
33136
35641
80683
40934
24638
13720
55323
35955
10547
42934
31341
72822
14084
24983
67114
12098
55943
24617
99402
62178
13777
63495
2781
24423
57001
62291
26935
68601
30975
84324
63523
26823
51958
91647
25341
30400
79353
64355
75636
65159
53291
69646
14289
87774
95348
61380
29836
82894
86859
93228
37957
77156
48052
81219
64665
69641
32859
56260
83932
62347
86785
86721
4980
26223
79411
4518
20864
22436
99642
36713
32744
91587
48981
34242
8886
44130
49205
15007
29075
95621
32455
44040
81742
37747
46366
86366
78771
70739
26981
55700
97540
23093
80422
13289
78374
66570
64666
88066
8363
90830
40515
7399
83252
50145
60483
46370
28175
13809
72332
20535
20435
17852
27184
88311
29891
42744
4979
67232
79857
93044
25746
50125
95454
43941
39173
9650
11165
35691
55868
42316
79463
61138
6643
38245
55106
25055
60788
31596
77263
99995
58191
64961
98406
6446
35264
79688
95909
92111
83397
35629
61591
97433
8209
15319
65083
90389
11944
39310
10972
50833
35204
92483
57941
30015
41071
59297
11208
88939
33204
4836
81956
73383
89969
79861
34852
60785
51719
89008
8677
59484
13741
19054
52294
20238
80725
82029
52928
91324
73161
64717
13110
21477
20623
26430
64791
65708
7020
68391
65374
75967
68479
6969
58906
78561
53673
88207
7464
28348
80466
4298
38670
22936
30633
51487
37091
16150
40189
37702
49290
59042
6368
19883
15777
68487
91725
60478
52760
63538
15069
69144
53764
83327
23634
32710
91005
6771
60147
73732
66565
92517
74565
24580
10858
68863
26047
90174
90844
69135
89338
48641
25519
69317
19100
6332
69598
48595
91192
90419
86836
93194
35447
43925
13278
11322
50533
55342
99302
97922
60482
30320
56002
66456
71137
56772
84477
81788
9025
46913
42439
1550
69633
83624
74200
66428
43624
84447
64226
17301
63111
42410
15578
69728
86896
73370
57070
30639
11301
99535
18330
70704
90872
92921
8652
59017
92638
59062
98180
62328
21855
87810
39569
44278
47979
85285
23560
51822
69725
46850
67697
66086
91115
82000
34811
18072
14741
86273
79559
97766
99702
53837
70486
9489
28583
71735
10678
76711
74972
15182
73789
84561
86266
1898
95446
75301
2840
71299
21749
1611
49809
5247
60913
64451
31838
52243
79589
8872
58110
90580
44276
6365
79503
413
62626
68017
17323
30080
15695
76244
74607
46848
76850
54542
73060
83135
79819
89217
86553
59509
15232
43441
64524
77948
47957
94454
92924
6035
77651
76339
92145
1806
18600
84391
70906
67424
5058
85853
39272
27429
57978
72759
55604
45505
27003
2960
28397
6370
91391
48702
72424
90372
22318
98601
75348
834
41841
1554
52456
68171
75093
11287
52428
39356
84098
72801
28248
92458
83636
5636
78076
93966
49944
59124
1530
42472
87837
19018
50944
44996
66057
86553
14644
28948
3914
1773
79487
19999
9043
70071
25583
3503
33397
71100
52335
46690
20330
16247
61406
54202
74712
35938
22734
85754
70625
78458
40427
63193
97070
32876
12996
22822
50610
7459
2114
88539
96643
23480
35441
82324
93313
8248
83415
13565
80053
74573
60568
78844
6788
54840
22141
71589
57612
96741
70283
30118
63819
28889
58322
25456
61346
16294
22928
76166
57074
2760
52893
25937
68986
63796
50047
96850
80806
79081
60889
66464
52522
9168
5701
96052
17889
61582
56404
42230
10734
41407
65210
53868
37176
71995
24720
67754
65157
9984
20978
77018
85320
7248
56490
77292
21679
34631
9857
42992
4793
25290
90783
78530
35852
3819
77595
54650
23187
62269
7567
99763
59890
80698
65431
15667
37549
99025
88761
96990
39076
82292
31692
70821
58103
83870
81144
45274
52678
28409
74373
83258
51725
13411
37436
85444
50623
86680
18015
33356
94399
70069
44566
2887
2417
21215
17128
4621
41816
40822
39742
22654
45869
12866
3916
22500
93598
19961
20426
51982
22675
32321
1971
94778
87896
24308
48038
46478
43261
79987
65043
50869
81009
55404
2591
69006
37726
28804
68404
36888
66741
76522
3457
11855
88666
51719
37388
38858
9494
14936
91845
30662
66253
66033
10681
62077
68097
49788
14991
78109
73176
70650
61359
61829
75778
88873
41644
90465
10275
34910
84774
64793
51557
83538
85240
46152
28864
90115
6111
36177
86919
9180
36983
28325
88141
34381
84616
14976
44722
40513
908
87937
13813
90294
63711
96090
15162
41628
36077
99793
10074
46923
28582
74584
30162
27052
79104
82714
80792
64528
33213
77981
43677
78814
91189
63996
33667
33034
73687
41397
4257
26668
45742
69762
34001
96836
50980
61262
19826
89149
30990
87236
54038
6317
26102
39996
80597
62398
98162
61089
55276
1901
34183
80194
7299
22926
44260
34999
99105
99715
62423
82127
67940
94680
95536
83406
1181
58820
40582
33326
76072
17842
62887
91642
33538
45976
23943
37359
52711
51193
83398
71268
34871
12598
86120
2355
92484
65548
62462
11074
52575
15981
62156
20111
26726
48862
19295
59358
10781
42695
38815
21777
21815
64836
85016
37434
39013
42540
46655
61322
98983
6901
82287
47912
16317
91155
47255
55342
8559
93180
90922
35632
96357
29507
80750
60091
55685
42776
64916
84676
26681
64584
26577
10016
12377
61620
49452
70035
27581
48686
63342
49943
18892
1139
12091
45673
33693
14244
3794
35570
1606
63953
50798
17600
51773
3182
25420
92308
84086
24925
81748
96236
77623
61979
34641
34399
80323
72271
35534
54696
41703
77220
27761
59873
29838
40978
16740
95217
17416
35076
26397
41441
38982
29346
83069
62727
13785
8977
58242
9195
36200
57144
85948
2655
66937
67105
72320
56913
66498
77692
65349
61422
78709
49097
93867
24385
36192
90925
87761
10795
86442
30202
74891
49009
98527
40307
57254
48277
78909
71914
20613
71346
14028
26339
18496
84558
91271
25105
92935
62733
68658
59827
28719
39724
69727
64975
62731
89884
35478
58684
26535
22860
21215
47447
22753
5997
82252
36939
4127
26630
9850
24042
78003
94583
57078
94003
47393
52370
30601
9308
33113
11086
97989
25028
42136
26614
1483
35166
79282
33552
77575
67369
12798
20225
45378
97753
50131
66581
3585
12498
2306
54332
20978
66305
52882
44615
81823
34135
82645
75723
17582
10361
59283
26170
25570
15448
24870
96186
5310
96138
4514
47085
57657
70575
49055
42480
11243
57777
49205
59325
43871
80812
48784
18102
7002
78781
90108
31684
72145
97520
44790
67347
52521
3558
15970
67213
8086
86628
94655
29929
72882
53944
61270
7447
7984
55220
96674
50402
17249
10402
33372
24046
84930
23320
31852
36769
61576
41180
19167
46789
25340
93186
24041
7790
51347
37166
94564
54099
54604
81841
34394
24615
63122
19275
86443
89927
19542
41337
10118
51782
82106
39705
14435
61743
64148
20744
82417
29200
71706
79200
5636
66905
67460
47865
4589
79696
29903
53479
56099
70817
60655
42575
95797
35407
76008
8756
60923
65654
36877
41925
17227
20239
31062
67385
64682
85634
78751
62297
43641
30603
54749
65364
82393
75403
76204
67488
57155
15256
14686
6746
60023
66062
85238
39300
91127
39531
43907
79027
85735
55392
59821
16762
92323
29781
61973
85397
35842
74
83183
18954
944
67605
9838
25496
16067
95290
60182
20393
59202
8519
51601
45666
50968
30130
81901
51164
35001
91761
76258
25151
41726
99723
76562
88249
70781
37987
73040
52611
13430
90807
31645
57080
32073
95731
5801
92418
56224
59741
23233
95836
79348
23513
19824
77215
3791
14155
65794
62193
47879
10809
50396
44080
23816
58032
77228
1221
91042
21589
54714
78080
22250
7570
6963
68395
76874
94520
13592
55236
24328
89483
94940
75259
68528
80421
45802
18212
79899
99347
84457
56626
72192
10847
4732
2620
40410
87564
33264
74041
18503
4580
1375
34634
5027
45152
73586
71778
16550
51428
340
9270
562
10557
37865
58396
15868
75136
75552
43394
12229
59015
21321
91694
37131
98088
5887
11403
2837
4342
27984
89309
61256
39551
36733
19747
88107
60305
70232
23376
6835
74024
1662
28471
99006
75187
56064
61635
72981
46336
86752
65274
12012
89869
61811
59488
83259
9680
97503
6938
39264
62182
68940
12207
23443
11031
48013
61010
73823
18118
70288
55563
4904
52176
36558
38205
57352
92850
92688
61943
42024
44252
38421
56501
17590
62710
77297
71386
77739
77245
36487
78427
62802
63293
84111
44653
5083
89455
5027
87975
27173
95053
87811
54863
76048
31188
60369
59836
53311
23606
2135
90409
16992
35559
64914
95012
23761
12438
94616
60733
33733
76627
83271
96578
81630
91860
92761
41610
68064
91905
33121
67896
87823
4712
34770
46970
56441
83557
80453
86402
2340
17461
18075
54133
75109
46078
61435
27242
98379
89099
20891
92645
94839
44294
54241
50546
11781
91232
73233
84187
38427
18759
91771
61405
90484
34238
2585
12279
789
17943
38571
40203
31985
8214
58392
16272
58551
29138
21469
35551
30425
65518
43231
78965
71013
40476
73057
43529
50471
84223
35189
65208
10324
96265
47974
83581
25689
56669
63648
40870
43492
49155
26453
80435
50528
80687
60659
86624
85901
37968
91994
82643
69763
37681
53762
72909
75527
12806
90392
50008
61181
59056
61808
16565
82754
73362
29879
35720
60239
74811
90583
1882
65490
80598
92058
81269
39065
62796
28437
90325
79816
86433
57627
12502
92229
52545
95444
72642
42503
75065
8053
12882
66277
13639
79689
84436
87347
9888
97680
77165
50808
24939
26384
11090
47385
90112
17153
89164
45623
72492
33843
12731
84369
66
70192
74747
1429
49306
24335
30209
77918
57237
93216
85174
66757
77700
35604
51850
909
7622
93922
29177
65115
51271
39517
54876
60048
46536
65117
2117
35391
6280
27018
70010
41221
95321
28513
66211
43446
4941
83006
38041
85552
67471
99247
93570
31722
41210
44332
69684
54507
65302
88255
38000
78569
4666
47615
33097
60548
15315
14699
54892
84188
22218
94817
71637
30218
23206
43952
71436
49187
69393
8403
95968
24615
55881
43625
97644
52024
45947
23153
18837
2204
95432
47609
70088
18025
89018
91440
36555
47705
95415
5662
28130
90241
28114
53852
63333
72653
27609
63351
8516
97258
72896
20496
85114
56899
92287
13384
22688
61041
49971
81073
14601
92161
95861
52688
88755
74609
24728
53612
41200
31765
7397
23730
53772
63730
80272
5726
96501
2029
80291
24991
24415
82595
14637
21579
29307
74936
62495
13189
25738
75633
68752
75513
97734
14342
91061
35968
94379
75425
65096
88724
47924
73996
22150
76750
89860
49166
66724
21383
76626
86560
16882
20658
80749
24979
56658
32005
77524
74282
23380
13819
12114
11538
27874
65567
63013
31883
25995
39430
72668
44304
11346
21075
36933
91567
77066
50418
60445
37886
31718
80141
8212
41111
36563
39177
58750
48093
94763
72754
57683
59056
58444
20097
52045
51276
76609
36386
46121
56583
13737
57976
23170
27294
48714
32322
75214
95806
83725
89182
47913
6239
71560
39637
42563
43239
5607
71003
74974
88697
6817
14919
37120
53240
81746
13612
85859
91249
69030
85656
14957
40680
4296
3862
24149
73741
56970
80918
92396
4241
63962
62943
64368
5581
24841
51444
87496
18807
77533
8805
45669
5606
61411
57424
49766
98818
20856
69930
45547
35102
46462
83965
26776
98068
74224
7233
1943
67698
15487
68821
86268
24689
78606
70733
24734
43873
50550
31539
28399
30301
26116
67052
13715
60224
39987
9351
79268
46872
54096
25331
52885
87040
35370
57294
57779
79997
36167
66299
31356
17608
49500
19798
3319
8711
22537
20980
26999
90678
32689
5892
48267
89317
41531
15245
8986
79410
70249
66551
58081
64872
27964
55071
13601
90156
15936
99228
89318
21312
12953
44736
7706
84250
182
10791
80801
6317
63732
5003
37687
19007
82351
88590
14182
48203
77063
63567
45509
20124
48308
78368
9747
69616
8218
66483
89643
94429
6196
13162
92775
23308
31661
5687
77724
87952
98186
64017
89135
30740
34444
2668
15678
65246
28863
39074
82521
39373
40888
65398
13093
52368
53719
69194
73004
34585
34989
38090
76031
33698
21147
86371
121
50569
12228
14378
87345
76663
10866
26229
50017
13046
74432
14769
85679
45639
62690
44501
40752
69144
83962
50270
53540
40797
69
40406
69589
62467
32683
43138
52963
60095
87985
55436
9592
48073
2546
65108
53017
14485
51728
5857
28507
14659
15381
47
77935
38950
83514
27364
71894
90487
97338
6887
49736
70876
32830
59323
50500
71821
44789
24878
43980
67727
73265
89921
25061
18996
5176
37606
43093
97582
91484
26267
17415
78104
21763
38881
25416
22
62470
30639
78952
5319
71243
62476
62757
81097
5700
38715
15242
43223
14607
81195
69695
26850
61876
60779
41393
25459
74986
58939
33773
45908
84271
74312
99003
71070
89471
71631
49113
93949
33906
50478
9350
14149
45926
38661
96483
10789
27163
43963
13295
66460
22363
99869
82974
10288
56571
90565
16227
60983
97487
99957
25036
3531
96865
33043
21047
96931
63473
91687
91625
34069
89602
21292
9316
64129
71845
55545
80924
23215
64295
30604
98296
31022
45644
67313
23544
84401
91338
88714
14499
98906
55403
88130
96462
33949
25441
5819
17284
12882
17613
99552
47315
35476
52337
79226
76858
1070
90552
18844
38443
1025
9641
93012
96687
66882
1661
94013
57887
29552
9498
36646
5592
74758
77187
92719
78665
1472
24829
75367
38687
66025
38261
68041
5602
64743
83289
62819
78685
66417
90455
22473
93848
72493
50271
13474
89265
62391
91442
29580
32288
31428
47932
87731
3383
80966
93959
72556
58288
59618
560
75386
76240
15185
80156
72417
62763
41599
87410
31944
83592
38841
15328
91469
39097
87024
42798
33098
24486
63713
3453
16274
10030
95249
43079
7259
18093
50529
64657
24635
70783
10732
4531
19067
65857
15068
46233
78663
92337
77854
50710
47666
74981
59497
45987
93447
16099
56463
48634
16359
38168
60860
48070
94574
56164
84285
65356
80991
72105
72896
54324
12233
76941
62774
61160
72860
34309
96260
25611
24028
40791
64134
40761
46632
13003
55787
41293
50532
49261
49632
91159
61629
1895
48298
86466
9922
62662
9956
62902
81571
49712
65241
6557
19440
23530
38476
70724
12206
98336
73127
59137
19839
30851
24606
75567
74033
20098
1437
81571
376
42992
14823
31730
22473
81737
92694
10338
28643
76307
51237
10197
24353
33357
44040
74315
75550
57577
21321
23102
74526
85063
29087
52195
76133
90495
71320
30778
77289
72730
12432
89824
61224
28384
62526
38579
34889
33511
84083
37703
30835
28138
42081
35898
47098
62929
34783
86481
86810
50290
17
16456
98777
78335
7045
15313
13904
62627
55596
31978
10416
61915
33049
55912
63875
61413
48973
95968
70831
5460
39426
42038
73493
83618
92266
46387
42982
93188
5096
13204
55711
84839
43967
26998
72713
95976
91046
82889
21339
47213
24674
72261
77915
52105
27286
68920
95089
86168
72023
85684
13956
38815
15649
81349
10864
57978
42962
15158
86069
60657
72330
20716
57531
42391
76267
25576
17947
6050
83198
67898
70367
66083
74629
23618
80786
67164
64123
21388
56331
23346
51298
56813
21164
19411
99247
16896
69190
62617
16133
14734
53014
75887
96820
60681
74882
3958
14730
35523
75838
1710
50972
89038
2970
4125
15317
47872
64185
92031
563
43699
93855
21573
58827
62722
9358
15517
99551
38119
43143
59370
56386
55329
89917
68463
14883
94479
69263
13947
48735
76827
52434
28599
45549
54621
72373
62259
53843
17039
4094
51374
52710
77158
62054
72433
20879
31440
17060
34097
51323
59365
4407
76610
92379
16467
45323
95642
99121
34506
89241
20838
78609
50238
43295
23736
91264
65255
76023
4206
90349
47098
61673
82511
34025
91769
6660
79228
93275
17483
47584
83443
77418
35165
62624
89370
72420
75823
36220
29082
9297
76730
63138
19337
27798
83255
72765
2471
33862
38317
81168
55624
55416
12854
43748
4224
97691
21895
42585
610
9806
66095
2367
81637
86922
5798
43420
43443
87614
53925
51315
15441
29035
46941
94908
13618
83960
42336
54713
50769
19003
4188
45365
54957
36314
91959
28026
64564
91417
58400
91678
50525
33238
35609
19275
43201
74363
81500
32415
21999
39834
29321
14857
79937
87002
65727
26589
8475
17945
30129
20263
55355
67182
91815
81606
5617
20730
47409
45323
94962
77771
78856
52026
29213
62246
790
82202
93425
27665
51707
39254
2459
9921
32713
10935
89682
89331
65427
67955
70586
65370
19551
46618
61287
38136
36323
83343
41422
54002
13657
22471
26954
36177
37452
44227
60978
77294
85643
17691
86211
83524
33163
80809
66238
90874
17804
45433
34468
80880
91924
16286
55302
79454
74736
29591
58220
32237
90738
91077
25922
17447
40780
39423
14008
29235
12300
66281
72468
88485
49956
12387
3687
47736
81743
87062
32207
38741
80380
70412
20331
90890
48874
60541
62078
97371
67168
47499
61441
7860
86007
28740
86556
94566
91768
68764
42744
93739
66801
37002
78573
51522
72965
45982
30923
79536
12599
7566
97710
87674
97384
19479
51857
20325
70745
35032
68572
80238
77345
16637
62067
64800
4840
64607
2478
21216
25831
9121
55967
12979
44317
38467
71940
43377
91839
68809
17924
2891
29618
82541
84771
59602
49789
73766
10476
66527
76883
66230
23820
56736
191
62505
16394
50164
74935
13772
46681
8358
43504
9707
53705
3477
51598
84731
43356
58916
47538
8480
28486
1936
17107
65680
50620
94803
31865
2464
15011
31073
54130
35950
44333
59601
85300
99231
12787
81812
22073
21776
68441
78066
22127
9566
59387
19910
28836
81294
8003
65057
30410
51560
18989
68402
37743
21884
39628
34510
11884
21590
18298
72470
98761
15607
54227
7553
65374
94103
18176
52367
71943
61543
36843
25762
40038
50420
79808
7541
6292
30710
65967
50571
94461
49954
663
2570
16961
75930
21857
63416
59602
78276
69928
482
3477
95970
79305
6520
55339
51834
54536
34732
63117
55636
93113
68866
14716
93226
28363
87323
42076
32087
28217
81174
55623
67727
78009
48806
14944
51656
90591
89443
72246
54760
92765
93667
91615
36360
22285
44068
71115
73288
52202
54458
76173
31234
87453
38824
56840
31796
87853
23735
47566
34534
21340
27514
50059
88753
44859
35749
17960
30498
91575
3682
61242
65092
62486
8356
62870
99446
77251
78356
70941
84295
16207
68787
79885
73759
5000
24388
80274
39184
91966
83147
63802
66856
41877
37711
33420
65250
43607
2861
91501
86535
26107
40617
81712
48519
93215
11081
68748
79097
75954
57394
54545
9497
52793
63271
18326
52552
47628
76299
83753
20470
55475
78776
38532
8428
39879
94386
23214
24774
74936
97620
55838
74389
86855
84405
58188
75590
87075
31365
80543
93918
55640
1177
63230
34571
28601
54305
14062
78606
19384
80867
17621
67307
19108
71030
31060
47331
2084
73283
8640
98829
87866
43973
4160
78333
1555
80156
22642
68388
5082
42736
65477
16262
95756
89834
64830
54298
15545
3960
79827
85574
80323
44608
5389
94068
79998
88530
55281
15824
53345
10856
73505
13791
22725
81714
6052
11667
97016
84896
33016
48445
31663
45674
73523
76648
15390
1358
71551
29273
6200
76761
31786
98124
93456
23065
18506
43257
38583
10091
98335
13024
24874
6817
15042
94225
69230
51685
93537
14042
83782
53162
57281
30648
70944
31381
53911
34648
71085
28741
78678
78639
16979
26007
9624
76583
79070
75381
20335
99660
63207
62794
73083
86924
86561
19992
23570
24845
30631
79297
7418
63704
7821
57509
45491
53037
19480
1137
27180
62074
69154
83858
72172
9842
31413
19696
96044
98867
97193
38459
15155
93848
31350
93877
50834
20987
80078
70357
44086
50952
7810
29065
4016
91787
21323
14973
70817
59470
80515
56586
57103
77932
48201
58260
30505
79349
90621
63241
55511
66865
23947
24703
27652
92172
64142
13569
32354
13944
6674
24503
72958
49122
57051
76228
54263
40088
79842
80385
88519
16439
48878
36574
18351
40606
81356
37222
45647
73089
63371
71485
30366
16837
14845
77221
27004
83107
1413
11843
27644
7753
82618
56873
52795
56012
83627
7980
20881
71973
3996
90416
99506
10236
74722
39071
17987
87372
6352
87045
10816
26920
67921
59264
50572
35188
94137
56121
34277
79829
49223
71156
38675
67998
52740
80765
33821
92005
83779
62338
56979
73375
16340
73674
69092
72954
71978
20130
42114
75774
59234
39632
76754
14368
1027
724
39832
23353
6300
17606
61874
27506
73703
41051
22749
32840
51741
31508
57495
93957
5250
25981
3592
44013
30065
37440
10579
94247
90172
77618
63209
74007
14006
58502
20595
9590
94402
24306
66971
52015
40933
10467
85704
66172
463
29472
99672
75289
50924
36252
21213
40470
62634
48157
70524
33252
36039
32740
84302
63586
90145
45584
33181
28682
54397
87867
13499
15200
20456
13159
38438
27435
64537
5479
53024
94783
40277
37420
43549
593
37768
35290
43323
53920
56404
22739
11372
65849
87978
87343
73550
61661
40003
3384
61870
95348
77285
57022
11775
12596
15973
84471
54833
37765
97813
93778
75933
57154
95132
75741
92975
98619
89190
83709
25817
54854
2261
79261
72277
31657
76494
47650
27222
33112
39608
76776
87431
61152
43609
57676
17497
83254
25644
30953
84619
53297
80457
5557
56106
62626
46805
54218
70716
12236
94368
74931
72470
56294
77567
7016
93086
98023
84745
80117
36101
68323
57248
21720
98156
21036
6346
14781
13545
37456
58243
9720
72974
58237
99089
72519
74397
96703
23155
9650
84851
22276
76933
14985
38744
64677
4305
31136
83584
36593
64589
19474
98508
45527
94852
16296
96049
58737
7401
35069
56279
32024
40673
33259
53993
84647
1956
14233
57204
5047
32619
96383
74868
75095
95265
13824
91389
42262
82976
33478
16730
75210
31196
76952
72867
38769
11212
27447
63384
82793
76470
15659
89301
88085
53370
52827
81603
43673
60992
54096
62721
90072
73932
78537
3973
68206
44605
23413
50261
81027
24906
53786
75761
73923
18338
81069
828
63721
60392
15224
73435
74509
50849
74410
28576
16959
7081
86782
21724
42438
32221
47716
81270
28879
70757
26658
1277
52658
72978
4661
94163
87798
77185
82357
57887
22683
39898
15378
69747
72301
51998
17882
83280
45767
80661
88212
39223
99521
49960
87014
61125
57823
1689
7822
48805
77189
72516
46881
3165
91680
79791
48169
90742
55731
21060
85636
97323
68491
16523
5892
77060
91702
17035
49423
90439
14339
64435
35502
48217
82545
87435
1756
2698
85963
43535
36340
86109
69363
33551
80697
50167
93016
12212
78067
92509
3829
27139
27549
24707
95025
90888
70731
82997
44067
9954
69422
40787
52265
17383
34466
12753
37014
98664
20620
4244
78035
45471
4779
12195
84720
99527
27960
34939
35826
55725
84043
79489
38968
56913
86610
87199
36886
10795
53192
91656
16704
18758
58630
76008
74113
95552
33843
51979
99085
67943
13152
94352
91592
73822
14474
58358
22359
15353
39986
95498
62928
35791
47171
88341
25911
89933
1819
95351
30773
47266
75867
26219
45472
28963
87540
59276
86840
28770
38082
89167
65683
75980
35854
67882
42572
89691
87897
65145
42439
28251
64840
21533
70808
57694
28728
80912
71586
70288
50097
84179
93733
38491
21206
51818
92076
86933
48880
62628
86282
55198
71517
93588
77270
50819
29814
86948
99937
79289
45768
36220
2035
36673
52912
2521
82426
54334
55411
87778
235
6628
87689
16552
78673
53902
95434
27191
54773
84035
75806
55639
40811
25268
78863
87241
56734
71251
44262
19989
27879
41780
80974
92297
24519
13877
82144
57060
85579
18685
69392
37742
31522
61101
62392
79654
67508
54965
14915
23367
55384
2623
32174
15901
3482
90129
95409
76766
57809
65671
45786
11174
10071
35421
59898
58455
25653
95391
92032
64795
71758
38373
41612
36088
14643
38064
24117
79709
62876
99208
19732
1769
56335
20895
64604
25255
9605
65072
88814
34390
18468
5377
99250
19908
72898
58217
27670
96100
1202
3936
54001
72117
62933
50120
51608
17011
61011
96085
1258
65418
66012
15699
13890
58601
45938
44017
54839
89175
70817
34643
48849
60580
6576
57642
46326
66381
39123
21703
63189
56426
10393
28016
78506
58939
45207
47615
38836
6215
69286
47593
64244
13520
63814
23396
68378
2768
91486
40649
73969
28881
3378
38495
25282
66559
55087
93420
65540
5290
3794
85227
77888
39307
32895
44831
55025
37995
37193
54951
13393
98323
5181
48623
19889
23224
70398
35329
96765
83180
89263
43557
74894
98473
47734
34308
53048
71898
2734
11946
3852
51787
82074
33545
2421
84058
69705
24937
80624
18982
68371
30382
65575
36535
27256
75645
23699
54754
18605
2058
96161
19757
96654
82360
16027
60236
10333
79414
91572
98587
91783
83126
35261
25247
51099
61605
16248
71636
46202
35830
53519
45461
54704
77782
14808
58880
77981
38358
71217
72089
10609
98293
53292
675
15784
84094
55132
99714
17517
42184
73725
90290
33364
82037
27199
85244
95121
40328
85436
65650
59396
52063
8551
82774
48539
50700
65053
18871
67551
57146
82254
71974
8197
19483
87977
93490
29833
34585
9462
67004
6473
16534
54118
4018
62105
63228
12096
72666
50583
29564
63759
37653
52922
5567
12692
58545
89742
70518
52136
65084
19041
36260
32163
60371
59929
1751
82093
13881
94059
33709
55410
60535
30866
18431
59176
42862
97944
4533
20669
85310
38603
92386
68287
37986
93386
44601
19051
2629
6791
29431
3747
59315
82449
44377
47963
70212
84370
93746
44088
60353
81135
98215
78607
16874
74153
3223
6787
34491
46390
69829
60601
85208
49848
66826
26481
26654
67973
94176
66984
15328
82699
79463
7089
64627
29961
96094
78086
86489
70467
88964
58492
4197
60444
60315
4175
40388
13779
51412
63833
90163
37814
84560
56239
36962
68830
18538
9467
15623
17896
21309
2239
90194
26762
28759
77653
1671
91126
13979
86913
78058
25136
20298
64023
57425
11336
56403
24763
89532
62650
86092
12875
16560
30343
76821
77514
98139
23224
70127
95797
11422
86627
62463
68592
49158
86725
68298
77435
31685
82662
2503
49262
99799
64499
85774
65027
17516
20537
98813
25625
12426
93774
19934
52972
31803
8433
85679
59850
49941
51245
79514
78447
20998
18182
75491
91430
62672
51705
14865
70700
43038
78968
93078
6870
60146
36830
13076
52061
44569
11793
59998
77602
24410
44502
83370
17647
66693
9491
36789
40724
1046
8447
27494
80440
3147
24056
28263
81617
89007
94343
2354
65810
5671
28112
82586
33458
696
13063
92825
94972
95357
33617
15281
38147
91246
1912
54036
76496
34811
57843
24737
53181
14915
74140
69654
34591
51473
12638
3722
36090
8567
31459
63053
50225
9439
94187
71930
96297
61915
49911
16951
53629
16665
41817
45367
67428
93166
89347
89193
1235
70019
51766
46805
31164
69606
49172
50895
31531
58458
47995
81985
88057
9341
56735
86404
63898
70564
65055
28707
97058
29981
57739
14581
84900
40892
71107
36515
73098
28772
2226
41424
62126
23445
2487
66070
56800
84653
31888
80619
60266
43292
40398
37839
13919
67926
28893
44288
59930
55412
81469
96863
28110
60639
92134
71253
12280
37185
61904
90271
98498
12657
77796
2758
56231
6570
19859
64612
6853
90665
29603
79244
38676
84436
68441
53766
89582
19899
661
16973
11998
26819
76585
17686
47303
5363
13314
1486
31310
31233
53789
19615
22748
41617
82120
47609
65496
37640
81608
7349
48067
64281
37435
69265
25808
2224
58187
43673
92197
38368
81670
92381
36524
44930
78272
71679
36072
60109
55455
50867
93256
18372
33302
75619
36875
9988
56495
97059
2315
20832
88270
51942
38291
93312
68906
47717
89383
7319
91878
45078
47176
69640
9288
92942
49563
61407
83091
77818
63344
10441
11537
5386
82184
30740
14092
29695
30978
61815
32389
15819
45729
61128
41358
71365
50097
29728
54090
43211
76024
30555
82295
28752
68231
10376
3691
23615
9083
40359
26056
75468
26896
78677
33714
91874
9295
82883
69757
7550
79219
39211
16738
27568
74930
76058
99348
86048
28282
37923
42844
19834
7317
39879
1793
32788
28145
82784
37154
71807
27049
90477
20611
90619
35758
56921
88923
67052
27413
49483
62070
67213
59970
46540
63992
36812
13816
54726
53821
92173
11028
17642
95332
71160
97515
6221
68150
87017
76883
925
63728
26510
45729
97949
80501
88742
18599
26119
91809
18008
87134
32296
58635
78799
75852
75630
59864
60777
75887
64981
18972
73418
28962
44980
60779
9406
95144
49451
93103
29536
88770
1905
90168
26487
85754
35560
21484
62020
66039
75250
18213
87696
62917
35812
5038
78731
59007
16533
95307
21885
46357
7373
11129
11902
81953
90309
97547
749
37169
71094
93597
69147
33015
62272
29238
85228
42127
32148
93044
40292
54146
97843
94738
637
46767
31275
10501
93149
39941
82048
50398
78610
54144
71218
83179
81397
90776
78266
44533
95444
38012
20735
24850
94944
81652
49065
54680
644
6574
19809
36603
26859
23489
55014
67738
48513
12635
10492
65134
50678
79808
4397
60807
55121
20695
14986
15003
61797
79093
47841
94452
63861
87614
97599
2280
33411
72993
99793
18984
97702
76594
9857
86575
20131
45444
23539
55121
99129
3479
34666
68761
80283
13131
93855
15636
33614
59927
69729
74248
66665
34062
92883
21550
58733
25357
72742
39245
25889
52734
34327
75520
12841
91508
67432
74083
69950
17822
40676
9677
97156
59865
15873
58317
44427
79079
14169
50729
93758
81962
68665
73483
3264
25545
52318
63639
83710
88306
27841
94774
72701
84293
29231
46395
69152
59145
55920
88775
45699
19771
45686
15791
19251
60051
77091
6800
18189
34566
77123
79654
11188
22013
45486
43926
84068
60844
72256
87296
39189
3793
90372
81643
89981
45901
36975
12862
30634
69477
89165
85281
23159
25393
5029
73986
36276
52874
54232
43212
48453
45518
45450
49144
11183
48187
83586
50688
38807
85304
62327
8308
86889
68623
49586
41906
29399
64042
25810
73349
23076
64229
76165
48711
45401
91841
56495
85794
16983
71499
7650
31194
6611
29043
38843
93670
58342
41228
70460
41794
62315
86286
74055
45329
7150
80857
98392
54535
75807
63123
44587
72234
27063
80882
20135
84223
69352
96738
3743
19341
91691
97791
33704
67308
77654
31133
1696
57845
29780
55915
83563
88170
93582
84016
11034
36789
90173
30836
41561
64543
93449
1959
9986
53859
26911
35415
4130
25729
8908
54619
24318
61604
37485
51118
50102
64523
52581
6746
67675
76016
79160
40546
24755
19892
79560
56416
78652
43047
69847
83345
94050
38516
55176
39199
25891
89732
87805
79845
40396
42238
27002
75967
48937
75160
31597
21958
50685
42463
33914
46511
84208
83427
63160
65545
85383
52903
77204
90094
74299
70494
56763
61082
55881
25562
60569
85801
6428
98286
25227
60370
76718
72736
66350
25437
49013
3193
91609
49594
88295
57601
5731
36189
9133
23336
99137
10622
75355
89630
53816
72988
12527
97710
5545
69902
85474
65920
20085
23374
14591
45795
15529
52399
17236
73544
69793
11471
17077
37723
16531
82189
61293
27610
1799
16697
64763
20574
51949
32544
26425
49946
10445
16797
44470
52238
47842
79007
67191
96447
39962
83093
83108
68235
35003
42499
42071
53332
18953
35589
53543
87666
93545
37632
73099
71626
11695
84917
95911
88847
5138
64900
13970
87540
96948
64644
35349
98732
7929
64997
25701
90785
44279
20629
97760
33437
99080
93058
92606
59299
74626
11431
1621
16360
79001
38759
56400
72813
43698
72843
40543
62925
83095
78343
91309
75062
69122
95567
71286
70358
7150
43339
45402
53955
9887
62757
43386
72916
39871
39661
72545
18637
92310
36612
14221
93707
63278
97610
8539
58189
8243
62536
55034
35086
24454
62776
7689
65935
29319
22698
64314
3513
21771
22247
52148
31286
66028
47665
6472
16243
95372
83484
32941
4036
297
21905
70614
46483
64122
97601
11783
71512
87027
13097
62115
44613
88305
10316
29500
47111
55068
77450
43596
17173
75346
69032
96865
70062
84463
82934
27679
15612
91138
92296
62817
24759
29595
50997
34789
2548
92161
61206
1813
31718
10915
92802
16486
8674
60132
7535
42981
55711
18165
59360
61175
17921
39887
15768
28690
31264
25040
551
62019
81188
69922
96170
80374
94731
50279
37355
15017
37307
75527
26951
54950
93861
75637
11878
6257
82544
52546
88191
9929
76928
39953
71967
97447
31777
31121
44895
84871
13827
22307
3524
77508
91609
99187
20624
61795
14744
12428
21754
58394
22776
92517
5673
80184
91213
4410
67313
42283
28009
9510
46145
78718
36848
90621
85091
41235
97955
98722
48596
63610
5384
52484
1190
15000
72003
49443
63340
94674
55013
50082
91512
70115
30791
29797
87152
84410
34279
91782
6234
27367
63807
2612
56861
4317
76161
24805
40660
988
14095
79389
63840
16022
63832
58144
53010
70292
91327
90673
8181
41769
41069
72639
87270
77927
17997
76030
47927
7051
3468
680
6955
6172
92488
21228
99802
2771
95623
96873
38839
47197
8783
62352
80578
75623
86241
75490
6283
72646
76786
16860
93083
43606
83601
64464
86297
91167
15341
78933
86319
131
76878
33608
97519
13414
72434
57667
23534
42603
58342
50238
74668
94453
51834
60983
32986
78717
92060
11647
91685
42506
69746
75281
30264
86607
7597
63349
22571
28023
34930
8634
87429
16689
10553
38707
70319
75174
64832
67163
3189
28573
51956
63679
14304
26548
42192
98629
91772
22617
31477
7580
99107
3694
87248
43812
30384
1596
3344
10911
5817
9084
35096
95510
7673
49707
62808
57979
83899
13126
90664
57812
13884
24896
8458
63111
90550
6067
60977
3716
44415
8967
71577
99953
96546
27350
9527
83735
29441
66740
8323
68722
71830
53921
61346
94104
93477
56445
56006
64597
63739
84212
14730
78646
31952
73664
93695
74210
95236
24136
53262
24317
40619
99627
66495
96850
37507
35142
98964
80323
40179
79073
28538
17158
4802
21941
85982
59963
63550
14353
69634
34104
50060
96379
39977
60203
94236
92931
68000
22881
33654
35317
88499
5304
13478
84006
28102
72202
87426
64495
56596
58334
57481
75683
24417
84665
55674
97571
73843
10011
87682
33732
10659
80882
54502
19157
74256
44239
59650
6292
2613
44576
67141
76083
46668
4862
90574
23233
3680
20796
93839
13779
72536
99055
57757
11299
76623
74377
71962
55311
4528
96665
19087
57989
35198
99922
24657
7616
50802
94320
9749
83862
12552
81134
61881
12020
91193
81397
29014
19555
94091
32441
93890
53047
16172
73902
61195
11604
23125
43202
42534
99879
72277
4338
1763
5947
25488
9151
40884
46746
80204
82957
72430
9359
11046
9976
1227
91402
37173
45736
20106
95225
45362
52406
61219
72087
2774
66040
41817
61296
38726
13052
84491
7600
51786
9870
11585
8213
79370
55933
86531
82041
40513
82267
39350
11134
60010
84531
42000
6195
72674
69793
74431
77388
23096
47308
54516
19871
43119
29676
3173
59448
67333
79587
8020
67151
98466
64830
57572
1175
98391
93013
12032
81239
59205
38064
54712
63094
13055
50085
12077
18243
24039
35621
88621
68933
38621
7102
84503
4478
55354
91713
65094
49694
52760
27082
14707
60925
74247
72198
12667
95179
26958
40825
7804
79661
57760
93192
18182
85031
92595
91421
6815
93033
17599
84929
35409
31712
90966
39087
28530
91363
80326
53094
45821
6677
27918
62338
28478
32122
23356
93786
88847
40857
37417
16897
91285
83214
27817
8960
11172
45429
88920
99472
11882
63932
84898
72061
32094
67830
91673
82995
69959
35160
43668
21304
14853
73863
95003
1127
51742
95422
64713
86060
61674
98808
2574
65958
55616
701
93644
52194
3894
82005
27914
83101
2443
80854
41211
81888
21778
55857
30243
60647
40448
40361
23827
53687
97188
16112
2044
17421
88210
26689
57218
15750
80715
2860
37797
13073
61358
18940
16444
31393
74186
39479
79100
87953
7245
60567
18861
33998
32651
13114
79348
95884
65178
4065
45611
21313
74981
48887
68769
39503
98657
76223
63983
77205
24787
12164
2385
99582
43056
28138
20530
2838
39413
98849
86461
969
61260
35873
46441
36621
97251
68045
84769
75096
47341
61333
50571
76650
57248
16484
38092
12471
50171
76941
32736
97962
75495
1895
63166
95080
58181
19278
90942
4513
92583
76510
56471
66328
17604
44642
60052
39107
2445
32147
42252
30611
91454
88887
29863
63453
61593
25735
42334
26572
90045
8059
52667
62471
66113
88499
25474
59364
72707
51361
78440
77972
77103
80255
82512
70830
4862
84242
59045
12606
56431
98985
10025
18023
34689
2124
6508
86607
72031
99712
33486
32446
76944
64369
14468
84524
23843
93999
215
29104
19168
687
66399
51084
53707
64279
53508
11198
6375
59032
58591
77351
66689
29728
70140
91060
98033
34643
27782
63989
81990
38866
87333
72995
17874
45993
1028
12733
65787
97987
46987
10862
84026
29941
93438
55743
32585
58941
64316
70409
48616
95309
80231
12998
41121
56135
65757
47215
94229
23408
86490
89199
66217
36226
47114
80301
13354
93404
33209
7713
63251
40774
45411
8387
12045
47728
93324
36748
36290
14396
58474
39092
70326
57372
15372
86681
58634
74334
31873
61739
80236
53812
18504
42378
11497
57787
44644
47800
82827
13136
42389
39181
25731
56603
7158
7841
49898
71844
953
93392
62810
29009
10925
79832
64933
47398
18873
8845
20853
60432
21666
39019
61530
71470
27477
9438
22270
3032
96890
54257
3083
45523
53921
23153
72007
19293
13361
13723
50214
7531
36782
86790
73380
38480
98928
51227
42886
38671
77445
64099
38914
35799
26947
22394
91470
3369
77650
54260
29126
97719
85570
46865
74953
46696
90308
17286
75088
87772
7824
45640
34036
5150
58631
13322
23650
34876
65638
23049
72541
76249
66551
83599
25587
32791
15343
67284
18576
31526
31682
68638
41642
59100
84596
52494
21960
89917
11836
26684
48172
81642
76139
55114
30846
31804
30062
33763
77168
13625
98743
56594
37730
54600
81719
52876
31168
1971
21277
42162
31352
23024
98710
43561
56089
39186
3997
74936
20553
6136
91361
33732
23039
38954
74877
90899
110
11437
52752
93783
2729
81579
90115
4950
32782
75088
30907
87042
77381
31720
21326
19988
68639
69674
95332
25147
82931
32578
99025
91660
27806
55125
13209
71031
22263
65010
33554
98776
79723
90819
52766
19731
49219
27494
39432
49773
32908
93759
10778
81000
8279
16955
97555
88833
84810
71372
65093
53365
43622
49729
7967
67532
12412
61092
65976
47603
68369
19083
82686
67771
41534
32131
7319
86561
78953
1594
70769
41144
30241
45558
92238
89171
21799
18024
83380
10850
57570
24376
86221
50891
99917
80189
55154
29993
82852
85234
7319
88127
61517
91829
81403
13825
11072
43006
39466
76147
9636
10994
9879
83215
603
23948
23123
98063
57491
18795
45732
94387
77711
55126
90033
43993
32862
31795
67854
61345
76977
77325
3709
93719
94275
82641
79627
38412
64155
78413
78099
78793
78558
7233
1213
46575
14496
3005
50287
75968
57065
57090
72501
64056
39502
12931
10416
6391
1795
37410
80963
79276
75151
78120
99170
32310
7285
16160
88939
17961
44321
84711
33908
79077
40696
66938
15828
70478
53912
43457
29497
29856
81508
91885
4280
19886
4824
39652
54217
81344
72225
73236
36616
26744
97450
98822
3641
437
8062
68902
39290
98336
14065
32326
31647
72353
23182
93423
23359
72563
97102
39938
52478
58338
7913
51106
97768
83266
73840
79284
27486
67632
61942
7595
45736
71085
48095
7163
81627
41874
63296
15391
62415
85010
4166
31161
15790
49181
60237
31926
96703
11400
16293
81653
84241
32286
20757
78278
18831
46344
1053
20375
26597
28777
41415
71658
36393
6470
86589
60562
24257
16018
11796
81485
9267
81711
77522
67468
54171
76751
35315
48586
23028
41913
82581
16086
51339
80288
23353
13449
50327
69817
88331
35283
40820
42920
88794
33638
43594
32508
94767
9320
62592
99675
7669
80684
99604
34807
72386
2530
54764
53289
24106
42079
11028
52466
97347
84683
46196
25329
20319
56104
83116
73140
10235
54439
27687
76512
40665
66346
92917
43884
23873
21662
81984
25994
85994
23353
34244
1896
16482
16532
7902
20823
58684
97038
45710
46251
24254
88353
45573
4111
87441
18265
12189
38663
26204
89451
89440
53229
52997
23091
94141
6040
9612
10879
29415
2443
60095
85034
66472
73994
50438
44300
8846
3787
48202
62292
14455
13196
8729
81435
52257
52311
20772
88806
56442
5608
9473
43320
99790
96543
33912
81015
48898
93391
22390
1861
11210
47804
67622
43267
86156
39220
21881
71579
53672
43141
9418
8402
90460
63911
74995
76243
44500
71562
70833
41829
85267
20806
54437
23806
92970
16774
85243
69928
40081
69422
95401
15455
81396
46340
51081
66650
45573
65461
95278
13036
30430
49193
35133
13301
96190
1071
52860
35878
21547
57669
36515
77336
22557
80560
16594
90404
93367
43816
50296
69381
53976
51952
31497
84250
47739
93962
27005
44119
12830
8345
30669
79038
76283
57796
11399
36073
85672
41136
27615
91899
63914
49365
48381
82412
32906
18065
92898
836
29746
60677
73282
1757
15165
25897
59059
78478
17696
50883
65561
2227
74065
8740
23048
13201
26999
57477
1052
64760
69161
80520
4731
52231
16200
58397
5467
4611
3570
49085
51343
29674
1064
26169
14372
52153
35062
28912
63873
50385
98737
32921
18377
34789
75574
25388
17833
55174
26317
35179
55412
75429
17012
28137
31675
49226
55945
21051
85556
56767
20430
54448
74907
68610
99539
35886
1162
47896
94367
70894
78139
98087
93604
50667
66023
36239
62142
69941
76656
90812
40564
50292
78293
68390
93672
75913
12662
72926
94494
65146
96207
14010
43355
7106
29955
44288
58013
49766
35250
39687
24225
69937
60806
55422
57040
57325
81825
66345
62114
95435
87083
86003
44394
94744
16202
70137
76155
6516
74938
23625
23224
28235
53401
29221
74687
64128
54731
86498
20711
21734
78226
12376
34691
36969
66586
70626
89486
22870
11350
36346
94088
46316
10812
99059
78062
10203
69616
48610
90903
59818
68133
51497
74828
11624
16462
95989
16535
31585
80735
92911
2594
95327
45633
40379
17209
74707
51312
7425
28158
45575
80651
53284
95165
38591
29537
76908
17423
54342
51158
64484
94512
6120
95594
60893
53601
26728
37547
23067
20506
70596
54091
57900
42135
18438
33752
98760
682
70432
81850
3354
58891
62191
20452
45327
79167
14849
56331
36236
82086
39554
78566
62192
80426
16251
98399
96473
99732
84740
86777
90480
37159
28244
86918
57561
91484
22750
11148
76726
4839
30776
76225
46990
72492
47803
5592
32320
85667
50267
81726
38752
70396
1311
40981
80951
92030
91898
77473
25884
20038
37278
99028
15942
83655
91369
66194
30646
75272
62890
53842
56416
3700
79604
31397
51309
63328
31575
89700
32623
10658
66079
10805
49464
3014
48025
20083
35848
87263
5966
65531
99586
45276
85263
56688
67560
31748
60283
63335
81123
81608
74946
57048
22776
96425
25309
35051
90791
69913
89671
17623
60454
2197
44850
15226
53959
26472
49563
12927
35630
71285
30345
43382
69305
97359
54256
11140
18437
22916
63836
19561
3045
68240
8577
51014
35711
9030
88028
53039
77704
12973
29291
65935
97592
88343
5077
97388
425
70037
2728
41088
82184
47355
27704
9837
51263
31563
87742
25417
42169
14169
16614
67875
6076
70109
14577
92213
93620
93836
79515
44929
38443
96524
35222
22657
41993
64410
45790
80961
92282
56867
10714
48399
20188
22748
37377
55689
40535
98739
99751
4147
21287
62611
10870
63535
96358
61416
59858
27482
73766
12863
3767
6589
90521
57798
2644
85660
12132
5047
67843
86852
85773
6780
33135
85301
3454
68214
47686
83327
32732
58887
51677
94880
94085
75367
23641
75832
85654
71687
26299
80576
4552
18308
7195
79418
53100
4125
57878
62390
20104
51717
43557
35487
30895
12898
18374
14506
29475
25569
60081
28143
13730
76530
94749
14878
61186
8887
12504
15154
34157
26812
5
40445
78748
87267
82300
67464
99585
53717
32201
99329
10336
85296
63223
81015
15330
16189
63984
81186
56992
9134
46356
60085
11605
98155
66846
28021
23559
92316
18232
44213
91621
42723
28232
93292
51711
3111
56739
43628
30598
50910
14921
75758
93367
60752
17806
28434
13306
13733
99548
44996
44902
31317
58161
25022
80455
39920
28840
80593
20421
54278
43905
7268
35485
87988
7708
67613
57063
69931
29304
12218
59450
20356
50587
6082
94213
70598
66717
50853
80349
38412
14714
9825
92768
73235
99310
60303
84561
3210
12836
11790
74271
76146
23207
76320
7004
7652
40273
5379
53044
50192
71370
43375
84429
87329
85545
24545
80730
52079
30809
9857
73203
77986
243
82008
39563
34080
14500
62249
88677
47404
83051
53853
57095
17514
37946
83304
97148
74267
99078
86560
30324
61337
97808
30156
67041
71339
25396
5438
87690
74765
79573
32482
72400
2978
38586
96284
75902
41198
36756
72924
93151
78023
16702
5639
67141
17516
86280
66914
49382
2241
27396
6462
53000
44248
79532
11865
80177
70086
14967
68224
8683
9062
74559
13911
67831
50568
81453
54116
78927
41662
7402
55950
37511
26153
93408
52301
44635
92169
63015
49524
85058
58481
56055
85448
47368
73110
79481
28151
23445
26721
16106
5815
26231
68531
64240
84089
3464
2790
37807
16572
36063
32164
87987
7720
94839
71446
68951
26847
50840
27231
67230
88008
7071
65442
83165
50202
53007
89110
66543
94721
71087
53301
30670
52206
25555
1586
29718
68979
61913
9319
48836
41845
54362
46442
13461
52894
70494
48334
90609
75922
4159
52634
77311
96214
59490
28098
98744
60789
85366
14038
31082
14353
36247
43085
45485
82761
1493
35781
82165
93252
41727
99971
64934
41521
78395
25385
33645
60628
51980
30270
79708
4672
98500
90620
90561
18452
75990
34456
92715
97456
2841
68929
83613
47874
78236
34482
5597
11276
957
30699
51400
34712
66169
97357
34194
4188
87700
35789
17819
34105
94452
38115
8808
55095
34330
26409
15853
45626
52524
27032
6771
67037
43066
84708
90410
72798
16357
17059
63284
43912
19787
22369
59670
21281
78870
44995
38503
1143
56426
86373
30752
40200
16636
58609
3003
64726
60120
28518
13543
51826
18629
59971
58752
73925
23927
84362
91646
81460
6946
61396
87830
70640
72504
73906
14318
72083
78444
87527
76225
89335
87906
14710
89199
66150
96280
66570
50400
84456
81704
25684
12678
87839
3515
11458
25283
59815
63617
85745
97353
94507
53349
57042
94196
95030
98543
60111
67695
42730
44291
30920
86281
72593
52293
24208
63919
3919
70771
92601
77644
57357
33961
7190
99756
81261
48718
99990
67125
61046
48623
54502
8466
92699
90173
81717
35985
30864
20513
94169
67606
36169
98874
7670
40164
50783
39403
40084
35546
79306
47538
21364
89043
71015
8100
39996
60545
46158
57286
12934
46312
98553
92986
6649
94107
89789
22454
93581
82419
70575
88222
33055
83405
76602
24995
41475
58482
26291
67025
48972
41858
8633
64443
87818
13508
27259
65458
37450
84598
50177
21171
89827
73577
7578
47857
69053
43183
92225
13563
50374
28329
45821
57664
64971
91084
14482
37958
12441
46020
66625
81513
34254
79132
8314
71076
37678
34109
5168
93140
66848
24331
85003
8982
32242
49403
98395
59478
75827
28744
55941
98292
66257
12728
16650
20642
96037
50968
99472
96733
99026
89300
53016
91430
17973
68664
86917
10694
65263
36502
10179
34943
38015
99084
46714
26043
43325
36838
25422
15567
92688
55003
62130
83697
90078
68332
15255
21526
62482
87671
75038
86709
34637
8434
94114
77547
71314
93573
91009
63577
62486
87701
94215
39325
18565
20998
60277
67172
66013
90606
77317
59198
25546
83905
4045
44022
27169
69318
1352
49640
53408
65390
48212
77591
61463
23469
306
29580
4970
69167
54729
49752
45829
61844
53080
4987
60788
22805
65132
69079
8055
48082
55513
71875
10354
15839
61163
50731
4388
50091
50377
1995
92220
41368
10169
97095
39489
16624
77862
95096
20692
30696
62201
96845
35877
27564
13369
63701
30824
99058
83234
4364
4186
32272
41584
5325
9877
76336
67236
45623
62305
49574
25191
54879
18789
52733
57531
4460
51675
55985
65497
44164
44943
70036
48387
77359
85881
58667
35997
82789
2470
97462
19907
5330
66857
46013
97809
59948
99783
4843
87217
63152
49387
32238
32790
71117
5504
7322
78056
83144
70033
8909
12025
74838
33560
39070
59421
34150
83884
64225
19444
51209
40339
84446
43153
64842
29667
19861
88022
72776
54924
97582
4676
46832
68767
2345
94777
12704
37245
77270
71854
78559
80611
52853
12756
93561
85436
45068
71769
27786
86592
63658
76064
35557
85398
36008
22813
64940
89085
67948
41450
85642
19299
5280
28219
72450
4232
65193
6071
31215
44292
46716
96905
6613
92371
40885
70598
87485
71690
49591
79406
84598
48091
60235
86183
91265
21518
69119
61433
32759
79531
29836
23618
69297
35819
86211
59259
75331
24634
40305
89329
20242
38997
40554
83493
39875
66753
69450
43186
44513
65409
35327
93249
39493
88542
56852
37551
59064
19096
36953
50932
35113
3760
73311
51683
14456
23097
27608
70793
6159
81626
95266
62851
31384
60262
59163
45601
7536
76741
46307
24512
52068
25932
16920
67349
44203
36587
84124
80755
78967
48660
195
56235
87680
89373
54216
16482
65685
88871
69037
16778
39145
98656
37027
62887
70143
72476
61865
79231
29378
11251
30014
82322
72788
12440
98864
9180
86839
5962
7479
77869
38972
46853
91826
57499
81430
39031
75171
42010
6046
42680
79915
18665
7703
29529
85367
53411
88904
54033
97206
71727
74721
4893
51376
67716
18645
17872
83447
75239
90509
45035
29643
59723
81391
91168
77805
92292
6830
79528
81456
31111
97305
19854
73184
86698
31335
11348
74618
43258
27073
45452
20275
32806
8755
35752
3147
34078
95477
24109
38853
63558
55584
99931
51501
61011
13036
20192
37274
16535
51724
93075
46581
9376
72577
66094
74421
54867
31709
64677
36381
7296
43254
40188
48166
45057
24759
96836
50967
45638
88021
43726
96814
82720
40674
17898
75527
97373
68353
12172
73661
11143
74074
58083
91533
33997
98870
10899
60229
42660
61330
48280
2369
30799
87728
31556
20304
15395
51765
6443
36252
16200
69224
91636
28514
7998
96260
63860
68701
54678
90567
77048
86513
19536
91015
25237
33222
85170
48654
14168
46186
13859
36607
8306
84307
39740
41357
66015
94992
9118
97594
60131
45608
61909
75920
57461
41918
82437
29569
83535
37737
35010
42198
5550
52093
84282
61766
82832
39784
62490
98334
35133
66741
37597
60257
22392
79592
60918
7328
88773
66641
30245
68867
59583
57084
30435
31439
24604
43616
33553
83319
50784
55601
65119
76430
11176
71661
31057
56212
25
77974
58524
26230
32502
10783
62460
93390
8011
1652
53527
77869
81000
75109
40796
16894
7492
66142
82614
48465
21657
52842
37161
39216
6230
79171
47549
79532
1622
61166
49081
50731
48535
4705
7303
10798
8116
4014
36365
48799
94624
37045
23428
22952
90088
55684
2319
75675
14804
48224
68938
45034
89046
82591
34555
47182
40812
19308
20000
53331
63234
82928
91768
46845
52571
2796
29334
76294
67805
29998
8778
3477
29776
33815
53841
84612
29414
14209
49127
50546
76852
71873
64727
53397
92227
4047
61684
65943
70150
60121
69985
88807
84013
83034
85564
11695
45276
76583
70381
87291
26349
26024
7870
84806
39446
65460
15257
55231
28750
49943
17767
26603
70180
69454
76479
91361
18200
38370
54617
48523
41112
63391
6144
7683
60012
19970
19463
46741
48250
42145
39335
52831
43828
61835
24196
50827
64003
79921
13951
26766
88789
6453
37193
20207
42353
43382
18627
14559
6555
94203
93495
6906
21965
21857
46179
62958
19879
186
24793
19475
45997
68515
6980
86604
10607
64936
82774
8345
45257
25651
27357
38279
24419
27851
59734
34658
26198
85937
65330
16630
1343
4904
40186
54046
48650
32429
30865
21970
15656
61237
30948
63816
55127
94475
80769
20273
99472
50588
9599
77417
60607
10282
69301
80904
66845
55216
82486
94114
62122
11520
36760
33941
34856
8163
18132
41092
28329
52933
37954
78178
34070
60804
92688
84020
94703
63541
83151
29943
47081
39460
35186
75609
76338
87912
56023
91061
35602
59282
87200
93433
49942
36751
59848
4135
24476
97006
28960
46964
76342
39676
91944
46538
12633
31421
43346
99803
17593
85281
86201
3304
72064
52543
47033
22662
76334
61151
57603
46943
52140
27071
5490
69047
65732
44520
28235
97319
955
88553
59543
97696
34580
36187
53600
7404
47516
88647
62975
44917
44565
56220
73467
50321
73081
83896
21369
97399
89717
37185
27801
63325
39403
82016
94824
49271
34186
22897
80805
68113
3185
46027
98847
29040
25737
88504
68723
35876
98942
39628
75146
87687
98175
12686
2378
95919
53603
55168
95966
81836
23150
30836
7601
63770
60751
96218
58293
52564
41363
4329
73218
24619
7841
94862
41732
98538
57372
44427
24584
84576
15172
85492
98457
50089
62039
40114
65150
26717
79637
98904
95667
79018
26930
98969
44962
72349
38425
35076
68288
29519
30210
16158
94512
94613
66410
50527
79845
3312
70953
3840
38546
9176
30584
11389
66663
37658
32378
57511
1730
20637
31067
31576
72926
42459
8661
94199
97688
8872
49900
69382
60112
22296
76139
95064
54366
99013
90979
3844
83679
11512
60268
61838
55763
75797
60357
86491
48433
15541
32305
7304
39970
80913
33345
47650
98451
98633
43232
52053
85951
72210
52838
70973
53411
1571
43727
16250
33036
35519
57023
67649
46678
28534
73832
90218
60369
69229
75813
97128
82102
22170
45766
82146
76566
42596
29412
79198
88950
28488
96612
55732
55781
38926
17892
11468
58673
89294
8426
54191
32069
44106
53454
12913
58518
64655
60626
11436
7081
43127
87281
29222
22820
46103
69950
63781
26444
70692
94407
10815
72159
64529
27300
4548
38907
1290
11868
7751
10641
62363
31545
71074
60802
21621
65059
37995
68715
32852
23628
11910
81970
17976
72117
45823
41207
67389
32912
9678
68975
54111
85024
87981
94887
97610
82032
67540
16806
48906
74006
57227
52787
52874
794
44717
11581
16206
68420
1198
81044
31955
95065
93591
47063
82496
28845
54182
92411
81477
63340
71517
68378
2190
38775
56530
77338
43564
76187
63191
39589
97518
21189
19809
58846
66401
59123
29095
17181
27400
34241
25000
98969
31713
28634
37020
59045
91433
40918
12391
68765
27849
75128
35328
85565
2488
88848
50596
14098
44264
67378
68017
40019
5228
61609
83525
10765
75256
34745
80661
23372
99750
37000
65011
47235
38339
72548
36664
73556
1755
97484
85905
2646
63795
94426
11739
22390
85860
34243
56357
77552
8526
14996
72917
60021
66223
84981
93740
70104
45108
26255
83789
56688
60256
89018
69015
90849
10117
88092
47225
29940
52183
77040
12343
46779
81472
65371
76223
10802
49870
61135
24904
41012
78387
3108
14846
84753
64083
4989
81012
53358
78808
66560
28447
75500
13694
29217
42389
74777
25411
20890
12272
97767
87017
26417
25369
31486
2653
26137
78549
852
8757
82938
20234
83973
1350
42776
78300
57147
74172
84261
26765
5127
7080
93867
51132
85623
48593
36842
33085
52255
22982
1446
85390
28980
48862
27136
53995
51969
77739
83359
82099
37945
26440
80159
44600
95869
46325
44473
74150
70917
50916
85241
605
41149
94124
7145
90687
93149
75285
39745
82893
65811
93052
26294
77870
7311
97547
91254
35111
74213
88781
26331
79407
90812
2162
88820
78687
26920
49267
55262
39298
4119
62692
62167
1338
37740
840
44240
34855
41716
36449
60845
76684
37994
466
16288
44892
146
2289
37288
98322
55071
9362
99936
82136
24585
5834
9792
38987
5303
28458
63766
43882
20023
446
78773
3118
30884
24955
40130
6470
53306
56398
93394
37764
27936
49647
41413
90345
85873
43927
78540
24630
11978
56939
84227
94757
62756
80031
76753
31905
91047
5253
29552
13258
72683
16962
56660
37547
21693
13169
14008
75191
62159
30818
45015
98672
15967
62171
54200
74938
64420
19447
53113
61376
49917
39135
31904
63083
16219
84016
40362
50853
48202
8224
15422
48053
26846
80135
65080
10973
92986
3865
68652
72704
29919
3349
62471
81160
11924
85554
78789
584
25831
1814
67485
71600
52139
68175
63341
33548
85057
93577
21327
37676
72807
63154
26988
53935
15395
96962
71826
35831
97091
43226
81952
60555
50794
80409
31456
46568
76663
50744
51159
30665
5227
39777
25022
46387
40738
43822
95913
58670
16794
31532
25915
99408
82537
30976
99896
66765
76360
8535
65764
14961
13728
42957
3493
82604
19862
6930
20805
71730
36718
16772
56884
34313
42418
90662
32449
33029
38131
80601
13196
71573
1049
13155
19036
65558
17310
82543
78017
19818
80512
64691
70207
68128
84979
36197
16937
62269
36284
42417
26524
33808
23016
24183
21951
22
74647
91602
56989
91875
98526
66867
28633
95759
95338
94191
13912
573
23921
37934
65294
37318
28913
987
91217
72027
46565
88755
49333
6220
73725
70180
96745
95713
54076
79388
48556
76865
91203
19014
90910
25707
25554
86141
21291
13645
36058
74447
72790
90787
22285
16363
38347
98350
77123
89206
4895
22029
32966
49924
53456
85892
42268
50768
18150
28346
70122
32919
41683
15950
45635
37046
9369
4906
47023
39586
11764
42771
79695
77571
35969
72118
15965
58546
83935
57361
31832
98394
18590
64870
74492
26527
43899
41278
65558
5018
83439
74785
67990
92945
43523
3138
32763
56839
45152
85239
6994
33440
51326
37536
77441
62123
42334
55394
13955
81337
69926
83722
66833
60789
96513
71727
14329
76813
41457
19107
93146
68090
39348
42004
56147
36979
74781
86749
34048
32830
39354
59125
13393
98695
50366
98391
47068
81053
87428
12368
84193
88505
27323
84220
35092
99717
7951
7201
96431
71796
88809
55950
15382
26044
92093
38903
94092
9322
81389
40462
87342
55584
21345
81124
41982
10800
70328
68138
10422
98121
24658
33275
89384
29089
34914
4640
40767
55128
6912
56429
29027
67580
90317
62251
44021
83404
43743
87348
6602
11463
4299
37745
99664
46966
25025
28608
67159
46199
42237
24291
29388
39813
96778
98309
47137
55533
66565
86293
91130
87452
98136
38963
2410
24959
11434
19762
65266
59094
37102
58578
67057
82979
61535
98959
93822
86912
33610
42418
4063
6305
37480
94568
12890
82620
27040
89213
70801
92008
15114
88488
16839
57450
96218
19149
13327
65336
35335
74704
35531
5262
63341
8065
9096
83659
57234
46409
78278
97818
4487
60224
21922
24146
82229
84824
49971
3568
26072
19789
97918
22221
48961
73258
43979
48614
41738
9606
86761
42386
85632
28486
51577
58906
6886
