46591
54475
23535
88830
54224
21399
53785
30768
39759
51207
59374
35075
4989
65980
95821
96002
5757
5819
84023
80046
43131
59172
5662
26390
52641
16228
45037
21193
36477
72664
34474
17941
79431
10142
73075
73215
12074
97827
46463
66546
32645
65673
47678
70131
50348
26349
46818
97185
77143
64311
58701
92883
52478
57840
33107
87418
48813
97144
36189
37995
76362
32592
94291
67094
16732
41432
55643
94846
92905
22606
83928
7930
59356
17477
47401
77458
11493
35530
76042
26291
69410
47852
44050
72165
13963
41590
65463
21591
77035
85656
24402
14929
61638
8467
90184
53
71381
80584
53399
8916
70705
51971
4280
54536
80383
50770
33527
35001
10439
55648
75925
13282
21102
9897
68585
28509
88541
22125
53130
75142
75969
34052
17811
7248
98203
68998
46291
50889
27292
47347
6076
30909
82131
67125
55585
17438
43572
89513
91782
63192
8063
30461
11152
21386
9731
11120
93826
51741
39881
61674
11511
49256
27453
78256
32947
36653
34160
97031
56332
11384
4479
82637
7708
63091
49572
45015
31150
53976
54311
51147
84937
99028
30342
89937
67078
45507
22900
96424
97517
87083
75171
94550
11007
65618
35836
56819
3456
3874
34178
18932
83277
46540
33180
80398
58713
25425
22753
48060
71814
64715
79970
39849
97429
88734
76736
12483
18914
37515
11178
87439
13752
37735
99514
69249
36213
9929
71630
42090
27254
92752
41559
27275
19798
35378
67870
38397
65847
49944
31224
41652
22754
74839
24610
32801
7113
35321
97120
22273
88881
23352
37905
65940
92696
46738
5179
45541
47026
63931
44184
48784
53795
80662
20805
79061
23156
52694
20051
62050
20863
38339
46636
68969
6291
69526
64685
38913
13124
66712
62136
891
12808
49357
53209
3902
54846
75619
34579
73060
30199
22328
91371
1916
5759
82439
87857
42091
54033
45549
9645
54418
15270
35069
1409
50541
76716
68936
59648
23170
82052
66266
32416
80313
1794
43293
35976
4438
27453
16903
24215
47537
18115
46991
31851
98535
46968
44719
63210
23851
81668
22594
84879
67575
57067
7717
85621
77738
47947
2667
27185
85910
15970
11409
91007
63932
89912
11057
121
62466
46463
83418
14637
37129
21334
62107
36302
68279
3218
2874
3573
31996
5725
35797
41501
59457
81386
64840
23246
94076
57672
58237
56490
24786
89718
38304
31567
6706
55983
67918
8623
35910
44598
744
77388
98249
7956
47749
46241
94959
71415
17341
74520
45073
99093
95188
80184
80173
69907
31549
82546
25071
87811
6044
4793
88226
26928
89851
47411
83029
30540
29596
12295
35299
94251
67662
87398
4981
58409
43251
51501
33636
18599
28286
22661
40330
83717
11416
25692
94529
58120
51394
36798
24433
85372
83552
48099
38553
95950
89161
71321
18105
338
63212
64419
41818
5046
39220
50822
31430
7790
75202
21763
26656
80048
48909
6471
59524
83382
64463
4509
15511
64158
52881
24909
79145
92797
87862
49926
10699
19562
48844
9031
69247
71929
33395
33298
55386
63866
80843
35284
44496
60594
94262
86738
82917
29630
10142
44384
36463
77080
88575
55171
31486
84652
55810
53947
47456
38303
85273
49021
17183
89294
40123
11867
58946
66171
52516
54726
46653
15610
51085
95658
2539
29179
60013
54916
69896
66143
41991
49515
82655
43477
13463
33619
30987
93672
77544
84594
16119
79448
85841
17083
78592
31821
18100
55201
20471
82394
27792
16746
77113
55415
97731
20852
25994
92917
52631
2307
24639
893
84050
81313
96311
35758
66366
73705
75831
6504
80880
65273
88626
67921
38606
67204
29768
34001
17065
70717
11078
4811
34445
87501
38350
25245
72401
27239
45746
92610
7624
38070
41041
75237
59955
15226
95397
4528
20772
42834
65455
44395
79370
13966
1514
62519
28120
9192
16808
30526
91084
91993
75851
81913
91229
19828
66447
96549
42963
71065
63356
39126
27959
83221
98880
42809
24232
13388
7966
23380
71807
25240
13228
74230
5262
66683
25440
20478
85987
75831
97125
63209
10430
15219
1525
15630
62218
59127
84008
40127
48779
98848
61565
49707
79478
26328
16436
96149
15086
58704
38287
14731
1225
93428
58719
65844
78764
1621
76651
24545
94387
45968
10561
67132
73940
146
28695
12739
81695
83249
80590
65104
29380
67839
74600
72958
63674
63521
94751
78933
50246
29290
5392
27283
37543
82393
61983
17002
56500
35681
36866
60597
82475
59462
45739
2810
88287
94433
75766
79331
97633
3696
14454
31837
78114
73182
85351
33386
18827
85760
2169
15242
6869
97718
74299
65096
40576
83277
29588
91546
38163
11692
56239
46013
46382
19993
82629
69917
22099
71790
84671
69241
87754
15419
81299
46550
14836
73554
49168
64361
97042
28596
98175
70739
33512
21624
53727
84757
85163
80642
62234
5009
64845
84220
41168
85940
47457
68440
85454
58121
90553
15433
11287
47037
1088
32928
27487
91449
16418
27749
50260
67021
34109
65227
94503
9566
13517
85500
12501
24758
66265
97871
84754
41457
9555
79662
4396
3534
74251
95359
99093
46396
88099
91047
73807
81609
17309
51138
69650
583
94136
62277
68338
57414
30382
95212
70900
99617
89717
31602
72422
61956
55938
60696
91855
92681
30678
69829
37481
21426
28532
23953
17198
21059
28656
3863
78922
43061
91419
12893
92256
62379
15849
11917
30621
3988
29533
27340
11074
14343
8762
4778
13816
42648
22936
37136
90458
27403
99192
81126
50930
47479
13656
48224
72051
70183
45078
47279
28758
26518
16290
27839
8198
76823
39345
10043
46107
44020
30074
87866
63148
3338
58755
23138
12664
23753
10136
74549
98122
91519
13405
51518
43868
10293
61963
44777
48722
67625
39866
60438
58909
82253
98582
84556
98052
80923
96579
36992
3303
12892
91028
46437
97329
11325
17977
47592
88724
90518
35559
48297
60046
70529
49157
37238
13113
64772
83970
97904
14860
94568
61321
78482
4154
69636
28957
80894
4756
74198
25085
31741
27173
73143
71246
85229
491
66968
54189
32542
92315
14371
56052
58203
32065
91568
391
88380
33096
61343
71443
33280
96952
98675
22132
8735
51571
12546
42283
27692
82368
37083
42835
14525
65433
3818
21124
86902
99283
63927
36747
46145
10582
51427
5588
488
38515
3117
46416
12586
69244
40576
47797
43412
2755
91804
34788
28498
51011
62511
33657
87944
24685
26496
50174
55232
71535
41527
92770
28247
70444
13489
89097
69169
24596
25297
22698
45524
93086
21643
70219
48454
66130
29696
58448
41791
89285
99423
11769
73628
69029
92625
35891
36771
30269
48802
21460
84085
1253
50356
28953
96988
10347
18169
42142
55755
51479
78628
18815
77457
69106
89264
35412
29367
92291
85203
21814
94988
68048
8382
65946
72112
29757
19141
59217
77818
77597
52325
38899
75793
3837
38612
44271
42729
92690
73230
38106
47960
87554
2693
90312
10657
80607
34311
4521
79765
57213
6523
44480
45065
26988
26471
16037
92871
84409
56841
67230
91205
58951
64323
78157
99154
39728
43021
73620
30494
44993
92682
36676
19060
47097
73853
7433
65354
18070
55289
91504
95446
14619
79452
20604
71074
7845
93833
48805
77366
22574
51399
58319
35849
6000
46900
89009
23230
24535
91157
70928
37586
60691
74027
34772
64531
69847
25419
97968
53135
19038
50682
74801
29120
65337
71784
76585
79499
43718
7083
91308
45894
94216
96254
7919
93593
34362
827
13060
196
84843
84202
40818
26912
84360
53917
34754
40592
44680
56073
1226
82425
95865
95669
58327
71891
76598
29199
70512
34215
70314
9510
79511
17452
99848
25034
43369
64437
66107
41178
30168
69019
12358
97772
68291
34835
9864
47888
44760
11419
37029
35993
34818
87645
5856
8883
50029
98546
37926
36028
16995
5163
30314
78844
29881
75333
4690
23366
27063
59325
10548
70317
74484
3501
25905
32207
70067
98092
27378
23492
62027
28709
84438
59093
97185
34321
74691
91866
11596
90965
75004
44822
26510
30079
24183
25005
38705
33513
67891
92958
30144
86497
20825
85434
870
66712
61509
31317
61740
73649
38815
51936
71168
14434
74000
88285
20725
71221
81658
95560
641
12823
11770
36097
84320
65725
43806
44404
79317
899
93501
36553
30201
34419
93347
75529
7883
99003
58222
30473
72811
43373
30126
37946
52150
23068
73653
12076
56078
35897
4280
67484
51854
72331
92316
17320
74727
84727
1114
35145
22906
17104
52000
60840
80147
2262
21735
36749
21087
98471
80402
21721
12998
51185
22748
57268
82697
73823
83947
61252
92071
31729
88326
43419
96619
26017
84698
57870
42102
76026
802
23155
97889
23077
7567
55707
91373
69286
57799
49887
1332
36904
90989
57607
55495
82558
54485
669
49582
35048
34623
904
780
39861
43073
91176
28778
8580
64220
54130
17563
63865
94646
45060
97669
57246
23832
89921
43618
67041
65894
13410
16024
34059
59919
55167
40740
30718
87923
14061
71532
84029
8287
7054
41402
99897
22375
58027
80003
16391
26928
82792
5065
3668
32323
37467
42258
45928
59938
98249
58725
64563
57051
82541
69153
21213
84880
66720
79942
87906
50435
98059
20656
50159
82598
33534
55577
87591
3658
97771
34870
65805
9918
27226
40112
83101
8344
12355
1735
22451
12909
94812
70780
89673
55335
6968
26978
25745
37900
20189
15017
55654
78085
92097
65955
28869
62135
54906
21070
98789
81889
54666
42269
62166
63378
92920
54645
29824
42429
86051
12868
72524
64984
57490
74996
55623
27278
30982
94823
75629
6556
29832
49691
83469
82753
79216
87719
17821
61271
11242
20965
53438
91285
2946
40562
58243
52542
8613
26295
62415
52323
97154
83316
51848
7320
42492
90669
20594
17100
10332
1590
31152
60082
45440
92232
52057
4974
58800
79413
84162
5200
36823
68552
31186
65085
59430
81239
62038
16928
16753
3081
18665
4687
32408
23306
9402
46516
97842
76148
40260
88547
67124
721
50938
9652
89813
93355
45844
10713
88504
53268
93741
29200
42133
57214
15499
28601
52129
86762
47890
61253
28631
3666
346
7251
82925
26465
27674
22133
82830
5540
7132
82652
39152
95615
38075
36102
17613
21534
75272
66075
35394
51324
28423
63485
9339
89464
62554
75193
7807
80800
94386
11079
28258
79007
59916
63458
374
43687
26726
63347
65680
23710
27882
82963
46136
11089
90048
46517
19139
79396
10987
30595
11489
81815
25858
77306
75243
36860
97911
93461
63910
52481
14326
2029
11153
96052
54394
60144
35699
74617
35727
73925
94807
11925
394
11684
23441
45459
17349
98250
99416
16036
56053
28410
69813
63791
99590
46443
53149
82609
88215
63514
45776
33265
99437
13199
9383
25853
71810
50083
56695
29903
10818
44522
43668
37061
35787
99564
81420
14174
53864
29783
19511
99660
94045
47873
96427
85916
32216
47362
96462
7950
6995
53089
86402
72213
28149
61542
12487
87195
2300
97588
73649
67265
41555
69512
5217
11531
84742
32751
28004
25
65022
38974
28745
58431
44002
46116
39220
51563
16771
23467
93636
24447
53621
48744
22907
57729
58120
71454
8912
74244
87076
94225
11873
56275
56134
52245
58104
24532
42656
84896
1173
99464
19358
96436
42928
68020
24343
27970
28211
82032
22322
60924
70423
78832
3952
49201
13643
92811
46604
47488
53410
13287
23839
53759
12948
70797
27101
72469
2297
91756
88011
14687
8907
31875
22293
94171
5089
57185
5815
54887
33385
30149
43243
26879
51922
26152
23801
33041
52323
6932
38602
65293
77928
95167
31485
87886
75625
65599
83487
72130
40919
51874
25673
36454
94021
7635
52017
38547
56538
9780
44111
56458
86995
91717
14102
23261
70043
96959
1836
86796
46995
94059
20146
95364
53154
22718
36758
13739
390
34407
18546
39490
73697
33684
13967
81511
4476
6788
32858
44287
74134
85254
76503
42542
62820
82143
78297
86211
81064
8223
17842
78665
63762
96691
25135
46859
31727
30308
83300
71302
70876
38277
38156
22131
91234
4621
82761
53310
77749
32591
18784
63255
64100
57549
12661
61741
17556
77603
32544
71010
44421
50547
32675
92166
16564
39880
75728
77005
8549
67107
49783
74168
23488
61556
73410
35857
47097
54372
51308
58199
99382
24986
8461
48473
89439
54587
14565
6213
84029
63393
29303
54124
97764
12290
26881
20328
5602
45990
5566
51353
28893
5755
44761
10641
82808
44616
39766
2544
84138
76804
14644
63184
26294
74344
71627
19434
42085
84201
2727
61976
25315
69515
92976
45156
37804
95659
76403
11198
34674
53081
30254
1107
48805
99955
29306
93627
80225
97820
65665
44823
14821
12020
22074
7224
48748
66118
27829
23419
40662
7446
78243
21400
43262
43590
26038
59378
12778
99604
72837
87148
68212
28568
67869
31056
46550
13537
14379
26339
45038
77999
39209
44265
18536
57903
47155
13294
47440
85751
96407
71685
67829
52984
70535
27228
74838
8853
57844
5215
73916
69927
80848
80620
24982
78516
76610
86252
44151
91017
60674
35211
51739
1490
78380
62662
68237
33977
2863
85358
96434
12744
11937
27027
3196
1151
19319
15228
58032
40641
56217
37696
55693
9163
52422
75110
97150
58588
19282
40020
81293
60902
69143
56422
25076
61195
19946
66338
74603
7873
58990
40861
5989
72485
8780
61172
57990
53821
77423
23831
59196
61382
28219
3509
34799
22978
79518
42575
49068
3270
65511
9649
14694
62843
4065
35531
43600
55514
1950
42000
81205
52980
40624
50159
81651
15356
31706
83207
383
91250
17120
43329
81164
95451
80823
19910
32683
65633
21622
2098
81677
77370
17270
71333
42361
49341
26167
43146
68419
73248
17571
2475
51871
35423
42626
6215
20758
78060
21858
19443
91271
96310
42192
57818
86149
22182
28484
19243
82019
84155
2848
77967
33891
99851
60323
3834
35710
69290
7798
32309
89189
88560
14788
27134
73678
14644
91457
45741
52824
74608
99152
54623
43775
2179
10827
85366
35177
59452
85183
20178
20856
6924
61126
84264
70400
39604
68583
52019
75099
38791
70505
51467
70261
89548
30254
2710
81522
15058
84139
71504
30725
82743
66418
7411
85003
48225
34191
31712
89023
74956
68657
76257
84107
87620
11453
82264
27433
30523
56733
34073
46061
39437
70641
14032
4102
47684
84361
54226
71925
8117
3844
20118
75312
13679
89453
38113
40505
53715
99261
22174
5412
36871
62996
142
70133
94247
67360
82641
78095
47989
75276
50998
58325
50065
25443
91287
12101
52385
3308
37318
63863
79964
59787
80906
71112
48539
944
70427
98166
73340
41759
73717
31262
34559
28661
9189
76441
70498
43898
9854
80324
1720
76131
23935
32840
52845
61793
25247
88235
98165
26011
88119
50406
61942
58310
25448
77084
82089
29030
21594
93303
96932
84474
4755
6230
1559
19735
23765
21404
16254
14846
41602
8486
93454
56993
62143
3833
35851
48066
18266
86746
75697
82192
0
47328
53639
23310
69319
76248
3212
32105
94351
41468
22304
16551
83392
17245
71376
17705
31281
33110
38027
3842
71981
83319
84408
79632
56952
4949
96166
21615
41232
34023
10764
34848
17605
14739
84474
57426
52590
78248
50415
47517
18191
84149
20494
134
86182
76902
73601
44898
32456
18146
16784
85156
48718
71855
10211
16680
62919
74007
66358
64370
80081
81597
90872
60328
30703
87456
98946
68652
32771
13949
65114
53033
82694
90510
85650
87832
62825
84273
93450
80049
31347
51268
89158
23086
17238
25607
86129
45749
4528
67793
94506
78583
11889
86045
67435
36594
93276
60166
69430
98726
77956
4949
12126
18507
53031
63751
2462
58208
86204
22379
53855
78646
80556
86308
33022
28813
92439
67785
43089
5095
1326
53196
64123
64978
19442
86531
41143
96648
23074
49056
94555
2659
14842
94724
2092
26398
39141
70650
70055
53486
23145
27920
59545
82149
13938
15860
98026
25581
53022
38622
44154
25491
17076
64335
97399
24760
40825
47148
99064
66499
22608
5813
35134
37148
27823
51195
63803
85832
84215
6624
89671
21789
97729
89602
81950
73406
93651
81974
51039
3582
88505
15562
43626
84451
4902
69064
85583
50507
97325
77332
85573
91992
71585
3556
30878
17332
92786
22396
54325
62742
52057
12193
41365
46398
48951
22365
27761
27473
82384
23993
31109
58850
96109
95482
77994
7045
62187
50682
32246
58759
65612
13295
88507
6883
21050
97678
50203
94173
58724
64618
80619
71254
27648
88296
51524
76311
74197
97227
35500
82536
41302
58109
68123
73332
46222
26722
95883
76103
25562
23832
55145
42103
90150
95565
97130
38761
23686
34481
25347
51272
72161
33588
68749
17766
43373
59855
31202
7812
43957
1682
32848
64959
15182
49709
17457
7502
45172
15175
60661
94328
1795
74100
68611
34891
9473
38515
81104
32083
91166
12763
52625
39715
71880
84227
10375
7714
89360
50356
29958
86366
95520
88071
32145
23879
90983
90185
26921
40440
78108
89627
93589
8510
73820
31019
49477
98061
64976
33857
8293
4858
78751
99119
16645
31194
49057
93133
93079
30954
39334
9742
18142
94815
85217
74294
98808
13723
41955
44732
43907
19287
11594
40663
53974
1539
19173
44114
65895
40860
34750
12314
42737
55502
42063
25100
7615
96401
71425
950
74821
97850
97106
95966
1106
68365
71484
98773
23293
99525
32211
35754
56105
20244
89950
89005
93263
38087
45144
15106
12021
4943
27238
52218
96204
27019
67005
62640
52752
60116
66678
2406
42297
41005
69910
46056
22180
15627
39556
85608
30054
20400
20820
66369
8649
98996
56208
22493
65551
53057
31836
69528
51256
56319
88929
69878
70612
44888
99761
74086
1360
8843
46021
63177
32847
29804
93456
15100
50334
43893
66825
77636
98530
59536
85051
91620
84123
60869
43568
97208
70811
44511
97088
99694
28280
97149
51150
85978
52076
32
75444
77292
15865
65470
84247
21210
74378
57643
33521
78844
5539
41107
72158
21658
86232
54200
70997
91720
71267
97308
85755
9743
1319
2553
3275
56848
11754
46326
34897
35697
78654
7478
63024
50302
68448
89533
61770
33060
75288
63840
17242
26479
27347
64723
91669
29703
72353
75430
13461
74079
26152
59430
14710
54767
14277
65701
75972
13312
62195
27398
9456
28051
22745
97823
190
98061
78083
21856
53209
96699
92429
37937
16431
7426
80066
59275
82395
36595
10884
73571
84495
36324
32865
60817
9545
19223
92767
8256
36024
2747
13560
48458
70865
47890
54384
89190
3734
29523
64532
93607
51620
50496
22220
16762
81650
88214
42998
7284
74701
55001
83305
39376
2428
88624
42902
73131
95186
61928
88278
80966
5294
69826
85831
50462
83138
43971
67072
68541
53041
90876
55541
52872
72062
17276
21950
33999
14103
16102
79167
21330
76225
85482
33554
81023
19442
74183
46029
82240
4987
81252
94003
41805
41245
83565
88313
81793
64664
71758
33623
37678
21142
74456
54242
83825
99460
30433
67313
85151
66673
8903
59028
79083
82761
66947
4741
19811
36272
4808
31020
8955
97941
84831
63554
71788
96872
13735
11627
88496
28963
40156
69334
42345
82479
41488
188
1768
31240
49728
81562
89008
6870
60877
15567
96083
22224
14919
59044
74297
78824
68501
45521
59855
40738
24668
39736
36310
10902
82453
86953
85725
18806
78816
56188
26517
39568
16683
96604
41272
66758
2973
88571
86543
23246
42011
2084
37064
69264
67470
49564
81953
54691
37329
9672
60461
94634
9479
1606
57811
1751
63878
90865
48786
62775
95836
70202
28053
4689
89050
56515
5541
18315
17771
7538
75851
79930
58978
36609
98726
22583
2672
67046
43432
32889
4999
31033
81476
69144
95726
31882
30089
15076
38792
39521
2880
12107
39784
23767
27409
71808
74031
32375
80214
10955
44023
63638
36920
29790
33821
80531
35656
72870
2879
35228
99079
96831
47433
15896
57776
64803
88725
58908
8962
57167
26425
90464
79522
78250
4658
63743
40145
35211
9199
26918
48551
70297
86832
32476
88866
41361
94113
51685
35323
15195
96226
57219
12196
3564
40441
6048
64673
23887
65991
62606
83082
15122
23412
23046
84529
53558
84115
58669
25132
70077
40385
444
63670
75961
86676
28782
9999
14957
27030
16414
70689
37040
23585
93767
60941
69206
78267
75958
37808
98609
99070
16257
69219
46592
43835
33428
46884
63785
47947
35307
57246
35444
26553
65245
74809
95781
93548
36234
16887
11659
96049
49716
96857
49576
91917
46042
91536
29645
62105
15322
75290
8156
20861
26523
71007
24127
31225
17077
32126
53248
81897
46213
67010
91723
59168
35245
10486
58340
18957
65159
75658
42033
59071
26149
2560
49353
19400
19643
54675
97792
41891
17239
1680
32624
60016
49089
14582
30
94238
50682
64556
76470
4108
63639
29762
49835
82706
5134
90407
56672
35556
33196
10688
96945
39664
33257
49085
94711
23962
21653
4727
11581
62402
34334
11356
64658
44533
34385
31706
10079
20662
10456
64101
68275
603
99187
37924
95432
96387
52724
66647
14266
29235
98002
62236
8694
6550
4734
92959
26759
3
19871
76067
72585
45954
52974
14067
69774
52282
65103
5302
48320
73427
80328
36010
25099
69095
42413
96342
40477
95332
53653
98324
71238
55006
90460
82346
64399
72097
2661
58107
39798
41426
4947
10076
791
34388
91516
22320
47628
85119
68150
43149
31283
47422
18326
40838
48907
61992
37136
39599
64137
8391
52481
31426
46349
21546
4829
17579
55494
70628
49668
97676
49621
6996
65503
6894
68480
70252
35219
90710
77579
20093
48714
55357
27182
10504
67041
23815
36679
49621
33439
2407
34961
63062
93970
31406
88944
73520
63726
79244
29559
73936
66825
77000
35451
70474
93527
24286
81918
11432
72358
78654
26773
46425
62020
44044
59677
97123
4244
35845
54504
81013
80899
5872
37189
47260
62714
86559
13026
34096
17949
94959
6526
55974
61151
3642
53267
71713
19906
56707
16976
42754
41896
25246
77263
54784
75634
88535
1041
49926
71729
91820
69276
27880
24740
48545
93037
60953
39811
88191
7759
6968
11260
47822
93483
77398
72128
70798
85274
58378
90776
87963
77217
47536
18868
11749
39116
55652
28608
82404
71625
74179
85517
63100
62367
26128
25683
78645
31234
12605
10605
92314
31902
31715
48948
10007
31494
94074
31763
99865
82656
4836
3260
42663
59149
83765
14603
21740
9012
12990
9429
37384
32344
57406
16565
33580
21451
48160
85455
67354
51715
93483
39564
72669
47773
98462
56060
45502
98588
8860
80255
45041
23889
28743
99748
66789
70918
42853
3950
78601
11525
3942
69632
18243
3176
73220
59969
74496
15150
15368
88556
83334
8619
64408
48149
89172
65271
30591
94890
60687
27704
69101
23151
151
32735
64387
13494
3600
57658
49775
62661
78597
44209
6853
55829
47772
23850
21320
69492
74552
38492
81564
30352
83220
20304
96920
36422
59480
80593
10575
1517
40327
47963
43263
50896
42424
80790
69481
85508
38788
59726
56369
16838
65374
52706
9959
39125
1766
8579
377
65322
43951
61098
20338
22194
46140
38749
39931
79847
35815
27964
54013
23006
47082
48257
22334
30633
945
55956
13405
66981
54368
35812
30703
14826
82123
64726
64977
30513
10344
57795
34656
50901
80216
45252
57566
79228
27625
21069
4756
3675
40859
89634
49692
10824
5712
33362
69755
17117
30372
79325
38179
45809
95173
33396
10953
8138
30394
5512
40071
81414
73771
9417
69502
78019
93308
3112
42790
1830
90690
43105
3008
79876
51200
9730
26122
64734
86119
19879
9113
48760
94970
47860
140
31019
19615
88846
55728
46820
34299
49428
48833
22113
80997
23342
29903
31441
20131
71673
17515
2600
90572
67925
26426
87266
76316
58302
94609
85443
7274
46219
22018
10514
96398
91311
86443
25911
9276
38482
58403
4461
47383
95970
67531
41261
94272
80895
98879
27858
79827
94680
44602
14446
2364
6513
58188
27045
21433
12874
54702
61312
94237
70285
39545
88079
27409
38318
25714
89686
36898
3991
22164
81648
13269
13054
55216
94601
394
85164
92994
95421
59423
66751
5615
12593
1616
7572
8150
89885
33122
59397
4477
96402
83780
97091
10223
77098
56424
79451
13851
55954
55180
9192
90959
75835
72516
62953
1177
89310
51296
63586
26651
36268
19880
59281
1888
27486
64669
26952
86462
19837
30167
35829
56563
77501
99513
25761
97868
16178
2830
78118
38177
20942
71312
37039
40240
50231
75792
29780
40076
38663
6395
18840
38588
69536
32745
68209
76522
24499
95202
82737
12429
29471
92988
94014
25786
19350
52629
13458
76321
46754
65085
84998
86479
73178
25409
5708
64956
82840
19040
51657
51694
34888
86875
47799
13442
11327
97241
87027
44755
31304
49239
73368
20975
20092
65688
8705
27954
77298
11253
20889
97601
62333
53459
93322
73578
21396
32360
65409
44126
27037
3253
93681
5459
43544
31043
77540
42596
45188
80571
14458
22109
65602
68702
45016
97515
91716
64023
66387
7489
16704
77754
87657
71586
98150
54055
89360
81429
93553
74221
92046
78967
31831
42900
17718
28051
55557
67909
77431
89049
88148
66109
82765
96726
96794
98780
31999
93630
8442
95806
81862
57373
65973
57920
27422
49282
15595
22094
7309
89488
41682
96110
49042
70967
88525
35491
90278
22701
50984
16964
41957
23806
86591
77337
19340
50594
94988
90930
74792
99370
22056
95729
72987
97746
92359
34672
12994
73911
15477
68435
12456
33462
60600
87942
47366
92038
17066
11798
8201
61303
8502
9297
42645
91477
53849
58055
70781
88635
38579
76827
54293
24664
47302
7938
67432
45953
23123
51296
78607
53852
22497
16366
7224
82549
4508
8494
63205
98649
29970
27302
33528
83190
82729
13488
90868
12758
53083
81509
43897
34303
63891
24358
35332
38649
14142
87791
86159
52661
20510
1413
68914
65770
33191
54348
38805
92135
2073
60096
86969
45354
94849
72132
58664
11276
43299
71103
41935
33814
17070
54674
92869
41614
7398
44303
89961
98139
81034
68574
68407
16717
22335
10544
78138
28557
58388
67758
49999
28381
74682
98732
10685
92986
94539
98542
39454
91758
65693
24056
95350
43038
45856
52345
35590
65836
8543
27300
58371
88887
64386
40666
11101
33498
91689
70252
23019
84305
93993
30107
52887
75541
21103
13554
59131
18338
43989
99882
47074
8856
4849
98203
32445
56978
73224
25368
70860
69989
74953
12302
20013
31087
9386
61111
63994
34015
87631
77186
1297
24287
75523
55148
97764
35586
71168
19808
21934
32301
93214
17252
21847
8661
80226
49515
84038
66183
8221
54122
60273
66320
99391
53029
9352
81691
10093
21800
66154
59992
49559
25115
30706
66802
98585
22786
33332
49701
438
96858
85809
53415
3433
38558
76775
57700
90455
11352
50861
59871
77073
97810
25794
33508
16913
34976
24895
22494
45795
16073
25493
49368
53654
61942
82742
68098
86545
55044
10075
57439
16183
34337
65745
11363
68312
6857
62887
60832
76253
51652
91236
98740
70938
6283
82918
51749
99321
97198
49889
63608
97890
10838
3905
84364
71365
36441
99761
41490
55816
8677
71154
35410
1276
93422
43687
42736
32065
14430
65195
10055
72089
64063
46240
94143
24837
26752
78429
47370
79024
30992
68777
89347
5155
46467
59548
5344
30431
81380
39998
31871
7096
21396
5015
67576
80497
55825
97464
77516
62595
40181
19684
84890
32002
39834
91518
33827
64598
9761
59527
44612
58012
52391
62466
24824
39900
81807
30254
54808
33873
38343
12304
50684
74432
33324
2959
50693
59047
78663
13646
69011
29288
913
84774
38842
11308
83886
57345
65321
54949
25720
40746
20670
21853
95385
73858
54704
58929
80191
27676
98690
25570
42655
43642
24252
27877
68999
10457
98678
36875
40824
74780
85934
96115
90515
15324
57098
67616
23624
13515
56013
24461
64933
99859
8152
97596
91634
28831
79047
59465
48254
91763
78855
50986
14956
43441
86632
57271
60522
10965
42308
73428
58667
28446
14124
50940
54812
24555
31337
80060
16760
87088
35305
66676
71663
74228
60637
42796
35489
26656
36242
40168
31410
39212
88620
49061
95924
34947
81158
47074
28692
99827
7094
12658
71207
82584
65794
36487
85734
57211
42784
67079
97493
98987
42705
61165
56457
12179
79323
40728
82803
43836
21781
33866
74722
2139
42018
19454
39825
65063
55016
19864
43396
84263
51368
16932
79993
22646
95469
89078
8433
24150
57061
78277
83871
69163
42675
32423
96507
27455
92603
83744
55624
40430
64270
84855
78046
73228
37936
69067
40566
46340
96661
20671
2195
22920
23683
13230
47618
25772
81171
33811
16710
90245
32294
58653
86775
43503
49994
5559
59464
9595
22946
12370
72459
71272
64240
2965
19992
66512
38886
6765
84710
26401
48511
62092
27488
36389
76082
60951
45480
29445
84804
70734
46283
58792
67033
65378
8135
5617
98080
34542
23233
32377
9602
30971
23393
84291
48211
30923
58679
20717
93237
81106
86886
74406
49101
90308
41733
70202
31164
50385
67421
89043
60079
30019
24790
52212
66086
13667
4238
98861
94829
14375
68431
4344
83532
52333
16799
17540
38699
43197
88178
45158
2271
24762
36207
3697
83848
71877
9691
76725
23644
37933
74452
47695
67120
34190
72297
79583
6180
71181
18204
34543
26685
59818
25887
78862
12674
82541
90874
96767
73509
24193
31503
87967
62206
22262
86771
35316
93811
21093
68363
94209
3976
27513
75216
56896
39922
20736
37223
49341
80035
37215
11359
67517
24992
53634
18473
42453
98875
57344
91023
1307
81003
12923
3215
99451
6430
86485
85488
44857
47419
36981
85771
85087
2818
23994
30567
99172
84602
68991
38940
91938
45317
41532
16732
36293
12833
63985
62974
8572
3788
44318
36441
36466
30069
67055
13206
91053
24297
75764
50465
53436
35247
92366
1922
43053
51444
26272
64698
997
23067
19301
57851
29884
18404
99084
55989
39470
96190
66921
86618
42444
23510
76916
41068
3100
540
49304
55017
35762
10788
39513
74874
8837
18525
85503
56690
52951
39610
73679
84849
86561
99286
61977
85504
84487
86467
6557
18062
30985
11066
73736
94863
57375
89146
8020
29926
58331
51297
98821
42513
2139
71254
28936
90209
83554
44427
49013
11358
32900
42394
3038
99859
22510
82072
57
43158
61533
91411
56581
16633
93983
31241
24032
24696
37052
44650
17498
19690
10504
55577
98359
1653
40789
31166
82709
15306
70350
71767
1950
40059
37453
95198
85161
88591
8028
73876
72352
75303
89089
64862
68392
66920
94716
82187
48529
70897
47222
4240
53157
38903
26928
29323
853
77323
44035
1384
59070
91344
99362
84750
72807
89765
89460
16521
79180
98784
46080
35441
16668
63175
72297
42194
30601
45642
87185
31438
6937
58601
82636
11811
68083
66110
18610
63046
13130
8130
94345
7838
44556
6643
14805
81007
75940
