23690
83866
75369
1729
71694
13416
71236
62203
89252
25787
69503
40237
13933
64071
74094
74768
72492
22033
59762
8188
54439
91032
24223
41801
75990
61834
32013
79684
66204
22803
10939
62048
49954
8382
56299
99506
10236
26742
47673
10336
37190
14925
91372
92196
36126
67989
25912
60133
84286
5603
23516
76307
6941
11052
70594
32657
59642
33567
25738
9859
81402
91551
95999
66448
14848
7454
90283
5550
7771
74588
64532
45750
74359
49426
70997
39513
99659
32026
5674
8000
35921
71880
95398
60600
99287
34631
55107
38902
37788
23642
39863
76668
1003
37814
28933
45638
18926
24924
77348
28672
77706
20362
52361
9698
41071
77765
1948
57514
40054
31081
32997
27616
27892
17738
73937
9522
96153
35398
67161
80216
52346
51380
67761
84129
34725
87863
44747
36545
20493
25359
20586
74735
54678
77002
30294
15559
19518
85700
19529
21521
32683
97593
98847
6707
90644
12247
48776
83265
63876
19410
49485
83528
57762
97131
76325
26325
52600
68232
74972
53207
33018
65403
37020
14695
10494
58262
72937
50890
87443
58378
90003
10453
15869
45640
47533
54752
52533
61054
93485
22478
39087
61482
72669
1082
75873
37058
16973
57547
676
3969
62958
51286
10727
66322
88503
67279
60573
84152
96212
32382
39309
97885
95821
5497
29407
39031
67658
12122
49597
21573
73792
91545
74747
52494
14119
71536
92734
35937
38821
73436
41288
15390
50214
83474
95420
38717
99725
49547
57136
80253
94179
68380
64842
61102
83168
41201
65660
67171
71675
36841
69399
4851
7949
79103
30177
71413
76538
58233
52202
16967
74545
24636
45330
22775
91093
23919
47671
12347
10077
90690
39306
18111
54985
69343
27393
5411
26702
13644
69326
72917
5875
25562
64261
1979
4037
36437
7440
71110
53297
24007
62178
41492
97344
40169
5707
69543
23049
42067
70009
59248
93530
53312
57094
80985
97535
51288
49865
38606
51709
24765
44710
62894
88907
79285
11091
48983
60374
43350
18738
54655
16479
76560
59050
86070
28512
97813
20766
14816
63635
57850
82361
84635
43634
10077
79387
52562
68467
83276
4444
52748
86572
68834
19401
28531
79296
99283
52585
18059
29077
56724
9169
79699
23329
15354
42769
16969
94262
71024
52472
99722
30521
35049
74970
93858
42404
60074
19259
78829
99898
58529
80516
77097
38906
65989
68083
47645
57159
30518
6773
29228
45227
2706
85738
6911
48681
2662
61306
28280
67308
62417
58299
97443
30803
4721
22227
51522
93864
25542
86127
19222
80024
73756
18161
70548
76207
32071
40792
57339
47270
95124
59810
63743
64251
23244
54495
27814
49310
68058
45177
39741
98768
90978
11521
37480
229
83073
46293
34185
43762
16560
53781
31616
44391
87551
49204
71470
84545
15190
30703
16609
61870
3966
81010
72183
2607
94555
33191
7559
50225
94412
2211
25805
80365
46385
20453
89045
62234
80681
70318
93134
85777
6606
13577
30709
41343
28193
19352
76699
74040
83024
43269
34120
37354
28567
77871
94801
9968
39337
34873
5673
49881
38734
83959
49349
14349
27975
51251
98006
67097
60158
9236
3864
44871
37568
30832
55263
90388
50300
30840
74413
75203
56491
33518
67201
51142
68090
88450
51797
68513
25652
79076
22896
45807
64645
43253
47043
22647
64228
16360
13367
76942
21346
9602
13882
73788
39405
89249
99786
97735
22608
4412
59668
8497
60459
30469
93389
5215
16757
98206
46258
39525
99453
29492
41445
81081
86339
58056
80225
94315
83788
32615
26160
33939
17472
97471
53857
46889
19636
93413
11737
78841
88664
54062
45905
21239
19408
14399
85348
34175
49864
41827
5889
66021
70102
73842
77488
91854
68157
32800
87448
81348
9023
5471
13946
89992
78251
25728
91024
62988
76612
46499
85579
23344
86468
67416
50860
45391
83587
20205
61673
71940
72708
46050
44450
41960
26726
60139
63837
43630
19982
62003
78732
86836
5964
30388
69818
83193
40115
55912
42987
93679
23374
22359
57562
3364
56248
82545
79552
2685
22982
32097
8266
47951
71126
15507
8640
62973
61020
71985
63266
18112
61891
47394
43006
14609
67767
98742
17379
56079
97598
67666
5275
27675
77218
67993
48565
50348
88487
41085
85712
44181
80587
61151
20647
87884
53736
30780
15709
90457
21748
6844
22172
68129
92645
24875
31788
75979
79353
42952
35597
57505
65165
23472
5087
55315
26821
80591
70733
3133
66942
58292
74485
19935
86273
19085
37525
739
26746
55122
60873
36987
83033
26922
34331
90753
45494
37146
35029
52342
36205
72585
70995
45534
5488
28206
79015
57114
56064
65332
61062
73145
60046
12576
23514
63456
32359
2237
81856
73559
87350
31048
49233
24230
82079
98609
74471
38243
89140
14333
9821
89675
45561
18391
66927
94356
87296
28950
14446
58066
40070
80410
44674
61414
94059
87728
76940
70457
3407
70875
58394
43256
55290
61469
64991
5157
23352
46764
63455
6878
53735
40772
67973
41731
55511
71387
27583
41655
45648
29158
76159
3408
87790
23789
33489
6940
86373
87819
30171
94351
21669
4014
34835
18265
55939
66564
34384
84091
53399
61770
71003
40532
65495
7568
4331
99297
12436
2943
5902
22672
60144
35284
24808
74248
94716
54985
55465
31500
27980
58051
18783
35533
16593
69104
85209
49720
5936
49708
85792
88946
37002
43491
88256
83878
58155
35627
37913
80222
19458
34191
94504
83430
81916
7498
34206
86384
79205
60587
23549
953
11099
2884
56111
95347
42987
35469
23939
96391
22359
54610
93361
62727
17151
16956
85670
16653
47027
40930
16092
59088
17072
75243
12042
93788
63547
35352
53617
9094
34898
98824
70514
45349
26159
84838
77847
34117
87380
92909
40891
22685
11687
41521
57862
64847
40830
31776
66279
64960
21828
17553
39356
38275
44494
64460
83880
35855
90841
62322
31799
7634
81852
14844
61492
23535
84095
48011
36568
32312
39109
51552
29272
54118
39
93407
47400
75550
17380
47195
52957
31771
69073
88656
87266
17345
59467
32239
855
61699
958
41991
43276
25057
61109
33256
40832
96843
80029
34327
80751
92819
95208
33966
25850
70275
88280
85238
38236
51086
17059
8329
18475
43646
9364
28
38561
93196
27578
44147
64067
51856
47155
74869
31354
97117
8276
4214
93009
66782
52574
50557
95521
83052
66443
60138
36562
35106
62805
16991
29064
74229
94003
49768
44639
92628
23516
99630
15692
61080
94694
47636
69265
35881
70260
28895
45663
20339
2612
28733
61999
84065
92228
71453
98512
66501
12808
35422
77202
49226
63465
3455
30390
10586
15082
89838
57853
97387
30229
38725
73601
8645
88521
31928
72087
4937
81292
59639
12792
37548
14475
16223
32493
34072
54991
44998
82000
22549
51256
78137
79820
88093
22427
66466
97614
91239
17246
58678
20798
80422
71041
48276
90109
63887
55131
53353
95543
60300
99365
93574
85209
53168
22630
39653
34751
47242
70961
96317
55595
70083
7837
35303
46130
52091
58904
85508
86217
22055
34314
80848
87691
22613
38840
32370
66506
66199
26113
68605
78941
1637
49455
21700
23184
57682
92927
26652
65462
82774
31715
50372
20277
20929
3083
50715
72584
35738
2145
38017
4982
69623
67135
73488
25985
18517
5883
62596
14327
90260
73146
68552
21128
2356
17376
53957
20628
86137
12119
88448
59164
32252
20045
3443
90340
83942
60570
66761
19530
88125
59786
30768
64053
88095
63623
9318
34502
75966
95714
4666
51798
30331
12324
75202
9627
63162
29243
17921
3553
49125
30086
86446
23619
13696
78853
72729
49577
63692
83147
42043
57947
39121
43065
26201
30474
42378
4498
33033
38733
8058
19455
44661
90422
7452
36649
28832
19928
44842
93815
27177
54699
42648
63208
70404
58039
73339
7148
50356
9242
90893
59740
70809
92819
53671
46719
12677
87266
86123
44728
67249
58664
96210
79188
95495
29670
85425
96023
16166
77046
50021
52801
4735
69877
55969
87344
15298
75912
72660
68162
57134
35229
54141
23791
47839
48317
48645
51842
36751
60733
23972
41566
33804
114
26566
68513
58489
63460
67713
40734
72613
77315
90981
73310
59220
38091
55005
932
36849
66326
31420
36764
14605
17960
87593
32019
4522
72419
31348
47177
81024
33582
59272
55433
53074
8455
18996
4620
43310
87456
28855
51838
8198
31926
95548
79819
44247
80831
64570
9747
93312
47713
14992
70424
29313
87207
26960
15844
12520
94546
63990
86070
32111
20536
59709
39031
18043
35548
20235
50765
19095
50384
57621
49393
37471
79581
28565
82679
22412
7774
87771
23691
7848
21601
53864
33311
18590
88847
26119
65866
81494
3152
92100
48763
23465
42785
19727
87662
72216
56517
61776
8699
60595
13804
90652
42928
90092
65598
32953
49731
58642
44281
93432
4746
6775
40299
78221
10509
66671
26398
20440
29195
9428
54369
69271
15942
58284
8857
25928
94685
59854
40903
10462
65894
45997
79072
63095
94044
30948
10936
43218
52991
55893
76388
7224
37213
9720
87353
41988
83165
64564
9217
20990
45818
36076
32580
99270
6226
44533
74710
84643
81234
39670
38267
89877
17738
33818
27537
58748
27702
77204
84176
79561
55735
83179
67448
73301
33040
47144
32057
6222
70930
66868
42763
30121
50636
19912
64643
29817
13417
79802
56868
49511
56238
26292
61984
13321
17626
86511
89485
3394
82182
28605
14286
5960
80387
29656
65255
62638
68628
59279
66229
59081
12475
68487
13713
14366
96907
8145
39240
97826
69174
97719
45331
47900
20335
34665
23322
29442
21195
54127
55675
46529
57659
28662
24039
42325
52582
36802
49734
20980
54657
2005
61189
54138
13572
97787
37035
87750
12579
47617
16414
9480
47270
91659
34220
84463
83274
66386
85625
45722
6333
35812
41443
14500
3603
19700
1422
83812
44448
71388
61784
60104
58411
18260
43168
67169
36530
91192
34327
22548
97629
35572
16863
73577
37712
46194
99259
65999
94442
39576
59050
86195
51177
4011
14646
18845
60561
46688
50534
93871
96364
53223
43301
41191
85833
56309
51068
29009
48491
67050
47932
92081
32058
63076
48092
70761
18949
67865
76787
57409
20441
35423
89369
4872
12337
75588
8927
54399
3614
24323
6608
89841
40658
40456
26184
44406
92270
75672
87744
81403
95125
70249
17508
27392
91643
66969
54137
88100
55918
43884
99895
92696
69900
93125
73430
60940
63853
38428
28853
10245
47382
96669
25394
24167
60442
58090
51422
91602
36892
3686
78491
43277
80121
95384
62283
50191
17915
61977
13229
45368
21450
20826
98480
59729
24427
13911
19941
47533
67025
65243
80552
53841
46818
77498
34020
98456
44855
93340
66950
33552
15546
62535
51208
52232
65393
56618
12575
74515
30841
23239
43025
1875
25199
83485
88794
26555
98188
65664
99739
46530
38149
3889
24576
71649
23134
24649
96458
2622
61363
63827
5336
24574
95027
79676
29821
58915
69618
46248
94336
67808
1336
45425
16691
43786
22217
78676
28641
63333
88703
7465
267
79190
93600
20419
95402
11656
37958
79559
29098
40743
60160
9952
13152
67014
17902
18451
6848
45522
53663
29879
56936
51940
71328
31931
45193
92724
87198
80790
49431
44457
96007
33125
13918
53898
63559
26145
30973
74607
84274
18165
20957
90059
17150
53592
7648
91384
32273
49676
25883
3766
71828
83119
9669
58824
50528
48327
7861
61669
75225
2678
24458
57168
30127
84641
44736
27034
96033
59253
3455
91757
87477
32240
61248
35497
8922
66877
34789
17736
24282
53809
60451
37521
54906
45665
72628
12888
23455
55094
3370
15231
18284
69304
99382
81596
93706
63788
59931
32509
8856
80613
95350
73019
46221
34126
16288
39587
21870
74171
49902
83651
13538
90125
37387
21415
42226
86937
2261
84462
12012
31847
3579
40939
55883
88223
73472
18173
32858
79652
41790
45133
6945
2280
8880
43668
58459
87431
91299
20779
29376
33040
91018
49283
5192
19719
1693
28158
31916
77966
39369
6769
61527
75469
20496
77008
77034
54411
17136
57998
60653
98115
6729
42218
32380
4769
76705
11257
81245
93718
62956
54795
95637
81481
55086
78971
40829
54295
35747
36163
86530
45314
86256
54892
40283
35021
83605
31476
81783
31871
66633
4047
70294
33301
60126
31260
26311
48800
16902
423
43013
90435
46913
38197
15009
84573
11132
80045
20382
41525
36179
22738
18664
80972
71468
15339
11859
51837
1934
97359
21163
45229
29474
49373
27085
58909
84500
62336
21355
23826
52660
92029
37393
35324
93150
96094
98400
48058
39882
55709
23888
3560
11093
40258
95692
43894
85383
89322
61832
44786
19401
74474
46865
19542
79259
97783
60961
97540
11112
56100
73
48795
58689
96556
88865
44150
85345
83340
87822
75373
16939
63800
11954
46224
73471
17602
34136
89215
53681
83190
73526
95178
503
76569
4425
78185
45163
17850
56064
95366
35132
860
36945
83782
55636
75092
44870
14536
51393
51542
58549
2042
1499
86458
27847
55600
62519
640
46071
61656
63647
71745
43858
27922
82574
4894
48292
82120
92131
10679
98986
67495
27276
92455
40241
16078
26855
28172
90588
98378
72732
19600
37822
2139
24641
71483
93678
14044
48721
48824
15665
44523
71778
94407
31719
63387
57001
9023
1208
50741
26800
62749
22404
40713
52555
91053
74766
9044
46217
11768
28744
34347
10052
47693
88924
44047
33922
41719
3281
11090
11216
34248
33398
43306
95013
54463
95717
32868
60736
76853
59076
17832
26964
39846
71578
9982
97195
97108
49583
33587
96717
84634
67826
36953
20079
81318
34470
24084
5482
87672
29464
15282
5741
90117
39525
92551
29350
79098
45699
98092
95336
41897
48308
69364
52691
10912
7383
70205
76115
78941
46852
36813
92136
69693
14373
26581
66421
96445
23226
13695
19992
71632
27386
73063
47389
43794
12090
36846
320
79026
80632
18097
51408
51490
38251
54819
36325
98462
84261
9167
73935
64265
47969
26541
40820
92650
23145
36048
75744
12944
26130
32904
55871
32004
78100
23703
14511
75244
21974
8897
98822
70536
69885
97089
98309
28754
85404
40645
31441
59553
90256
67959
12184
14059
39760
55727
23662
844
32243
54738
20648
76041
61102
87376
52895
47727
62225
19404
73390
14547
40308
61081
76487
75364
10344
3398
94379
50880
28231
12065
7245
82500
4606
16190
22688
58171
20720
41811
92243
22372
41
13666
43000
67236
88248
22780
9433
82508
44193
50581
66528
66000
67254
16894
19245
29174
91471
36820
3715
36361
61347
72782
72613
20178
47493
38148
71435
44911
64688
94724
27007
20414
27161
51017
14506
26641
18080
9251
87116
87563
93965
11871
6687
77649
45536
41245
15245
87712
96945
93513
66699
83900
38096
55882
61025
27258
41053
22821
19742
50099
51345
64521
17820
49468
23574
46114
38839
16237
2387
92603
11093
82219
49704
16151
42396
49476
66094
94963
74642
6247
22902
83723
47966
71174
28024
43107
82318
71279
89991
87247
85588
95259
89508
37016
36218
29443
94050
57218
54075
99421
2406
99008
85324
4342
82419
84479
34195
21944
13485
11549
61164
46090
48179
13494
27196
67621
16555
46645
21443
80467
63796
67560
26245
15139
7015
15834
92710
12687
79932
12952
55425
8876
40887
75220
3841
23894
98398
43623
88754
43544
8911
60373
57793
78442
26083
39497
47079
76013
9819
68597
12887
47404
35775
73607
35625
34846
72762
70185
97327
66585
91769
21508
42012
532
56123
52288
5202
72959
9653
3302
69223
72932
57890
77898
71556
3422
9766
47803
89055
67517
68754
16696
2868
11335
64
8020
73100
67280
39594
68995
51132
28213
46296
22169
51775
87403
18360
57260
22318
73795
34295
74120
66360
6517
99373
39955
89514
57876
2051
32202
25079
24959
81129
29810
97830
75072
18639
30677
468
48103
79187
37922
33364
40657
52169
41010
26636
35721
26122
84153
85062
52506
25484
15260
33222
94634
50336
96351
11961
60109
18506
15224
65228
7391
43915
26172
47083
16485
24339
76703
68763
87683
56792
74215
94608
96372
40755
25702
54347
58363
13319
53793
31753
17898
47140
72573
99474
65869
96587
3195
24736
22288
18716
40358
29596
63963
72693
25972
96742
25997
93926
10150
11382
49419
15389
97379
95713
51269
20651
36849
53878
24633
42003
53597
46790
64713
83470
47330
60251
71342
26697
81214
19897
21143
51967
46475
68966
16433
44618
30645
23678
14783
28960
28349
64436
3168
42410
82334
2509
49761
76859
48205
45217
59738
49317
102
80284
65118
93568
64883
80493
25363
65720
25399
99299
12712
90252
90239
97451
68914
28412
79280
6651
90006
13170
39095
95672
13653
89161
43621
22302
1135
44820
10490
94483
78492
35996
60159
71826
51864
66190
3848
22865
79734
50152
98314
49062
3561
29050
51724
12916
52171
84883
33594
21348
97579
41554
55211
46567
10221
4429
66631
75957
49946
42581
79357
80542
55230
30916
20807
76716
30092
18412
45586
2723
24563
56414
26916
39854
14855
90032
92111
84603
37436
30705
70130
16252
11226
89141
96904
36937
80784
13591
61604
47434
99559
27891
72918
37153
70794
17772
93832
72644
8242
75007
82823
33758
39296
30870
96785
41164
14637
15357
31711
20189
12318
82027
38520
19241
72450
63105
69316
66088
34012
83869
95931
16501
56808
98151
3164
96672
83496
89763
69059
97083
96200
19466
76361
62428
47881
36371
76956
80355
92356
55739
22300
65427
81880
41415
35116
17532
89370
53676
64702
7689
48455
27743
38632
24372
79076
66322
76950
41144
27706
112
57668
24873
46297
34628
23988
92851
5666
76091
71359
36079
86149
88961
73732
78272
61568
30504
34621
15393
63035
85632
7301
29819
25061
61370
48628
68457
80834
51988
83352
81559
59421
35811
52649
92243
98071
97427
19129
47251
17426
42265
11865
13279
82316
28622
21540
59494
54010
60359
62803
48572
31701
61557
78109
42073
92811
27848
99811
84927
85999
55531
12017
53677
92738
89800
76658
50337
36312
81489
80201
64141
11374
87369
97966
20770
73766
94022
47502
96438
39830
89134
14446
20474
89185
34780
49858
97863
57702
10575
99432
70222
97616
34202
61251
61895
30248
58188
20540
92516
51964
71202
23181
72521
80158
98662
37198
44331
63590
57339
68306
98789
80346
3372
45096
96865
41084
91542
64492
57958
39941
78794
92634
25736
82057
9978
66525
77171
26117
36070
90521
15577
73481
54985
44474
68627
65952
41925
40316
90523
97582
5526
34273
363
42268
642
89876
94243
89105
64385
20811
38705
93696
62581
52574
73170
78568
97445
90464
70179
32136
60026
18214
27520
66817
52729
25307
25360
58898
76469
30913
99158
51225
73969
60376
34415
44521
92271
83468
81414
20102
72281
88065
61731
15258
51816
21881
10900
2411
71303
90059
68507
51461
70137
58386
37555
87312
6753
33546
89539
75335
64515
35345
12636
33472
21653
87480
19727
2205
18159
28649
86296
13976
9050
50076
59855
71960
56483
12261
15001
30847
14407
22949
87594
86409
62406
47697
81088
15582
22820
47103
37767
58724
93928
6079
55587
36936
75429
28259
93605
64335
2153
8695
84251
42654
3762
54530
42410
20060
98531
65594
30828
94491
18545
58691
60927
41566
47751
26226
71065
73955
6392
4144
79384
71056
90881
27572
20048
2971
94489
22918
96531
28224
18655
50665
28694
5712
38698
44939
82647
7876
5286
61027
17051
57226
16274
43276
40179
35237
45151
14020
89184
49202
57193
19650
57943
98008
29310
13194
51773
76190
34482
39439
25571
75612
69062
2604
75836
67879
29996
55215
2868
2812
43579
63189
68668
45365
87093
22157
54782
47605
87392
84810
57819
80468
33734
47329
71030
99004
92722
30685
76401
25503
93166
6456
73394
65847
35455
41439
88163
13669
67439
72300
5240
89936
11152
86372
5622
94004
50981
12578
10915
7153
58412
4168
88798
49671
81619
45103
41878
21733
31573
76831
75157
99310
78813
77364
9645
37123
89794
2821
9909
45654
33994
41112
80165
15091
79570
67883
69315
47361
41707
77026
48023
80144
19770
69248
67090
88998
17658
23722
84227
90352
99561
66430
82095
90608
97143
5929
11122
33787
76726
68499
4209
48160
2668
65261
73158
17300
24002
73706
70101
13735
75787
94516
80025
54547
28808
95012
79540
9565
10274
20647
19464
66071
18594
19557
46093
67564
59016
89557
17948
73640
56761
35527
70634
73208
72816
99863
77475
54509
96090
49790
64995
43951
53621
70491
14564
5044
86404
27547
61799
2130
26389
1557
23513
56078
49034
38138
29565
83111
19168
5593
58283
34444
55757
96460
56974
40259
23882
6816
81731
28944
17537
25030
13474
60484
55652
75512
12450
48102
4992
41048
81160
31468
27757
15818
47251
55204
12014
14555
24174
34678
70297
94364
35341
90496
91506
30550
88194
57160
13517
74304
81162
79587
45816
32854
84593
1358
88082
63029
426
73521
25687
81462
78118
78119
24433
26814
6687
39939
49209
1770
28245
9326
82642
47053
58647
23172
89688
22978
68977
25101
87318
55289
34585
30687
59886
1572
85652
94902
31225
45892
67121
48985
14129
50653
8990
88834
16246
57222
66063
64692
23863
48255
7951
11746
46059
71836
96944
98762
74207
61420
11669
65103
94051
75324
86202
70398
46877
47430
18233
22860
41162
11784
8713
3316
34648
79260
95197
31989
38063
69813
6926
32466
56915
4285
1238
39063
47337
22838
84628
88050
4627
86889
20695
69804
34222
2017
54933
38804
64450
38591
41957
68815
38988
43202
23530
12078
39541
4634
77098
66798
76639
64955
60699
4394
54494
79203
8188
89766
74086
47139
23060
24038
62802
30183
18232
54272
91089
38908
69093
32630
24327
56392
67539
99471
27855
38111
93477
13712
80755
89160
99521
42703
45740
17829
11411
39672
26190
16300
15310
55019
93829
65166
64718
17310
15531
17919
6012
8805
24969
69257
20988
632
35541
44468
42471
20246
97416
61228
76538
16383
85725
94476
9011
84925
47618
80357
78297
44972
18772
78560
28082
74789
23598
14073
38801
59160
91674
50228
83940
9936
32098
84672
88742
11497
68172
98888
7162
1271
75358
91164
42256
64962
39761
98927
69294
99352
56155
79792
69692
35173
39621
61039
90033
46409
41175
46198
77034
21467
5667
83310
28571
47187
77287
66602
84284
1053
5733
97513
16753
48729
73195
77025
69614
27607
36303
63120
35027
24671
44779
39448
3005
11882
80536
48766
70315
71059
94638
42333
70321
21973
21854
85695
95604
92047
62592
95069
87674
73159
14642
68241
93619
58641
63038
20963
61978
62595
91424
62425
10105
78055
11171
52363
76687
66218
80305
16689
66651
28520
96286
13225
6414
63399
27192
94780
26874
87500
81421
77567
65014
41234
75445
61867
10028
76537
45828
44363
48843
59572
86788
7720
79634
32212
32228
92266
10801
69490
9007
29385
11741
45903
28417
59153
76873
1417
61826
30220
31449
68258
94088
74477
81174
13857
97411
68870
2609
49304
42335
149
20390
35941
67846
7078
41731
88566
33590
74201
31171
34925
83978
57383
78492
52035
65825
19111
12817
16291
84994
8610
14711
15608
12914
80584
65484
12310
26545
65777
34801
63357
89656
61497
27155
8857
8995
75800
78056
21339
17422
88306
67826
87625
99048
96524
84280
36704
95984
29139
48031
78300
56053
86317
64310
33724
85438
4782
23027
87262
41594
29420
62021
67813
39400
67814
45268
22481
30228
69635
43039
90025
41054
91477
98869
96687
40784
27085
16559
16390
96304
28779
16326
97406
17745
56500
7304
3339
97186
93431
23419
4213
52772
90794
79745
88001
26285
12
48224
31234
51255
61798
6476
26349
86099
58006
37245
64575
87448
67622
92939
58352
88222
6636
90957
12814
13094
64614
50068
82899
60510
41929
25294
36796
46216
38826
37252
50259
11732
10868
70401
40771
78861
85325
65134
34505
22303
89976
11306
59738
19254
42728
15890
29564
491
65066
15990
46135
99837
66931
74906
61670
49943
65324
70724
9326
36504
69680
80133
47273
20753
86986
52843
76579
97220
52168
79491
2896
41502
56452
90510
23118
53307
90330
63644
17781
26038
95730
36304
81149
22835
91116
50422
44801
35961
8730
90827
13536
14601
55808
98001
52623
9843
64033
38984
32268
89885
39311
32343
48323
85575
13094
4633
43384
76420
51788
8362
59613
1679
52942
83287
40773
33375
98983
24437
29636
36564
8042
40617
88489
61340
65954
88295
85693
58450
37887
13275
89274
51345
31376
27896
86727
63386
87981
95574
9741
86483
7037
68380
84173
367
31213
11857
61658
72520
57227
19247
10859
39595
9348
95704
81842
98693
43853
86982
19621
24798
18940
84933
38532
38513
19088
8268
70303
25046
96560
77387
45394
3409
14696
43153
29526
39661
56444
88121
30126
54097
26637
13173
1223
18640
2415
49678
41997
35672
46053
88034
19533
998
75953
84943
67543
22103
29848
45660
81279
22945
41553
36612
75960
79840
73853
7449
24899
66194
66177
42181
42248
55731
56856
65523
98160
5766
83710
19892
36097
69409
66271
34631
78992
8526
57853
44395
27455
29753
75610
7422
9813
10783
6842
7181
12543
90025
37213
21383
44786
94965
24779
75802
69494
3872
45785
63801
44142
10429
86782
61776
38393
9955
9563
11869
56673
6922
57619
67433
21986
29457
79994
95145
90583
58755
32368
31465
48889
49674
52980
8135
68553
62327
75106
41131
44629
90468
65136
75120
62740
94051
253
17026
42971
13834
69028
99857
1220
94972
50507
5621
32405
69779
99396
15328
14971
29634
85218
10739
71504
14320
14912
94467
57448
78646
93222
76066
34849
68432
67240
66204
41785
82499
4692
27934
29204
62967
52174
76749
89726
32510
30244
53916
99166
47359
75730
98774
62930
59777
26159
14995
5250
54397
3616
48420
79139
5785
59577
64324
20612
92962
65008
32788
27731
84302
63835
49906
65086
71461
86123
52003
77460
8469
21013
38993
84075
60995
95300
10089
2916
94447
13135
75071
42272
52245
60954
87387
78883
56272
48795
23419
3390
87849
56137
96763
67502
97456
26184
14864
83523
25823
33688
91469
73653
74155
37534
96780
33384
64622
64344
18143
10484
49487
61408
26164
79826
89936
90515
75486
23348
76447
71022
8814
22666
62704
48613
89611
52332
24249
71491
86619
34810
80436
26565
77092
60759
21666
1418
68117
14710
64174
54003
14260
91927
30651
12935
53902
26440
29972
16937
77565
6940
50698
91516
7075
54801
24873
68802
10949
25541
47923
44448
9135
93130
77725
83333
30047
22921
84316
65405
58160
88518
22398
60776
59173
22444
56761
16886
92014
49769
94711
63171
22360
7312
93925
79679
84112
88920
19490
22291
35885
52863
90468
42575
66787
19726
44868
21129
14202
47318
82887
30980
42124
64566
58777
89047
84541
89922
32342
84631
98039
7987
76788
61180
30830
84752
22087
1822
99205
98045
99220
41126
3431
62025
29520
5296
98049
79823
93988
39447
77575
35631
2684
44696
66881
63730
21047
57793
48534
4877
95138
94190
56578
34858
24251
27898
76075
29288
11744
82035
97638
43045
21924
16156
48097
41760
27548
80098
35046
53480
90998
4717
95933
92894
7055
62407
5302
32091
94298
67099
63705
64294
53287
94327
2907
5030
84548
68572
37773
1621
29220
68760
68078
11953
41809
34530
13707
86527
96599
25121
36182
40948
22746
95054
13879
90420
98256
63684
27803
61844
22595
43984
34990
44645
18329
33343
89757
27597
13249
43067
57212
58975
42325
33424
24260
22237
36639
83980
51085
72525
48699
18774
35492
69177
30917
22757
41547
58233
80447
12487
6773
20864
40769
75928
79026
85236
33770
23433
93623
8465
44772
86110
73278
53531
67909
77206
98622
89322
70793
91642
53781
14276
12598
55278
13144
3821
8492
65812
13727
95572
91796
31523
47149
762
36293
36347
18206
66396
54398
39023
88466
13205
90356
42619
27752
62589
45496
81960
1267
53711
24134
52225
87440
88805
58705
92496
8265
85491
62784
75205
76744
67957
9706
98050
16669
13248
38960
72516
17238
31561
58999
32226
34923
31769
3175
40575
23920
69979
27525
50555
58324
26531
64545
60016
71438
39570
44083
58343
42056
43796
28081
32715
3612
79193
62279
20508
3499
92305
25950
14503
23628
72980
64722
69705
94711
91908
17301
55670
85630
18130
68576
38286
57965
12229
16880
50212
3412
49689
26612
77098
69165
80617
30459
73441
3479
26284
28613
55730
69490
82667
37076
31614
44028
13021
26926
85344
61809
94839
65305
79530
22269
88413
72713
23926
75220
89795
74749
91383
62312
12067
17095
53809
65693
48851
45338
43011
42520
91280
66226
68426
63294
61571
86180
2962
81053
36961
94257
44944
85302
31536
88402
8573
84383
47081
54829
80752
7903
6533
98221
13684
51534
37230
93417
57422
65571
83266
65921
95176
67683
83915
42824
70528
28613
96878
16235
60698
2233
69750
42872
38258
95537
29805
6080
30776
23664
8522
69425
18611
94022
64586
35107
35986
93059
52541
16891
26064
68153
28757
37391
97786
71039
99081
77260
1387
88712
17874
79960
87505
30845
94130
78518
38153
63660
59962
18146
21729
31149
62641
33758
57048
13840
47310
1154
3096
48807
6837
77469
76071
79986
90171
92545
73475
32359
45086
67218
96456
52544
4692
42064
5790
28562
81920
87765
99891
86067
96954
72325
33097
34394
95162
94914
5511
94999
80342
83945
23729
97927
74164
52580
81874
40405
3888
7518
40674
1585
5043
5793
18574
92743
21690
69184
26456
20576
27967
28486
31920
59545
1262
17029
51852
34511
44371
41676
84824
95257
87033
78475
52016
61140
43489
98529
78380
52112
60189
65385
24673
74401
47091
98306
81023
91160
53751
40354
12704
25977
68457
84935
67031
51856
52025
64184
96664
57135
727
47363
96033
62212
22694
45416
14552
26567
53777
57434
49253
23161
90804
74344
60387
62582
3813
57518
12453
2956
36005
60692
80760
4017
28971
58846
26799
2097
11443
160
9115
79305
1864
21244
51385
12826
69351
62461
51707
1674
83753
54456
37383
96316
91100
89543
35172
94113
24548
4449
48042
94506
51730
93708
21130
40034
66602
92016
33240
63848
18617
12454
15123
53617
48318
69948
21296
69559
22959
47560
93230
41352
5811
10779
19202
81549
23309
84443
12916
39428
23673
32686
77549
6994
52117
14608
27574
8155
114
11350
46224
77335
29220
87858
83057
71298
39332
83765
47998
21151
68246
65612
71154
76987
11219
6690
88695
40950
74505
39580
16725
82158
79099
93812
40174
85931
34904
8129
1499
33709
42373
13141
69445
11608
1336
15894
12131
17952
27722
47904
42216
39543
36445
91764
71181
58060
61531
562
95774
45426
25913
86624
33649
60533
94624
64065
98235
35408
47684
97126
36393
31202
82266
14288
78778
55105
96167
59545
75650
95324
94558
70742
13228
26601
97363
77182
45713
87334
22630
82113
24399
34342
12355
56072
7796
55749
79491
8911
16984
37271
17659
76723
70268
30596
11510
11014
57276
22157
12986
16076
61893
1986
24911
450
50868
55170
73395
7048
63169
17442
18352
10900
12778
65570
72726
2051
18847
26193
6492
23028
75614
87256
42561
38379
77665
17835
474
82632
15091
86349
19905
23556
74348
6554
20220
22412
9430
11904
5204
52625
82354
72443
45741
99541
18919
6758
63944
4697
57869
9459
92167
31082
15665
89957
40462
74636
59425
86531
22785
33032
54696
90762
91957
76820
97537
94796
36552
6224
45350
50314
92620
6942
20989
53866
40674
3170
41515
43019
19460
70907
53890
95777
24763
5631
94181
88822
7890
84391
66091
45583
62987
22898
89119
72172
97928
91591
80486
68920
2004
24123
70205
57720
59347
7555
16838
85225
10093
61798
49282
37291
33121
16405
67071
51878
79141
58919
65999
86325
82639
8714
86905
52161
40132
99766
87326
69721
17822
48817
55937
49083
22684
72594
41015
95337
701
96169
36430
17208
88793
8956
78728
46092
35108
28800
12461
46582
55827
37241
93031
39009
25592
94161
86281
93289
37217
18044
17588
59580
20228
47116
67402
61276
5860
199
14607
60527
75390
71733
51176
82971
22489
48791
97531
73683
29986
40812
17052
11331
87305
40744
13894
80581
55786
16928
23491
28523
86313
47726
58119
82656
78581
76849
96979
41676
41553
17452
40232
34909
14193
51934
71192
84093
86064
10059
16520
76800
96629
12598
63303
96405
992
6256
72275
79484
33221
86820
5490
88932
76707
86084
74213
27663
13614
68520
4390
45639
51811
55854
32129
12533
580
82142
97138
35370
69552
29800
94517
45726
408
46690
31893
73715
84423
61714
81664
72324
4574
17495
8454
54733
11962
51299
58202
28108
77720
43528
70479
17543
5669
70880
24989
40774
80469
50769
95824
18849
9118
36904
9932
3421
92303
59763
88523
30017
54190
498
43240
51900
86855
32066
41064
34316
47399
77395
571
49280
23940
69029
57649
26023
59321
76973
40057
29527
21701
91119
93246
33653
65889
62814
63206
67670
7562
5033
62430
52198
62776
28184
73918
77222
287
18579
30687
73603
29815
90672
93374
3073
50198
46544
94909
40088
79254
83908
44099
15329
19706
58996
8316
63070
7252
9587
86010
24041
68860
73394
26753
42366
14965
48372
86504
95755
95111
80427
25736
40742
46285
66453
99711
31028
97744
90172
83455
19344
67905
23117
88415
23654
60934
47101
32492
3779
19868
10847
69970
90700
32568
6646
4743
56421
63919
51008
88108
1825
60039
99153
44976
98827
58172
3356
69043
53252
59284
77287
65325
17079
26132
66666
56135
45742
84978
3099
81431
67864
15880
82724
75887
84263
10457
35036
8174
39639
61710
43289
67109
46736
2064
81629
59304
68751
78141
89588
65482
57577
78057
79239
44495
42580
45521
52890
64568
65902
50510
59001
71442
60819
69576
20244
85945
77315
23266
60713
88370
23136
95182
29404
91541
15994
10178
18589
15015
44502
7361
87384
67600
95390
37616
23853
89806
36640
38229
33306
38741
57566
70467
42272
89128
2709
71847
6289
77159
81820
95684
81989
45485
17427
1218
42346
62394
48652
87697
28500
32401
26932
37875
20065
58540
63126
91400
76052
23202
45722
30437
49304
39085
89960
21971
30803
52668
52910
40275
88832
44147
3889
41429
33194
48818
25371
41899
50173
94172
95270
61459
41153
48943
9729
904
11809
19690
50401
83731
26002
11309
95794
83086
31436
51382
46379
42904
55524
95456
70414
89677
9484
8376
98865
84352
28512
85502
4680
71247
33169
21227
41227
81880
27932
84263
89283
361
29356
89055
10162
11113
2266
69178
14273
77522
48352
20803
9992
81812
2438
82467
86374
54716
23757
5593
51974
32776
50077
25376
72392
26306
15009
79154
50562
4775
70082
13914
55154
47172
62098
46018
13548
66469
85294
59301
87411
40305
94103
21342
35999
7708
75510
22868
68809
50702
34852
86510
58122
22338
32289
56507
50283
3979
16663
83855
96103
23112
18616
9498
7440
34438
65649
62820
19714
56419
68919
19904
69421
64456
18181
11669
38673
28734
89376
64683
50796
92141
10344
99859
69922
83571
55792
32815
14883
5591
95734
9568
49806
1438
63197
64298
21688
84604
13902
1561
42059
12689
3154
12390
81783
14947
17088
93665
4157
20620
17833
21549
14602
51979
33059
3962
12768
18756
39576
23869
78645
32833
47936
14122
60684
59350
70098
67983
1259
53883
89980
54068
14832
87814
22623
38106
88987
97953
18076
54974
66482
62127
28658
94263
87757
74185
94965
97826
68379
59235
51530
2931
45028
90032
22916
9226
64753
89031
51705
22432
44849
49105
92406
50273
30639
63764
6716
26788
29355
94953
14975
14814
680
84601
57386
16518
4175
53673
26364
86499
64385
72271
99604
42023
2352
87048
9039
24799
64898
13397
73352
99955
46248
95644
10125
17376
69721
78384
63623
23993
67469
68177
68471
73425
44260
36715
2251
60427
32646
6398
5050
11080
62666
65206
58047
72577
49501
50382
47921
43590
54724
81916
61889
15958
21600
15019
68565
5035
74476
40009
46796
25791
90049
2371
19030
96207
3800
26178
97763
65636
84797
48612
92153
58499
8346
62272
37289
81042
37597
37547
67875
19339
30463
20032
69268
85552
6287
52512
51825
29240
68150
97216
85950
92636
59601
79259
21030
60294
46176
61839
68776
23322
52618
82284
58793
6112
89762
3390
7611
59327
77730
87523
67437
36928
72133
27457
95328
70017
33103
33477
89920
51287
74353
68523
97486
87580
62661
99516
98898
29087
41242
76994
34866
75758
68770
44552
66720
48178
61238
63156
95789
2897
44901
92497
51510
80626
29778
49022
20502
32143
83930
51012
27191
12698
71919
17488
48969
84094
84797
71213
43450
90245
4492
78523
18084
736
52657
91679
68158
27581
60737
47149
8778
69947
37687
87023
6386
81855
17013
16860
57802
13639
79014
66754
45157
90229
49803
22167
3838
51281
95583
82626
63381
90025
19705
5544
98404
66378
74412
50774
27969
38098
80863
92921
71406
36781
42234
57243
75011
84895
11102
67113
67081
67937
13410
29811
11231
37737
33366
27855
50932
30489
87841
16876
31997
78110
83768
18752
50241
32143
88618
40008
7442
66239
88890
19704
32775
86092
95347
8375
47995
92559
47156
18942
40179
28469
15544
95443
76615
89894
94312
60667
33011
46557
99841
97480
50257
63987
60924
93295
53012
23481
7001
42867
96277
71094
59670
841
79047
93706
97035
25139
42390
24990
79859
58373
83333
68898
76697
3528
62566
88325
42137
60347
37831
27951
6996
60885
66398
91410
69447
68787
25168
2051
55363
24513
85557
4288
22665
69084
68798
14702
16396
82909
92858
69172
18276
8021
66697
41467
14147
81359
87290
57395
30729
64687
81343
46654
5036
68326
64097
98785
34443
87636
24259
28247
99971
40338
69626
55345
72816
79044
46232
7612
34729
47863
71928
59228
67488
68658
9674
98974
94187
24930
77263
88087
81497
67772
71321
90676
43170
38902
99251
54338
4986
70012
80259
28759
58649
64611
69201
77937
38394
11351
68651
35102
35126
79678
22666
82866
92758
22115
79166
36377
58652
65122
4598
9512
10373
36171
46749
32198
69016
78950
12175
33913
79792
91894
2625
64716
67603
43169
578
2877
99457
31736
60580
82835
56279
42160
52961
1819
45105
88455
97918
21054
59736
62873
95686
39864
65414
70746
18386
22478
17861
37002
8920
59444
99175
34737
55309
43232
77052
57949
15263
49589
21536
76288
36920
26915
4542
21763
53232
68212
83209
44930
87092
80561
81032
91121
74176
16919
96207
62761
99302
96856
24782
78099
85015
62455
22815
1136
83659
21542
86851
9729
24766
87156
73191
48328
99517
83447
25953
68771
35321
43651
17513
50173
39268
72931
49909
28358
78411
8054
60561
38390
47024
14291
58647
18406
24806
43436
91273
74465
4099
3406
38103
31690
81361
73480
20163
99936
7370
32703
91603
90728
90965
27436
27439
55651
79343
74608
38831
12084
12545
94457
22724
75604
60981
48461
62705
10475
28508
54785
23522
56081
92174
51488
64671
31915
5547
85823
68812
65788
52767
49972
20988
45708
16451
69832
47424
19587
86851
2996
39063
50197
4605
79188
61919
9642
80681
62498
70709
32900
10775
9687
71427
52584
9181
35522
98553
39477
62765
95524
50103
93519
5796
73043
59317
62573
73468
77016
59153
91148
1036
43117
23624
25512
15722
73325
51475
12986
89569
55029
51233
43049
15113
35912
55012
43079
78544
68404
36527
80929
71278
7947
56822
91326
52892
45543
44401
31562
19871
99346
36174
3665
3344
79561
31863
67658
86063
45915
36861
35855
84046
85567
49908
7735
44291
7054
78406
69883
18030
16237
84028
5063
40489
78224
19869
93088
86294
32297
72620
70179
28923
19912
93114
90223
18855
47567
39704
35552
4049
87354
57015
32629
31543
671
96882
85710
58039
49086
47034
45838
67136
74518
13531
3633
15317
31110
63175
25120
59691
38774
81363
53765
73295
66681
6932
64134
92453
59684
88880
96723
67349
42854
65834
30676
59221
51399
73520
39818
81342
34159
35049
37208
85263
26781
3042
54405
6380
89480
74905
87744
84391
14584
75860
65274
5991
3250
59334
64861
93739
32748
93257
98354
60206
50310
78488
24282
8683
82855
44412
63918
57590
23357
43778
25532
3725
44154
68502
46513
63638
52526
57753
2972
84779
1135
12331
52765
66993
559
24685
55971
92064
8658
46079
48593
40901
36695
77002
34952
48292
78760
45721
23525
45068
10986
30154
61034
70806
50328
61549
61836
34747
12820
1222
41212
74995
90285
13574
59070
37978
25723
57289
8124
58169
88440
71853
48931
77278
95184
84630
67029
67152
33550
98220
84878
6804
34227
57903
73792
70981
51297
81959
16664
39010
62849
21224
79244
7436
4866
73598
50616
23120
17931
96973
22569
21471
37597
65355
56627
39132
81223
83755
75622
65698
94519
94683
1196
14599
16344
34408
40767
32381
39782
88089
86681
43763
40625
69113
95320
67216
92609
41495
72412
21585
34014
43909
49221
36576
75650
63407
69206
68871
1276
34659
89757
67541
6337
50966
44490
68166
20027
64644
91091
70458
32830
18234
83338
29842
10292
78806
80846
68483
70035
89411
46523
39728
11343
54036
31683
50610
45461
64619
38948
52937
65201
71896
31105
5122
98331
19139
37426
89658
24622
27154
47188
27964
50403
1953
88754
15779
60570
19378
26284
96844
82561
722
98836
11864
88136
50029
56198
52300
19282
93880
22704
55407
25696
38154
5256
60934
87129
78216
31511
91152
41379
91187
43860
42881
42222
18559
89325
9389
65282
15904
90039
26083
38335
42104
70375
64478
73059
19240
16986
48301
62941
85126
70376
30742
4449
91781
2267
12248
96697
27819
28649
82354
87866
35132
55465
91374
56861
55955
69641
69576
60704
46808
87017
3378
3841
96620
17072
83592
67779
40778
87874
67889
61230
83209
28210
56253
20810
13118
38431
50441
16291
77076
12692
37462
87254
7684
38216
3202
86638
79001
7616
17104
49598
47409
87597
16133
98108
66998
26901
7828
74708
18675
44469
55918
39945
60760
21124
4656
6921
99211
70563
43743
17523
19200
53284
83627
34115
49555
16123
96156
58404
13869
96953
88777
33161
70769
18290
13820
95612
12077
58144
53812
86217
30602
75732
97616
32607
56773
97517
26494
86560
33559
96281
87426
8438
63873
99580
30398
94124
3970
82017
48553
50874
30744
49424
60839
21722
55692
22757
69175
42469
7303
9044
94843
41067
16750
57526
86921
43467
55668
51020
77341
52038
89629
9596
24844
17588
9526
80338
69288
71189
87892
19695
91642
30060
9591
2938
55472
81177
14893
75893
76915
34016
28342
84024
79256
24515
1437
46359
91687
6347
12659
86930
38456
52949
4675
96515
61244
21148
24580
43250
12196
75353
53469
97986
54577
87608
17402
64783
31475
13812
2053
5743
28574
79775
74104
43325
23696
5605
30340
329
16151
63166
88650
62940
58529
962
81239
38692
25384
13076
41693
34324
56597
71642
63697
1562
80547
30355
29447
91647
7113
36653
14884
77875
4293
6915
58355
58681
78845
61350
72819
55639
90807
24251
27098
49029
86702
90528
39456
53615
6369
78709
39398
18399
72118
67729
49146
56931
16077
72542
62777
93340
76158
38692
93215
79497
48282
10775
58647
51614
42606
22557
59847
64034
40257
86054
43516
32345
44544
14667
14859
90019
90899
75831
85278
28403
97255
96484
5757
36564
57768
1423
42603
6302
98572
79479
79480
52114
31035
47601
747
75927
31880
87841
11008
83811
18862
75364
78141
86063
24212
16800
12387
1409
57682
72758
2440
326
53414
64812
82242
51797
5017
22083
93845
41182
79954
53544
65461
60778
6574
91401
1310
96942
13920
38932
58138
3058
64823
1467
9540
21890
18343
19694
12351
40968
89036
41193
48619
25814
77038
79154
98700
66222
65358
48949
70909
9797
93995
69826
3856
65318
9903
17363
79489
32810
15490
15444
87489
18750
14619
99381
35503
51946
55271
60352
33454
85323
9732
52877
52146
38760
4924
39646
83739
27420
92701
35087
31584
64970
68023
48341
9062
94996
97610
44222
11986
979
40205
79540
25478
73591
53704
29869
11195
77657
43650
46753
10950
5006
15495
85585
64
41117
17679
65096
60393
70257
33624
52068
40109
80402
83860
22518
50726
66277
90318
40506
54336
11049
48365
32474
45118
30191
27399
78555
85055
75054
28450
6082
83769
45947
24137
26578
49475
82438
48277
67945
77317
32514
83828
41729
67355
88136
39430
45075
89730
31186
79143
44918
87338
3144
92417
99901
56640
83020
40466
69873
13718
39124
80040
85339
41806
27542
68299
94162
56265
57282
73043
68288
17999
22373
63189
21822
27220
6635
65119
56982
90760
82323
88824
53869
95911
83531
18743
80625
53529
24235
69937
66454
41971
78404
54227
38193
52473
98489
99922
39813
19836
45268
88810
32448
58143
10854
26918
64965
39955
70595
72680
50004
17901
83484
79112
31394
50299
26171
89427
58275
8798
87674
40632
32029
87344
6589
26316
39595
68146
24995
69348
28731
6712
25305
37146
45492
93513
56376
95726
85056
56612
53778
40670
82934
51555
19932
48552
58487
99291
22832
87893
26301
9062
41647
31014
32162
4635
56781
45103
51553
84538
87322
96818
14959
1246
43949
43291
92595
46337
33619
37881
93922
30445
4370
1662
55020
47004
57698
80474
67411
58036
67829
40304
45313
37101
43047
19668
65065
94290
4983
40856
36731
11272
44172
518
69289
56959
25710
81687
7605
76640
55956
12149
65671
84951
93971
95856
4691
39985
75994
85158
46937
76306
77691
93517
16708
47018
51505
77857
58199
24280
78226
98305
41354
92763
1149
82650
86272
3852
32372
98060
21293
76010
72868
90771
2079
55679
74632
60361
43130
47190
14977
25079
18296
19825
93918
60424
33580
50654
83809
22271
5454
47853
23488
83324
98413
57651
70795
72908
83802
11320
9583
839
7613
77934
63865
70926
3438
86920
91437
61029
72386
91143
34726
11008
9303
53147
80008
21528
98844
40724
49069
35617
20042
10101
92606
73439
52522
89543
92357
44427
84884
1724
76559
31809
37606
14137
17466
40361
55960
22992
56986
46660
59216
22780
49884
14310
13126
12479
74021
45266
77642
49266
74063
43077
62251
73965
80797
97512
85328
90425
18404
13894
94563
47010
76145
70662
14584
2916
73401
95165
35681
39647
65568
75852
83737
2409
76401
97262
60216
78295
60312
40042
15522
47090
66785
35617
27660
33481
69558
63640
33340
19954
55033
65535
4587
43092
52096
12206
46634
79222
99725
10209
39078
78856
9585
37995
83698
98210
59340
59842
97564
83534
37295
7032
30112
78362
98371
47473
80224
40528
43001
81103
33358
9760
61824
15726
84613
32
71265
40644
50312
64194
50627
80993
78569
50103
964
36665
37505
28789
51918
29449
74140
9716
66076
49806
82658
48000
35422
26225
44721
4623
31981
6106
36221
18622
76851
29317
17032
93858
53381
83666
26945
18695
9529
33370
32907
56302
28462
80009
77398
61705
9968
51435
88609
13551
6962
23642
43684
12018
33068
36613
64609
45039
95923
45689
32212
44520
44771
59947
73251
71646
19633
43646
75408
68252
2504
55445
187
32705
16898
26355
19537
55413
48827
83015
94655
80546
17497
22670
11659
53208
85632
5013
60789
16768
19056
81905
22771
63839
1158
88387
11531
68515
6757
5751
42072
66321
76026
20357
11047
51516
23455
10979
95119
6713
17075
9196
96212
12908
51034
51665
27023
22101
48287
20043
86014
14620
82856
58639
49196
20598
32674
36347
31547
28511
14824
51022
48656
43075
40943
28333
4519
97139
11622
60142
29753
74653
9893
54076
99693
9859
85693
9862
12804
49492
61364
89430
20227
86714
19736
27452
83464
17387
71161
90449
18842
87107
79432
66608
91889
66052
60539
53136
71965
22700
47145
29883
10478
88144
90289
11361
4726
28780
58946
39336
34904
22811
23542
82054
67146
25394
30794
61941
23339
13491
44868
87132
25978
21173
41300
42645
95220
43285
62187
33640
49319
32556
37896
90104
2347
31481
78951
32082
96424
8374
22725
54684
58440
31824
55544
96030
63565
97377
99461
66495
35257
98597
29797
58474
77832
60013
3904
89304
46844
47643
16140
61440
66593
25305
90016
2348
84915
33438
79707
35665
46442
98712
65517
14964
90765
90183
28691
94154
65629
45270
79080
97843
43823
95692
98383
50721
2758
79422
12271
42333
27577
89647
85238
48780
92234
61284
88091
33134
41808
53195
11115
30126
17670
63796
20052
36545
33080
14833
67709
87648
31321
9749
23675
1574
68563
18297
17617
70901
26922
39294
99589
5493
21166
37373
8088
56795
13474
16736
22729
29480
2092
95556
52346
12433
34154
48953
80173
80026
75639
61837
17641
87925
11712
24623
11012
17827
65971
83663
80217
73937
43667
17190
6212
2513
53606
5622
8960
80296
55708
63257
23071
16344
92103
38229
85555
35764
57403
11242
67419
19609
38124
37591
95261
65084
21653
11664
93780
96542
26360
90260
90823
29810
36518
48792
85813
84901
89344
49832
58826
28532
39993
99876
24318
12381
38766
1296
95822
73483
39067
75248
60424
54729
16244
60607
35813
6076
21928
41127
80860
41941
11841
12417
53935
65447
72434
93260
79825
43310
52416
653
46419
7570
52415
38887
79615
38247
13272
82880
26318
20356
15842
20297
57475
51111
29836
36093
13566
75910
12979
79736
62973
48216
68972
16885
16690
27576
45940
58870
39947
45505
21471
52511
21066
38413
28829
52853
2314
77357
80992
97565
92803
39048
14809
60503
26099
91544
54941
2824
35611
36340
79694
3914
30330
72679
37680
98202
38598
35530
22196
52039
92306
54402
42932
80812
98885
63330
99230
19061
22282
76982
33779
36209
94918
15414
86933
23924
33406
8468
90785
25146
72634
43116
23259
3606
65810
17556
22181
48387
733
30626
14255
66784
55160
28952
5258
38401
96115
33997
61618
62769
92313
35880
80541
58628
2560
43485
8996
14916
85745
13756
64795
30129
44744
97049
79404
49190
31142
39325
15001
81329
41149
50843
18328
91656
62727
66995
81048
65966
10155
48532
27808
99409
46850
28015
32833
36753
62575
64630
1045
22325
8560
7264
62641
86977
65830
84126
22039
58111
49547
56068
7258
56789
18996
80288
21620
41469
17552
88884
95900
35565
62437
43030
4761
37213
85947
65386
83278
16729
64216
42650
86614
66511
38279
92676
72769
33884
88202
31351
25826
78601
44956
22937
16418
54086
41273
71018
80413
66562
6394
91363
19201
73690
68730
65480
59887
65530
2502
25427
1029
443
847
5309
93894
6897
69453
40746
18510
26319
7519
87736
53267
86200
63057
17299
90609
39500
26612
50675
95939
14928
84973
16716
10334
72852
23449
12923
97781
72799
32788
7239
31381
62774
30321
25382
77753
39646
29042
9520
84632
526
52508
54093
59042
18658
38096
33000
10632
51430
74870
20387
38917
51827
29487
86101
15470
84131
94975
21042
83447
56529
42965
45710
93531
280
56354
90492
55879
37675
39545
50963
10457
17091
66042
95413
62419
30879
57673
91675
34756
90448
2291
46350
97928
12400
68321
79553
33286
44219
9912
93622
44670
8000
26072
28102
57561
6798
60561
58761
62304
47603
77121
72957
11885
23907
9930
21826
85785
34074
23682
84590
26457
3300
86285
92999
54238
96614
47781
81131
31959
76800
57205
11659
27762
45923
6292
2457
91018
37939
37851
55620
70318
98912
29370
87152
13327
29333
34465
74021
2470
46494
93768
99212
20537
25321
67164
41370
21714
33073
73864
60946
59016
79430
26802
85504
90398
65461
45195
65962
17614
7472
30808
47845
96222
68061
14272
27545
73929
99133
79672
24905
62149
73760
78661
85465
83031
57993
91122
2440
78758
64922
80743
57944
64075
76905
96604
90887
72110
43866
96754
47865
84137
68503
56406
94997
15685
45922
2989
52475
11049
39619
67441
22581
53401
48958
98797
85255
769
41337
2472
32404
74339
42754
87203
52692
26729
72863
83770
19317
71457
23384
55435
30062
2378
31806
40767
93646
17354
83663
69779
37109
55004
38646
91391
39139
97480
58161
4543
15116
78107
11348
90118
30772
41394
64349
73526
41383
81299
3713
68268
42822
62151
83671
81018
87664
84184
37378
20202
21595
8191
5151
67901
17105
71557
65362
77400
35692
51363
48064
55212
68567
68320
68653
41209
60108
33266
24662
88668
38028
58279
99384
12346
13641
15395
26957
74957
71332
57628
3726
54954
60101
37959
82948
6925
72956
43447
73013
59215
76031
86949
37834
90020
33235
48500
99700
74501
93497
42461
20909
54398
59522
48710
82173
63315
8806
92804
54259
1710
44600
90405
6067
78064
47636
93109
95110
30608
85371
61728
68253
16661
60253
65446
12636
51079
20445
9364
79111
65140
15694
52455
81459
28871
36718
49328
95432
11391
55785
19632
98118
80152
89187
71302
14615
85626
80881
59769
42383
40125
53390
69091
89130
31769
74208
4248
94145
94075
36074
31094
42870
99442
13693
89118
86015
92144
8945
77195
41346
98307
97677
83719
74823
65738
63609
88100
27473
88950
50831
27010
70197
60675
66980
38985
11749
46602
63324
49690
54663
32470
55183
1357
75317
24691
76762
98676
66458
68
85287
22470
76680
3686
18423
44076
42448
69671
94268
23391
68159
86107
76774
5194
43243
9063
60896
82195
32462
74707
77369
39412
28820
59255
22532
8875
43123
96319
8401
50131
88976
64933
21642
27404
3662
28361
50329
66511
42251
22904
96537
42078
52333
39933
81530
68555
55695
49988
58114
66253
63794
94567
66214
91750
22699
45875
93649
17424
81153
9547
952
46128
61269
44137
34415
3226
64465
49369
1532
14881
58733
94385
39943
9558
78170
35290
87078
88887
77725
53976
53180
93134
38205
42148
86337
94408
98719
29891
4705
57786
34711
32904
85357
32704
21951
50409
80808
8196
5517
78303
4090
6326
48456
43232
7519
69409
54623
56655
13580
87408
58797
4762
39699
27176
56367
7818
7922
19121
57800
40006
4507
34574
44664
43745
80169
25828
9027
7239
87606
27761
54482
78881
83369
99421
49886
46854
44678
94973
34628
16927
39785
42063
16310
17296
98989
29948
93205
58181
76336
14132
42486
61686
50396
65510
73796
69516
61661
4710
63062
81691
60382
47384
69049
85819
32926
79915
21393
40278
77289
9513
63140
12949
84493
40872
221
62444
18263
27368
44755
50220
32623
50845
30902
73474
85274
92795
28484
17859
25625
80370
85192
39967
31910
52936
56545
92401
73014
30491
84369
19074
8555
52927
80891
66823
50992
29536
77193
9524
65288
11352
51252
34292
59955
12842
49067
9536
16481
95574
544
40130
51430
3533
14652
96919
24320
23173
81039
31556
84327
7820
89430
87772
42999
25681
41665
79696
69954
64079
22481
55738
15601
18960
52570
14273
29117
50900
80012
19068
3869
47008
75920
77439
29947
44238
67643
5021
38274
83972
42502
27819
48497
45637
25196
57468
21921
63480
91293
34273
71177
69371
39582
52401
73093
44806
24529
32470
50963
379
67801
73420
43161
61970
27687
37318
31900
11990
57825
98760
58038
36643
41422
85981
21576
94661
7240
69964
93763
95101
92351
65637
59606
45738
47891
34497
7426
23518
4345
85140
19709
35173
54058
37894
16170
69082
84658
86526
17949
87878
25568
9931
5655
92533
76234
34534
27949
53600
30824
78431
37566
54564
38706
55861
8028
2164
13814
97422
14079
93189
29892
8381
7645
72684
79050
22865
82584
3527
69810
52494
10003
20713
52015
5885
69533
82420
59982
67073
69504
13357
6548
53825
92694
25913
47574
65145
96467
98197
29866
14006
55268
87236
72447
24759
57985
17186
2285
32970
13482
53369
51949
24422
83790
78330
68428
16852
2549
32820
86327
25607
42182
46741
27917
722
86641
76067
15687
81731
25109
13905
26398
84387
73660
55803
97225
22766
48266
27255
47899
52346
80134
27011
53590
16135
61407
82126
70035
14363
57484
30722
62596
63646
11869
4259
71824
8527
59318
71724
38118
81918
1499
20553
7861
99576
26970
67561
50761
27986
81105
45661
68586
75293
84920
33981
45472
15170
93150
11782
39314
4515
6031
1323
24246
94387
51309
62751
72518
69401
83979
88697
63448
76541
89136
65981
50847
59580
19149
54013
89164
93845
31364
42048
33258
11822
62135
87302
78726
77887
58786
56653
15377
47535
32410
33603
75886
175
96306
13473
48267
64218
95043
81360
44007
92407
82213
92045
86157
18939
83134
85891
96021
39136
22617
45468
73150
63983
68065
12424
32252
64006
84025
94630
10615
27325
73320
15912
44131
55533
90094
50671
63274
5676
5746
24945
98802
50004
98041
40851
29609
70089
1145
59786
94753
72894
60632
76240
24918
86941
60452
11903
32110
83882
81221
84260
80193
412
70745
16681
19086
66300
47914
30623
28844
32462
22617
90344
33390
97671
46666
23146
65941
27214
82814
62162
62861
24238
99877
37720
66692
97080
90994
57189
95081
78190
18561
79391
24455
21485
44752
98389
79259
81360
21764
63308
22175
70521
30942
62290
50276
70288
42850
