19185
71230
73158
29113
48165
23486
97475
53584
73109
68592
63694
81331
78806
53751
22063
78560
36989
19481
64852
49117
99883
42662
2338
18135
84496
20182
60024
7292
43914
90701
12261
12480
67245
68017
50158
48776
63132
80115
11039
30521
35525
70454
68059
46947
64449
30211
65218
64311
24871
37017
39526
65655
70986
93566
46283
76523
68891
55023
44616
27983
63462
90182
9669
82408
56330
51213
14085
10788
3592
73286
15428
56873
8442
34331
13591
29429
74603
55391
53685
54285
54963
95712
82421
6897
51174
46606
41494
73679
21734
73635
79885
8108
35499
83055
67058
45342
60785
85651
90616
13236
16125
54430
60719
51584
21589
82653
57212
36655
79974
16854
1920
13500
1338
90330
73019
67750
7761
2772
31233
9724
9719
40406
89053
29956
93401
7319
21373
25386
67272
68248
68644
88951
64775
40449
38160
533
34992
30836
85307
68521
89394
4838
93704
4879
71715
66384
6769
45169
10036
99308
37581
58012
54417
80891
3516
75718
65376
30762
58182
14269
61279
31825
69382
11726
48210
12968
48725
60889
52170
72486
32757
76924
17464
62711
20330
4880
46701
84173
58241
27017
549
76204
15350
67964
30667
10631
34533
83883
36932
62441
35156
4230
72653
71038
7241
57568
35455
81978
56669
58746
17659
45880
92998
37550
66550
60656
40547
91706
60561
98635
29017
81202
72520
31165
13719
85075
16474
1418
81058
37578
78434
64842
23956
89728
37329
28527
4271
46426
55470
62761
69425
64723
27504
99494
9357
54669
83205
77800
1413
70010
70084
42827
23322
38297
33424
53953
31709
41487
57319
22166
41093
34037
919
19091
80312
52817
21924
3270
220
38023
56385
94121
36236
97799
29210
64293
53698
73026
21808
59050
1869
38674
4
11048
67494
35606
41519
85658
56304
83376
96817
62783
89106
33303
21668
35387
63804
8413
19182
56540
32744
79935
77579
63390
13624
75962
6591
25523
9087
69130
255
58683
19679
98269
20296
2418
34032
89870
51596
44705
11297
36265
46965
16844
41205
93601
5014
2932
76131
93822
489
45285
53843
65267
26305
21934
61095
36614
97423
91531
29015
15996
76571
87173
83120
38134
43104
90837
13006
19249
1355
73933
56816
74476
45243
96478
32970
60735
22184
20022
70947
3659
49392
15265
68641
54970
4839
54412
71963
98362
41323
97418
92447
60065
15690
95300
59694
59791
33723
3071
50497
14177
89925
56881
92466
26556
88468
79366
20023
29827
88963
359
14429
77400
20583
25355
66604
61306
18532
28150
33294
88691
18873
14644
77925
3936
81486
96751
58786
49942
36783
73178
27011
19112
69525
56770
13733
92510
22798
42084
66501
25472
34388
42136
9398
40963
82988
15046
39481
90334
28696
98388
41259
5573
69776
61805
95304
75281
78956
88529
45070
91717
20580
70081
93043
15785
73348
95317
7875
63813
11621
74094
38507
76447
61649
7822
54303
76736
5245
36961
20948
66439
57269
68452
21246
38395
31918
21438
49335
7719
61465
38452
13553
34268
97014
74783
4892
64307
49092
93612
67615
87671
7170
75668
78712
54601
59880
64811
43924
61954
7502
18567
70035
41994
67581
78630
34448
52127
48834
54648
83867
51910
45981
156
2348
73169
60540
4239
79432
86865
2929
89995
27644
11632
69346
33276
59269
81601
89740
66645
78514
67106
77514
87380
216
42898
68417
71559
66687
18384
40335
52765
15473
94444
9745
15705
41690
7014
73320
5543
94061
55641
85378
57058
59025
17506
90923
58403
72648
34304
19361
52847
62387
82189
76134
16760
74396
58600
99939
59450
4752
88981
37552
61048
46529
50164
74522
33199
1886
53640
91586
52254
8280
84197
72583
22872
81727
20455
28355
82710
51974
10013
98910
32382
99022
87488
90378
33284
18310
92985
41308
83089
7075
13870
791
5079
18089
24330
10528
8861
42983
57724
56516
19007
42717
67106
44566
78189
9605
53261
35032
53940
30245
17229
7475
94738
90070
5169
62025
59041
59785
41238
14888
8901
12332
8496
45179
94410
83406
67503
4782
57397
9926
19493
39726
94250
53496
79902
89664
31916
42921
12188
23679
65049
57952
87368
52844
89846
6394
6052
15009
12919
62304
51486
49075
1745
42835
47615
6675
34221
21926
50156
94783
42101
48478
77635
44014
10751
77502
13225
41241
10167
15505
30109
16120
47597
17559
49839
50949
24963
55652
55333
88015
77353
52494
91862
95093
58439
70417
37980
51415
5881
73227
55443
9989
92765
17404
81577
16570
80317
43353
42093
12343
93169
64811
4841
97414
32194
35366
1478
84185
92995
96666
81711
78569
66593
62140
17430
89606
56615
82541
85574
40333
39521
61809
35359
36940
60062
20120
23354
30192
35981
33269
70631
81609
13558
42990
94846
12542
47652
94448
62898
23073
68939
53795
58419
9215
91515
76874
43395
30625
99974
91971
59954
97775
57779
1759
72821
31359
29451
67901
37352
12074
12011
71285
48204
59726
26034
101
65010
23603
67294
4888
41953
62167
19642
62501
71394
85726
3390
26144
45424
83187
76724
92729
30218
44010
73314
72856
23830
11799
70168
63486
83090
79751
57095
50824
11061
97653
5590
98693
83180
91413
11863
19792
63331
95086
50017
97787
78132
95278
30365
87095
27969
3306
22476
54164
35349
19281
41067
4194
86411
53177
76271
53211
53435
3807
21797
62201
5071
68818
51439
73740
80135
4696
42963
54010
71323
56932
29398
35132
93992
75527
94724
28552
81433
83073
35516
79784
57274
2931
15475
91779
56586
1396
12282
30003
15142
58652
66357
59523
73289
87815
92716
9314
43838
56625
6959
23272
60343
68465
82840
78417
89883
5934
10201
10884
58453
47719
71777
70361
68290
42013
4926
2140
53343
59659
17153
78739
92414
12960
38868
12670
90575
69875
61843
6176
82811
85410
84713
24808
76113
12244
19440
88809
20090
37057
1896
50652
91194
1398
71550
67423
86875
95995
91232
31276
82888
90576
55971
84178
39472
28220
30858
47383
29597
70169
87842
20008
44091
4025
28073
73042
63006
46969
94248
56046
22572
16117
82049
16285
57763
66501
87544
91016
41410
71445
25795
94579
78642
30567
23287
92235
29439
534
85336
47893
81385
72057
59211
49920
49215
81887
6560
87169
73325
98507
4417
39905
1747
35186
8703
66771
8526
39685
26414
72970
40675
39842
5973
58151
44374
93262
41366
13524
80737
35838
43603
62471
61633
46354
74660
50515
56905
32129
67069
75876
59940
374
17691
42902
67028
85889
92832
43456
21863
56516
83708
89753
74119
12365
7218
41543
66083
1060
5546
55952
40521
93035
6432
37486
54903
41945
78272
55393
60525
58188
9865
76397
72615
50538
13029
40301
22151
63070
91123
58484
429
97910
91661
24221
52129
53849
88351
49268
39136
33117
84431
55845
26582
11116
35354
66905
93942
80204
87998
25082
7617
37439
82930
63675
46651
7311
17137
23580
99335
66917
19392
3013
9936
47061
55523
42611
1374
82211
85357
1054
53593
29004
16256
27407
73756
54019
49814
61498
15184
46124
46358
41946
75072
66040
50867
62990
14979
27985
77569
44818
36712
64771
49932
72219
13725
81418
45909
79520
55593
92743
65530
11731
94846
86944
71489
78612
21182
55523
89918
92631
57496
55638
8396
53211
20558
77445
27941
43896
96194
92532
27631
73388
4641
40539
64342
88822
79072
44037
13682
92338
8110
70293
5905
22440
80593
34626
47100
88127
94550
72254
41807
59456
38067
84937
87321
81073
56374
96721
51660
36280
53477
2012
83326
63061
65111
92142
7090
54307
22602
82667
99540
77144
41841
97579
84521
87202
49733
85956
72617
85932
30345
39813
49345
23939
50725
68175
35320
19703
53218
83268
32447
82351
92377
77401
38861
6097
86967
42843
57328
88451
27536
92792
65525
11883
72713
64662
17614
40487
416
118
31339
70418
24103
65728
5934
13663
52667
59386
12335
96935
56821
87386
1089
39333
50219
17189
84767
64439
58718
78423
235
6889
28627
84165
58395
37552
74288
37461
51226
86062
50560
94833
19287
53099
51928
62029
58247
26649
71467
25197
53430
27581
30508
60393
31630
40149
91703
26191
61664
55524
79895
53175
81769
21992
99883
24450
41791
39938
7332
68382
39375
15206
8160
26273
46374
61987
68099
47989
87404
88190
58942
58117
92972
33520
24993
72653
76381
68234
52534
18246
45848
48096
75797
95701
6167
97385
13063
97294
53216
27478
20238
18309
19316
3084
85822
38223
19421
4234
14018
69642
72049
43714
38786
73474
96582
21777
60203
48248
96998
27229
48068
73557
87403
89086
22533
91278
39409
12458
20106
48989
48923
70805
94772
59926
67951
40632
38801
89887
47698
86769
53232
72147
54215
82892
46196
2134
9309
2322
99119
84389
37182
64815
295
25987
79410
46681
30906
30230
80551
94543
98814
6962
84128
65028
20718
1244
48942
78860
5522
55949
82976
70315
550
10228
73996
75921
19341
4510
42889
20399
81969
37086
13339
35716
11807
84108
70509
68784
80516
21270
9726
8570
9335
53154
87955
46270
88018
89187
62173
44952
53191
30449
96799
43170
1413
66866
64264
90066
51991
3488
27340
26395
87341
60152
12574
61728
93623
48411
53221
36610
30734
80157
98344
84252
46222
74406
60980
47395
22273
27726
87902
30154
42337
97936
67207
51520
40286
70169
34303
44940
19843
80443
16793
77027
93930
83331
21228
49182
40580
26226
52646
39607
35965
25563
14218
73034
32104
12547
96947
27006
5885
16869
67792
24264
15585
97185
84057
89405
92945
61054
21441
23454
14107
8280
16766
50291
63364
21317
90321
62891
53177
11797
6815
96047
75079
48295
94188
16774
83718
94172
19415
27738
73221
7297
39054
2974
12650
92528
61441
96744
99273
31823
56237
79526
4784
29192
25499
27684
8796
63926
9669
10787
22226
34056
73829
94088
10054
71745
49185
67290
2997
67283
5687
98772
41638
93703
50232
6810
69225
13791
37641
70835
59875
93577
63617
21354
55559
27288
91262
45886
22795
66504
7977
19791
84502
8628
5512
39164
33467
44966
92920
40904
43342
94151
93747
31990
26136
57464
37887
11081
78959
18689
58458
95005
26285
38834
50911
28649
70439
52475
38528
82765
80483
3298
44494
36492
59305
85896
14269
33009
88190
11067
73342
24259
20871
96736
27493
65724
99829
31626
95217
98095
89400
80180
66927
4106
8045
12972
93505
45668
57716
76863
68725
80992
6438
10155
60421
40044
49656
57254
72685
40240
43194
4877
22890
67891
45346
34199
74133
29549
11341
85187
28819
38812
57257
40433
93364
302
36371
40388
28446
46332
92390
68601
75293
11327
42342
92349
17821
10716
36315
87448
16067
42575
58941
54977
54900
84522
57289
99035
58759
73846
38838
63956
34327
72529
48044
29913
23735
66004
16790
60118
3672
9267
28807
26352
47849
74593
29584
11563
25549
52997
16377
63417
93233
23892
69119
86244
79870
2279
85532
8841
43012
37336
81629
54599
7494
28434
34273
2763
63282
12428
68614
51816
93925
76196
83776
6800
13767
32589
7128
80307
54938
45726
73485
5761
57468
75421
70722
10435
3410
61800
50042
21456
80472
7949
17105
66336
27637
74207
18858
19414
40319
26821
48280
13121
84383
64561
69491
17036
40116
62318
72476
47281
95151
5225
53903
97286
63850
75867
97131
32072
57711
23838
99353
1482
62385
47157
71343
85976
59091
17439
79162
39559
13730
87713
39987
28116
97445
60364
21378
92907
5929
53686
70319
41091
89323
2761
26305
75247
54045
19819
2485
51769
77076
86785
61703
16481
27468
46797
50735
37225
93217
83515
57945
22676
83156
32917
33550
7437
65237
25786
99841
3486
54489
4223
26143
4025
53519
58262
12159
59624
20852
96096
31930
39271
14954
27392
62482
26945
26010
23506
648
50647
9628
84153
99689
22413
95740
47643
57935
56405
69210
18867
10009
28259
19977
98998
97280
72853
60641
57677
62962
69205
34638
91111
16373
97121
51585
18673
7721
55763
70435
6605
81427
41731
25138
49193
93858
70336
4533
3730
8284
5875
326
55754
90413
1984
86087
3671
19293
15955
30112
89629
66303
68332
60543
31442
16009
18516
67779
2568
70827
77067
39921
2172
85970
62605
37440
68277
3120
70784
5140
26944
68319
56911
49392
57086
68879
78883
698
14388
11033
47914
99379
91765
25650
80806
40301
13094
81187
93695
33183
75342
2556
1965
32902
31217
65954
98154
69783
27807
64544
17809
550
48509
10815
3168
21309
9392
18940
3457
62563
37125
17818
53391
91534
22913
77687
48155
76521
5164
22304
24346
87090
9425
37600
29798
24387
66354
24009
18175
91131
70724
9100
72890
49844
93224
47364
50870
80950
22482
59496
30909
94153
77729
31132
96058
57523
49165
10430
9988
53529
17798
21633
64619
5503
40197
30719
91124
10908
81017
78780
54955
85382
765
12325
91838
28025
44928
3546
98310
75549
26817
67205
54039
45667
91394
30192
9360
78292
41542
72274
75222
55924
14020
64645
73333
49091
44480
67386
9646
62504
56239
39961
99932
43701
4541
45526
93388
65404
39293
68032
12595
45618
12119
34439
26712
50593
67593
18951
14108
10005
21359
12831
69366
8742
3557
99030
71362
36120
38992
42747
83545
77541
93900
35805
19309
86856
67272
10337
41126
45868
36803
43956
38999
73509
59678
29604
43804
79580
37933
22739
81497
25528
53277
99641
41145
43407
70594
91190
40144
5510
74163
57268
26411
96545
84487
35053
51718
76313
15130
39855
83320
57256
77825
68240
73201
77402
73832
95856
49063
73952
55225
91781
98186
16252
61250
58016
24264
94258
94659
75901
16262
76082
70193
35616
71704
79534
17544
42453
89022
24625
77886
67491
64450
98077
39419
24240
47703
85037
26439
63742
69575
74737
42126
66191
50284
82382
59081
10158
35295
26471
10789
57459
81653
39228
23593
7238
87063
42208
96535
93666
59858
31378
6834
24438
96066
87734
27330
109
76833
37009
10312
39227
67818
30916
6325
41524
33956
4002
85331
89322
20453
7386
7158
62550
13836
20427
85837
25221
74484
32181
37177
5495
88501
32773
3884
38197
67903
17687
70124
62549
55051
58972
33325
98285
16158
71561
89640
50736
32903
82068
73281
83060
56876
7212
73213
52472
24219
44283
10602
75639
1897
2109
25624
44652
99831
4817
50725
35045
27032
68128
73621
16268
33877
22782
34271
61480
74060
8873
46392
42274
30786
35100
92318
92415
58899
54116
48618
81289
59559
51412
13977
23619
7085
94485
60652
52942
33348
88672
98453
11341
20836
54595
23704
64774
8447
57012
49183
34094
72941
11732
78411
15345
97891
68328
44852
66796
9790
33208
85752
45715
56198
69436
75485
75619
54151
50002
9183
39391
62129
81329
28132
85388
10420
35051
21438
76191
11395
27544
83968
1886
4933
14524
8347
47826
73001
98631
25727
38756
49633
93856
43151
139
2920
52738
55142
51399
79109
48085
10623
58445
47828
9791
71965
91612
83600
93022
4925
62840
46889
68660
55400
82246
49240
83866
40781
41674
61089
27658
2617
55519
24274
70426
89758
68273
38177
27993
82467
57682
79908
70038
97082
63310
16920
25522
54057
95141
42559
16734
64226
79978
93706
62887
91867
80972
38455
60904
50898
19054
11956
13467
90310
51450
45467
55104
34170
77402
20033
3691
53434
55607
10554
47243
82931
76851
71578
92089
65325
23718
29808
45640
99115
44354
63432
22639
61812
61387
78559
8785
29817
77273
77095
63413
45725
66440
79728
45631
17843
61816
91351
76655
75107
38867
63300
8618
69423
46463
79955
15015
9393
46365
95578
27179
89245
66316
14352
45956
88017
22827
93291
72783
98842
11248
73874
76161
78512
47141
1517
16491
97123
25947
74246
3509
32366
53152
70532
60248
81053
54813
53215
15349
81432
63543
99391
83452
81694
49915
74168
79408
52088
33771
57613
95015
68524
18568
77813
63859
64993
87139
30106
22282
44945
63464
17892
83446
72119
92069
94813
36093
95784
54103
64902
33204
69612
77942
91351
35298
11856
90421
94466
28597
72972
22108
64402
63351
68333
79230
34984
13798
75339
6673
95255
93914
24707
30932
70403
17968
45650
15945
11332
89625
55101
38075
83624
97984
68869
24409
25403
90582
27216
42514
52002
74571
92673
1509
49309
22836
99061
54541
15112
92889
57084
81014
60753
89111
58848
70987
8497
38679
7538
73383
89647
95910
79089
4840
73495
34897
38484
66417
94481
43924
53826
44402
86582
32824
54670
20683
1241
23197
81622
47567
18906
91109
833
18443
32540
74086
77321
94513
39136
97881
15912
86723
83043
53832
52867
56092
95481
87832
28013
14412
84352
32643
60060
71188
39062
12682
94432
27928
34441
38164
69746
85299
57056
59970
54477
98538
95077
60645
72299
99408
57576
43970
27281
96599
28012
67103
61358
32749
79957
98577
25202
13408
95184
67210
63215
86262
31048
29644
79381
19858
79653
49392
60072
971
28135
30612
29667
23072
99355
54328
61014
34836
15533
28604
56835
40381
5362
63460
43176
71959
51324
61683
47971
35863
12962
56337
90115
89845
96755
68214
67489
65432
81264
52441
19754
8184
83898
26309
68464
97399
37435
38285
33393
25629
37563
90365
97875
66579
10375
22834
80900
67588
86468
7422
68534
17970
1421
24209
88009
71797
40497
39821
26317
31141
86839
95582
53571
63091
8850
48651
56482
79052
94995
45776
34523
13038
28290
22342
98300
22596
58462
23535
79470
73921
87314
99900
78963
73841
83906
1784
6763
59689
38300
96667
56901
97614
11967
2251
38790
41981
36794
34783
57729
61724
66351
1847
72593
40692
72899
55495
89680
79078
25908
65412
13335
16961
60351
52396
43827
86938
16618
79729
79184
7065
41887
96793
40752
98328
88875
36908
1071
26038
83551
56319
85802
23678
65806
17745
7569
85466
27307
38271
942
28411
12104
27684
33780
72888
83332
39939
37262
59571
58424
51851
25362
57064
55598
50663
19836
69557
61095
74265
51816
35990
54424
63641
95527
69589
79610
89656
51155
42605
44826
58360
59630
78346
78787
50773
94961
14203
63012
67864
14995
48936
99646
41499
67613
31700
30956
28737
68079
15143
97909
38012
24371
53042
86455
64952
73987
48462
32157
64190
93277
93675
88784
94657
14745
63
92221
47015
78277
4825
55702
5632
6544
93231
59269
2880
36344
12924
96027
63826
38632
50872
21577
36011
44696
6814
33989
6588
91891
13834
76785
46498
82046
98821
74586
21320
60151
4988
26753
67550
39479
83940
50460
63253
59441
92276
31467
31139
93773
83574
28608
61062
52434
68330
25558
42405
72097
52772
49960
7931
66073
85632
55124
64442
28040
9203
23586
7722
18645
37948
42728
31355
86170
28477
24347
54692
411
58323
76570
52419
75347
2850
12814
8316
85226
15722
94064
13715
73263
32180
49223
7379
55028
18822
1476
53846
28816
86017
35213
50237
68690
23744
12494
55825
40846
97252
74891
23957
43982
70866
41993
13773
76201
97540
32583
63223
72818
46807
79216
12317
15139
9870
34459
86464
88724
35349
76327
67348
27000
70501
25875
14394
23109
26333
83729
51602
90355
56989
67470
87974
40831
70106
69733
2397
90186
35449
31177
57487
86238
38253
81027
82009
6801
22896
35098
58819
89285
26030
67100
5496
20925
7543
96956
73481
44990
27599
90664
49868
13811
80981
72868
15828
79336
91242
71485
45032
40137
32061
96277
53275
4172
18840
81109
88747
89473
43865
7592
213
91234
24910
62317
64325
89888
61974
67048
33287
73149
96251
57407
62586
44785
81308
43675
5257
65384
65198
2673
15559
51410
90065
18682
57223
29752
13824
1323
2084
26434
8209
84007
1124
20007
90450
58634
88901
18663
8543
25940
17361
24193
38198
71883
43885
74654
33691
8490
22864
75164
75851
23362
24274
41192
92033
48802
1169
6227
5093
34573
76064
60650
64964
6853
64940
12243
56282
42579
54334
22674
54774
86594
56841
39258
85311
91365
13212
18182
74796
82569
96061
5334
78459
26919
50583
84846
59733
59931
27973
41648
57464
82673
13569
73969
49875
56710
59228
31345
6942
31641
18371
91111
54156
190
20389
89256
66521
85015
55881
667
35590
82987
31431
22523
38512
70730
82191
38044
56269
80093
52510
96350
14605
12686
65209
72101
73025
82871
89383
28600
32137
81867
11239
43154
64198
4949
51178
78268
6530
61326
18325
74718
4050
27306
6058
74477
51242
91045
35457
79145
74518
21184
75075
26849
79131
22020
76505
41469
34981
48288
16231
83649
95632
27280
68530
53722
71748
88276
58325
33562
19552
3923
31514
94943
61768
77792
92300
87299
6627
90732
20859
81979
47413
10237
54081
10952
6791
84390
64023
42177
28443
9708
43287
58241
45094
34676
79085
76769
58775
52335
2729
62965
32720
1895
59593
70595
89669
80131
65080
1339
29720
89205
34841
44248
27428
34251
36235
85394
73199
57577
46931
87357
24252
16147
5118
9843
60635
73272
49848
27092
98706
15531
28524
54292
88003
57893
49259
45518
50644
83486
21283
26660
19309
62683
12457
39237
74866
99038
30813
10843
98440
93691
3570
1197
5404
15371
38713
16572
96776
49749
9959
16397
30283
37988
2632
14189
60681
80549
56245
69534
84992
90716
34750
89713
36294
20271
68048
61568
3690
65880
34977
61597
42458
39005
28651
5015
11961
27326
48888
72631
19180
32687
48741
894
73526
4885
96376
81321
60051
98267
78556
94316
42792
61278
25850
7724
58941
13856
64902
85133
47323
77144
12881
30895
14771
48362
73938
91277
9336
97617
2228
33354
31661
83613
50353
52304
41974
33855
16186
31408
23894
86727
1517
5422
87324
40660
18804
81179
13154
20927
46073
98104
62424
63754
25308
42036
19805
17846
86123
25164
30947
5099
71984
62433
96039
45201
62655
59178
10925
73546
65749
25086
97670
33494
61239
60595
75626
7458
43571
74111
29557
92758
78123
88409
51543
4124
70930
67906
58304
8317
32498
24128
47731
91022
460
18795
14742
39084
9382
42122
78004
59625
70254
39608
55178
20987
434
28930
2515
64712
66410
12346
74274
12012
95607
38189
26976
83574
10889
91915
74271
94749
873
2608
41047
41620
77354
6647
33033
42444
45853
36541
98075
1448
96106
69931
22503
38514
33231
30555
3690
42000
65390
93592
41906
20151
49854
35719
95415
62271
91818
31168
28195
17467
67851
83255
58751
67646
98560
13557
43633
93786
95897
60071
18859
29868
14271
72825
15905
25675
15686
88461
50343
80333
88225
32270
29359
7281
60701
20895
91766
41634
11232
70761
50625
14684
8346
80608
33597
12851
11179
54856
39953
19674
86922
9903
46103
5318
74732
12038
5880
77028
19814
69739
46585
3357
80824
47861
29241
35580
53895
51469
6945
77664
21790
1999
82553
25135
9446
4175
21521
33662
39228
3054
14495
60829
48507
30669
93411
78321
86167
24040
32549
48663
15015
14738
21820
41492
24176
47267
33860
60485
51366
98016
58955
59710
47911
62288
97883
84923
27350
20967
95872
70556
90516
72218
37799
16760
55244
85756
54849
50155
54450
50920
49413
29855
18919
58281
62649
7052
80179
41060
959
62178
70314
61036
82295
41212
44098
54785
12917
86218
32785
8488
50971
65199
28168
61992
58147
42796
76938
5060
86248
38419
92417
83704
6034
446
48602
29100
40790
89630
99639
90831
4743
86289
20008
33693
242
29479
89922
96587
72661
459
72839
68631
17369
45962
99949
84214
1686
56927
134
19852
30113
75119
54812
62539
69761
86609
55002
81849
92609
14998
13995
23287
86579
41954
3744
64681
45190
94475
61750
28667
52874
80350
32398
85789
65580
23786
66334
60072
496
64388
27414
83862
89495
79786
60717
29624
31477
57469
63931
13632
74476
8072
3978
57663
86463
49552
82051
75415
42217
35268
39023
7210
95176
71466
66978
49762
42720
69022
96958
45975
20275
94930
81352
28221
87584
30132
33791
6793
81236
74120
33203
87721
30543
48118
54191
44802
76372
74735
99325
16028
41734
90919
17854
65228
25364
20203
88686
18028
12807
10955
86903
62454
60510
17956
93357
79546
26719
75756
70078
56331
15760
75258
94179
68097
2064
51302
76667
47057
17275
22176
73389
67984
69697
80929
4240
29355
77075
16124
2856
67381
41445
15762
93985
70280
87216
70749
27210
12587
54761
74644
18082
616
4656
42994
268
66476
96739
49756
63164
74062
43535
41628
753
90631
37565
18918
92757
79581
13715
64001
2470
10595
72900
2697
14885
99997
81272
23898
80881
31315
24092
64080
92296
42631
4093
72773
63328
26702
80661
37764
32616
27319
52959
28794
23845
99817
15009
3354
32715
68297
77991
47629
98871
90760
72173
7486
27716
1958
28109
270
85203
72840
68874
31849
49969
79455
49332
58122
86537
64792
55590
66054
98919
75951
31384
75151
57635
44105
78852
15068
84988
77918
91183
12584
53323
76462
65208
1536
70457
96606
45057
61369
98593
80391
52560
59775
58444
21110
78824
44389
50485
56887
16816
67923
12706
11937
48709
22919
59375
97022
49850
83610
23106
13041
15281
7285
81657
56290
78525
73507
14246
47795
87664
89930
19734
94221
67460
18528
23390
71609
16706
36525
65281
34463
64582
28101
61101
23260
99877
41385
27752
42289
42160
73434
46755
61446
38263
85552
65109
45275
78118
2154
42584
5317
30142
2689
69222
26885
48188
18485
44476
30181
99529
87766
80316
13325
18329
88642
48458
87180
46183
58397
56413
37140
45754
71957
5634
14229
43174
58287
55957
81908
53418
78114
93490
14552
93941
59963
4320
61893
58878
34215
75071
81391
96908
97570
42760
54394
93118
33430
43117
49620
37094
77929
99091
19720
45740
5444
59562
58185
97054
54992
83710
89901
62527
