99655
59742
35776
85464
71955
3231
4225
16859
71966
80258
8616
85627
41173
61169
89564
18050
39714
59986
4580
59002
61210
79754
36052
18850
53592
82213
32376
91030
38594
13610
38280
87600
80317
27415
18992
71975
80824
75101
64422
12740
80001
8298
94614
3032
8253
60686
72698
62430
27930
45975
3204
62245
27697
43704
59612
19901
23690
16925
31871
89741
70854
13194
78265
58356
41978
21015
5309
13758
42176
17589
37225
64613
95564
91839
79001
52912
85140
33019
10597
92905
9515
69946
63100
92619
10406
76035
59903
36613
67802
99091
48285
63899
43229
74680
41886
66806
30032
36257
61054
87237
55377
58939
20253
10340
8749
38590
66680
35857
64703
6700
34760
90670
6327
38965
80226
908
50094
85646
47949
65943
61111
68696
45956
43084
69304
73326
21384
20884
49952
12195
22879
48883
71965
23359
37528
50575
49692
52759
83869
71815
9354
24045
71909
61102
64331
57614
57571
4263
94453
40978
16711
44386
88307
95111
26126
86681
12983
77168
41036
35423
17206
45796
85905
52508
83820
85877
18705
82967
1437
29651
51215
97335
1776
76134
56588
37065
96786
84853
78753
11689
15754
17120
26430
8974
95483
78492
60575
76853
97233
50847
37591
72524
11722
48446
54608
63557
38140
19401
77281
78454
38908
74603
2826
64802
89762
19375
42609
12173
38522
89060
89894
28129
98415
29346
19668
86
19366
76930
57024
5327
25302
41851
85734
50590
92059
78691
85612
53329
21525
93030
98925
77385
7572
298
72780
41150
14294
61627
19212
76108
35883
48401
38331
8173
60952
9461
74108
82375
28778
54522
44191
61210
62376
71953
53152
97057
88869
52235
72742
11071
33762
89279
90648
45491
90135
12508
20557
98116
56566
78517
85792
57738
57717
80916
69444
76900
3520
77561
89637
82597
4582
3237
24551
67002
48839
37714
15008
35618
47146
75723
52281
62058
88885
8141
42345
46603
57752
92839
18038
48443
88904
75992
25809
50260
68730
86452
3492
81460
2508
76251
93536
11308
62598
90144
6488
30525
64728
23645
96652
52420
97500
84938
50970
80842
26236
23733
68853
49576
38571
22841
19147
10680
59523
41194
93693
28590
77427
74291
98272
62386
34221
33547
33109
70894
82186
40972
99460
98740
1652
11819
81874
34107
96187
65617
50943
3966
25021
44967
24023
44996
17599
53915
42889
79667
57103
82855
51785
21403
96451
77898
53098
90436
25373
34265
18198
63952
51828
80075
98655
85263
24273
70112
47924
26751
40966
85040
14493
93905
90250
89727
3568
32460
50267
53275
44787
80305
90658
53442
13790
99330
89187
78056
2289
23754
58721
91438
8733
61922
47418
86990
52137
44945
46311
38760
20723
47486
5991
16138
38700
72063
68362
57879
31153
6724
74329
20638
40169
72098
89477
37892
73294
98385
66285
99324
96076
46216
67823
24170
68030
49528
76306
52571
46486
3259
37589
58623
86148
11507
32551
97301
74314
74520
14742
41727
30968
31307
46903
95564
49424
38082
51268
36635
72444
9525
13696
53751
78660
46986
42683
74506
79662
81821
48107
89171
95756
15790
11392
27893
69134
15706
34489
28662
39546
92176
63578
98773
83643
24557
68356
64769
99313
72259
74745
29947
98259
39671
80127
36961
89563
83837
79962
39161
68824
58044
17638
92493
26412
25570
45971
15177
19914
19009
26429
33718
3593
22606
97088
80267
45947
14922
70108
54103
78630
77914
75193
7403
7075
18160
90911
56084
35663
74431
38330
85297
35743
95328
59838
81502
74538
71085
72361
58072
78586
53179
44854
80304
45829
41027
26354
75653
42582
99859
91013
74640
13729
25859
60531
90909
82851
10234
85417
8252
34658
89886
79513
45482
80679
41132
97974
8264
62768
15586
5729
74862
42561
12035
75517
25450
33059
94889
61574
66048
91805
15258
13501
35803
83417
63690
71567
9884
34796
68928
98650
64303
85667
64109
23413
88699
73665
99371
99625
4696
43052
18089
12884
26996
94130
16151
32078
1693
50342
35080
57849
87962
48660
19369
16446
19400
76384
43709
62065
16988
69564
88090
73468
93840
16936
41425
89194
78452
88621
86817
51784
33688
95264
56878
22995
73716
2373
86505
41673
67266
31611
69874
59542
99715
11078
10688
15643
66297
47662
4013
12315
29956
37306
82636
35131
54962
44621
19044
10060
52705
26957
53626
13071
63524
83296
24161
92698
91781
96373
42730
17026
89879
2036
94799
85377
99690
28547
73753
82761
6247
25781
22896
30789
84608
74502
21828
96382
12627
21746
68033
29094
83329
76445
88967
40308
77984
56803
96017
16419
86917
17989
23861
69923
4931
86987
22435
27919
42507
97259
35441
26414
70867
36282
3812
26924
4060
22836
28462
89022
61467
27779
80070
70035
28339
13635
33696
13434
13069
54490
7392
42886
32529
57333
95844
88258
1919
52973
25858
97621
52066
93909
53874
15368
86305
41619
58227
47046
72632
62043
36248
55148
28340
6995
54952
59138
37918
53826
41583
91296
53290
9001
14850
88016
89866
92554
93884
13534
40438
15554
25004
51087
96978
30841
36955
67557
73904
64701
83729
86720
55408
86650
40801
51025
18241
52244
14546
25534
2381
36706
50339
48092
11389
34561
44331
43065
79058
65858
25502
93750
47735
44692
6608
57078
37038
85161
58169
97498
70040
87394
85233
73216
70097
54863
35887
66640
68200
63824
69775
37622
78007
68350
11153
3731
65214
76911
39698
62416
86510
93890
88498
8046
39199
89978
38985
10715
80041
83722
13986
33080
94074
17047
55494
14986
51472
77122
77995
56525
98674
77691
74864
15234
96082
87879
15743
79384
33539
2877
91863
60127
45463
95752
10988
76149
98895
77187
34017
80118
15877
25171
86598
84477
49838
36695
43547
60960
12856
96166
52258
88092
98916
83172
63742
8818
19025
73264
11963
51319
74235
59600
77176
77163
91858
53859
87617
98322
6058
79344
16090
74284
43105
97877
40647
73502
91092
90387
65395
59387
44332
54782
66528
37373
50618
3771
61210
62290
32010
2169
57123
25631
65224
82697
5882
56277
47995
9435
92618
95978
49077
45225
54901
33511
80075
77974
44987
1039
42524
90239
17726
28638
7868
52575
6987
19452
93072
39803
26545
88087
92648
25326
66311
3889
22220
90459
9060
60408
91994
84370
25507
81657
97768
69417
10309
99107
99881
33017
57297
72644
58784
60171
19766
41771
84443
28485
17762
12648
75709
86429
63205
8192
82889
4531
3329
23751
78913
51012
11290
89615
68913
84578
9044
58154
64731
36069
30869
38451
42266
7879
19571
60054
82505
53900
29302
32477
5560
24540
19445
93735
72697
96412
84698
5564
21165
17315
98767
93237
66088
86558
20194
48868
21726
67681
3731
74205
51126
61612
77039
48374
97616
79311
70382
67830
66858
3150
25686
28989
75229
70851
18191
54372
31566
17554
16918
72501
99880
3480
36988
47415
37301
37631
72363
55708
87685
70702
38327
14823
50169
55096
81350
43947
47501
71071
96119
93385
26029
16868
38705
18015
91628
69778
18008
95236
68366
65821
17302
4172
50763
31229
74325
47645
24623
29623
11072
59984
6948
14674
80144
96155
64822
10863
78819
20132
89500
74243
6871
60495
21435
23533
46471
83012
64774
18973
55787
67523
19623
77127
87341
21864
53400
34155
64060
18940
80771
33705
19324
17877
59999
36134
86437
11355
36723
42550
53192
80765
90958
97876
5735
