22856
45401
29316
83543
63042
86165
28833
65873
32170
64462
39982
24049
51994
30492
68203
69900
85183
31275
44292
88223
41885
44525
52488
79639
49895
42692
63738
85771
80197
98289
79117
13695
24367
96953
89482
58010
70399
66730
97694
61624
85695
39818
80796
68107
57132
32437
21884
20788
14961
73310
95566
22644
20890
64214
99396
78330
92912
49677
33647
20350
22426
43062
85676
33881
85345
26286
99681
55041
41009
10193
99501
18452
33580
82667
2528
2067
63729
84381
22507
17458
20808
42950
70810
6886
2722
56472
92805
60153
97556
11151
65097
20722
33083
77344
39198
42633
54141
46914
82761
30846
32755
66843
79778
4768
73809
77114
89064
38223
61686
97328
14601
8531
27169
16189
99542
79476
72252
78789
31158
28872
33480
39528
57484
29857
45095
78779
85369
56235
43469
59894
47925
16814
1619
91660
84703
53965
63171
66041
33077
25608
67407
54582
98466
228
96550
56565
93552
16893
77802
59722
70381
75352
15756
53889
97365
93226
9358
49921
59672
95030
91744
32828
94754
1791
49402
97786
6911
35509
31486
45576
16304
6210
45712
5549
61465
78898
41061
57256
33306
88529
85226
68475
78433
83747
89513
72573
1057
47730
94294
91476
44606
13250
6368
38047
33864
34579
59827
96675
50825
98764
49654
58043
85407
32225
43417
64170
29640
10207
92423
18467
52164
52102
16614
71143
9803
23268
54394
11007
12277
76829
96728
59181
41214
40009
970
3054
99841
7664
71684
26885
19070
44386
6430
34542
38875
27183
83068
46207
40329
25342
42933
90850
55306
75827
39311
92503
96635
35225
28244
10595
80184
48820
84397
73995
2035
90472
16829
45397
31254
40363
64328
21975
38522
65537
99396
7778
45672
82072
32267
82620
40200
8187
70677
86935
33896
5878
3874
65386
698
8467
6418
64615
79420
61088
46701
70249
59988
32434
32506
48403
10354
37670
14953
99966
61013
20957
52327
89768
76430
31532
46831
14563
2958
45623
70395
71997
78142
97462
40099
96157
86597
51442
44699
22787
33944
99713
42555
77433
18836
29146
47790
13237
49565
83864
72266
2530
93234
70711
25921
12938
53550
14106
88955
69165
61635
91855
61657
33796
90693
74704
92106
62525
92335
36349
61805
58911
92970
92165
66021
61300
78402
74893
70932
47283
83742
33594
64997
19094
73357
67864
78763
7431
71541
27160
42606
72491
62486
75534
61152
42089
38055
8758
86740
44132
37039
85264
20901
13216
22058
13354
9559
1068
4690
64620
34536
78656
43174
41671
85423
28040
26857
42563
60438
22828
95940
84675
90984
65174
93742
89313
96425
17436
31012
23931
23245
69644
88153
26799
10244
98477
12692
51781
97035
60003
58305
77694
2740
6920
92624
63949
29317
20814
90111
33111
15232
95492
48319
63911
48191
52364
94280
55727
19473
32744
16929
92123
70056
80758
41375
64892
90503
16374
31427
86945
15348
75075
45527
435
64523
18246
81934
84063
72549
29792
59996
75610
27324
97901
8699
27752
21324
24241
78608
57879
4197
56965
32308
64290
43074
66181
7638
21981
65545
27732
73446
12943
89386
3166
17763
40156
49964
47884
99388
29944
70429
10216
83177
89680
72748
41318
64798
72155
72059
13622
43567
66261
37765
73548
82747
58383
42767
81237
57360
98342
10608
59952
18517
44817
56345
47053
86223
24158
80137
68542
77788
73440
24853
48663
87450
93980
73787
42628
91542
1756
1382
35483
49922
51923
84164
7185
75177
15838
20418
59379
97389
68727
90523
1046
19336
10476
91698
38359
33334
25695
55094
40640
92017
3517
35834
70127
41407
89101
86098
88766
84595
139
89695
55604
96959
75125
10030
66594
60652
49159
71875
70385
3739
20757
71153
9061
82917
23807
29327
76973
2281
35427
9293
65847
46661
60741
43465
46405
16089
14037
65778
86076
29740
31652
74784
97250
79031
34918
4086
44210
446
25104
77707
84174
53819
84709
36900
71259
32363
26772
87210
17599
59773
9125
86484
49167
90845
23848
8943
36217
31659
63625
50505
46615
83381
85798
40644
72087
45973
73902
30029
47998
19721
85116
76526
77177
57720
25119
12027
61952
23841
72206
14041
89316
26827
48179
26302
20615
45167
25617
6404
55183
25974
67868
12551
36821
74598
31091
793
68020
44064
64812
25285
58460
96743
39211
97878
74657
32598
9307
91446
65726
11820
46991
12376
59452
49584
61189
19788
35202
59496
20029
26919
20356
67498
74845
22024
51852
72565
39705
2578
26629
24325
44006
17887
59028
46920
55580
92572
87616
50301
51645
88016
35860
34170
40678
43362
78983
55492
53098
87237
13409
11303
65591
8524
24034
37893
4929
90962
21897
17186
46025
2092
92893
6728
64817
41400
67814
29103
53347
12531
94003
68616
32171
84901
7851
32012
91059
86185
26819
31482
43040
96360
19466
52468
89168
15325
58734
35482
93853
21135
41991
64617
70675
70429
4275
49552
95123
29131
69352
99278
75548
49880
2144
40566
93233
44793
79131
80689
672
92021
46833
18743
64143
90414
74146
49664
82625
40424
17559
49491
82665
32332
35250
32212
70540
29386
97940
61742
80625
58298
36889
61927
16833
27541
55934
93160
94216
78900
59235
44374
36194
78044
34809
1831
74301
23247
474
80260
96283
54610
66927
54699
11572
19860
16612
43215
14629
69932
70026
63847
46852
17389
64
42374
55132
84906
1910
36601
34479
80985
55448
3725
81189
73185
13297
4620
97523
33418
57910
47292
28911
17680
65458
26014
91371
82190
50355
96972
10928
12719
78530
24284
8874
95388
97521
18804
77980
92435
46698
89395
21337
63872
45780
15297
99162
63202
73509
38387
6563
11992
45692
81210
12021
22733
34935
29172
51930
74049
51002
72942
34550
4938
25672
21760
2454
31164
94851
85801
75663
94493
26639
5087
86720
68514
25954
65038
71899
50161
26852
28169
8680
11968
90408
98936
67027
97320
12262
86140
60452
68349
66874
3930
41432
73756
54845
16399
38200
24020
12842
67997
68350
87708
62724
12070
85352
40604
94490
43506
96778
69896
57273
1769
47197
22833
64262
22582
14529
26736
54733
5134
18902
8710
25348
7313
27619
22709
63655
12963
13669
9555
26838
47878
37318
58855
59818
20972
49244
78338
13584
26422
2829
68755
89361
90556
11075
65104
56733
18599
9494
32262
1870
11464
69287
7708
49095
59639
62359
55410
84451
62643
76949
81527
29836
87223
43057
9394
64450
88341
63014
43289
73337
36190
13152
28310
2305
50146
19348
34792
96237
62514
65975
45056
3469
81406
7684
15374
78591
29610
9760
178
58612
93834
93887
50940
49473
21301
38918
2138
47498
1681
654
68391
55584
66204
58925
65680
98311
40976
5402
98948
40291
27567
59172
21936
96667
31893
78057
48430
79538
27683
30802
34840
78581
62836
84677
79503
42302
62211
78837
81003
11227
17209
87293
94556
61859
97584
89471
37265
22481
42004
17062
37615
24207
10811
59887
31044
34661
71950
54273
17579
43244
90488
22600
19815
70878
65813
89809
92747
81526
79421
23377
36100
62138
24398
87721
23081
40274
64616
60076
99082
42421
40792
25948
37533
10620
93186
10632
67770
2948
53632
44841
70351
7937
61258
37759
20738
94609
67478
23677
96046
7774
96724
55738
43060
18626
80962
75477
99808
23089
36806
90770
70045
11873
55191
75158
2451
64540
85066
9194
77691
55180
22039
89798
27893
34579
53026
28163
879
86639
66983
28471
72795
40938
64030
91308
45697
85054
82887
18907
29658
17709
10824
44680
66142
62862
74796
58477
52746
86100
35308
56197
9543
58284
45985
40865
85735
6925
27844
8480
65599
52799
74597
13169
56106
8334
17974
29106
47843
63883
29460
17396
81652
66159
79535
59982
44356
77358
23656
65031
59783
94548
75416
14779
51331
10785
18928
14511
94953
23164
5573
38772
57210
74406
53307
76859
43111
97655
88574
57808
44888
45689
10634
88863
56639
17911
74544
43384
78748
86002
96509
8376
83269
62813
48697
71051
77382
59818
61838
45320
89406
3462
34153
24678
58310
90688
60186
7245
12851
2675
16870
46701
88784
65847
20142
14093
83914
86553
58139
33419
36240
75544
35763
8950
26655
97196
55503
94396
25709
82256
99477
83293
35816
43253
68401
41425
11535
85955
30553
65951
57725
67298
30532
76072
69132
49808
19591
17421
42670
34604
87136
90828
1678
28418
9080
13861
67699
25203
98023
61113
35184
65790
81536
30595
3198
33577
10884
45531
97445
78716
2557
97959
56000
92187
75694
68941
45011
59690
39818
76847
77604
38081
51725
91104
95120
8648
81615
7398
34173
54540
73726
86332
87932
69439
30766
91935
85762
99937
72873
35554
38923
74060
19975
63954
32046
89177
34828
9490
52724
40138
68850
8008
85385
21176
83508
97103
14064
90432
35475
94550
51962
3486
11357
42905
4989
16224
10027
86560
61420
83759
83179
45074
86816
4263
37923
3543
18106
87771
59058
5943
73820
72124
54673
94034
85690
65718
947
66755
85931
33663
77870
95329
64461
78323
83592
35437
62702
77069
58964
15821
79149
48268
48069
68965
56958
23775
21191
81121
83252
79964
78996
26293
31374
29532
20730
79837
48812
17323
57215
39271
15277
43271
629
27757
5888
87849
80612
8492
20670
2486
40841
41036
28806
43236
26793
25551
24054
85708
37075
61914
44526
19825
83503
5966
54667
51577
63955
34929
57593
3755
86624
45379
19854
19692
544
35878
47639
20312
63076
69109
43162
12698
60451
80766
39123
37960
97486
88137
2738
95178
55783
63104
80247
95301
94744
95452
59767
94662
73089
54310
23893
45682
50899
16915
15861
95461
21182
9114
42692
90914
77912
3741
22631
67966
18751
31827
59373
2737
66843
16706
54091
75818
32190
62415
47972
23520
65132
24553
24948
5092
76111
52976
47222
8766
45215
97479
61799
43536
64904
43662
16777
88371
45445
11824
17265
52041
40473
12281
76549
62916
36078
57030
27819
56382
218
48075
13491
88483
68943
92341
30329
96629
84166
37600
14803
24936
56519
13864
22751
21272
70028
15837
37832
23181
99929
65719
30372
20366
45150
95930
83047
52850
48003
62031
69013
19080
25157
90839
8547
97139
83988
73316
74592
72563
13332
20148
4205
7845
97021
92329
95522
26608
89529
55277
92888
20240
19198
4638
56453
34499
17703
93125
43333
73012
9294
77478
48625
22134
68586
95723
99778
65679
5317
25611
37283
96712
41244
65269
9848
79780
61513
22526
23345
52821
408
56439
63320
92726
69142
48773
99882
20519
34385
74048
79436
90862
29983
1580
63269
35854
71522
82070
39259
1298
92550
29842
21290
63918
17993
96176
78995
53929
94789
76673
72985
95176
69780
90511
72603
52854
14157
55898
52992
19812
95841
79258
31293
31269
46175
46421
66728
39664
1999
73994
8257
79443
83267
22047
60270
70565
35148
99402
74733
72965
69778
45952
25729
57712
1062
84259
21082
39471
28976
10414
21696
15624
29078
19446
5457
13291
98549
90021
17742
71571
29447
39330
51929
20795
68415
93542
11908
47733
30241
2037
17706
14754
81165
80026
50034
49888
53529
73580
30206
61916
25339
27257
10687
91585
52297
92633
50364
63821
16589
46979
72016
45127
81660
3161
43518
30447
94023
4934
89296
7520
72350
73348
9230
26939
92708
6941
34458
49051
69412
55569
59762
24968
59814
55826
46232
2189
28643
60343
68498
75782
43177
48087
31143
83261
30021
72578
33094
78003
36508
19586
55864
48594
84284
22685
89565
51990
18027
83748
98877
45355
58174
1313
94408
61020
87216
47047
85312
25833
56929
41328
1804
33680
36436
13514
64343
24263
42205
25968
96917
20129
73846
56455
12543
49825
99704
11167
40684
37129
66261
94242
84162
44895
61465
23142
17607
41864
53678
70122
96044
82974
87266
7261
21074
95179
17782
22183
12158
70769
58341
65302
9784
92058
86830
78748
71508
1719
88769
44583
61316
76048
6362
48183
59572
62687
57165
56909
72214
13293
95906
22479
70584
72083
29923
13943
32862
66585
35381
17363
32042
77521
99009
69915
78787
958
84457
92103
58064
82717
51633
15888
53094
9094
8806
19995
76611
39083
47688
58386
38014
60873
49969
98864
74863
35862
94717
37701
62135
72886
45885
4923
66338
71406
12541
83794
77039
36447
69395
58613
78229
65062
98844
89497
61659
80018
69384
61489
63277
9927
37331
93779
18896
76994
79349
71169
27551
144
95051
42924
6240
46756
29968
85178
36831
46710
49549
81688
96553
25011
42956
40164
69687
89075
80157
72952
62029
60472
37204
94844
66478
33228
74424
52207
35554
52105
86026
89343
92056
41372
56243
76895
41395
26471
52372
31473
35093
13666
52665
14949
30468
87695
64935
38265
66971
97167
24092
29821
96837
6397
9140
67079
62939
207
76446
73012
72332
77760
49623
84726
60683
60206
89631
55181
68768
66061
98769
43216
36702
48683
37858
48362
7807
22255
64375
78782
68292
36158
85236
38387
28012
56205
92506
85659
32232
89163
13955
41188
50024
79360
59140
57332
64042
67938
54265
70262
98063
9754
69497
910
98398
80876
93118
48153
68538
60777
59272
40684
35831
97664
4719
36173
92524
11236
56713
4478
67700
3972
22949
79604
52105
57581
93191
57342
89543
80525
84320
39868
67990
94113
80718
58538
66661
84326
39989
47136
63086
44352
17120
71454
29891
73271
5356
52360
74640
22967
64808
52806
11224
49787
2561
94091
86804
89892
48804
40816
87684
35775
58610
88013
76456
19403
72694
41717
16945
46180
69512
8197
71247
9577
41391
23347
86851
51494
49713
78834
52224
40831
82701
66575
15716
31514
28643
18203
91551
86627
71734
76768
35522
99172
59451
27310
85742
29107
94998
10487
577
63638
35414
28460
53454
56610
81559
1647
8395
79214
7239
35310
40179
69970
88592
46853
53074
92034
72296
44942
90760
54490
50166
30318
74446
92744
72675
72074
50126
14080
37605
57743
56496
39226
78256
88586
5416
54241
13121
59105
49955
26996
9807
12337
79387
36423
36588
65552
10580
12597
74236
93707
56811
50055
19727
46086
13472
5096
54013
60710
83935
9484
51521
94314
41608
49495
78813
953
91713
6
41437
98832
78913
13190
94987
63763
44683
37828
50931
38022
56155
7123
61494
37528
39843
43898
932
6440
19499
32170
75113
319
228
52411
75170
40470
75475
15492
70729
29891
57609
35635
73838
10573
71160
75404
14794
43621
55068
55963
1402
75644
54165
15991
4554
76811
47989
13992
54471
97710
48563
72373
81454
59542
24892
41117
98604
26501
38019
54516
88288
29190
67099
21039
80412
20520
33284
50920
66367
64439
29103
57311
51372
63536
30767
99469
46154
84237
47856
98359
92481
61482
61021
73018
81328
85236
54181
14296
85681
30042
76800
88292
5601
551
67674
72212
8544
33125
35578
84034
43526
97068
47625
90031
68606
91252
21000
17918
28775
25423
94962
14366
78644
39660
62035
26806
68169
94080
39711
95175
66339
18988
65239
36324
87639
40811
51709
50820
95861
58555
90924
13028
48658
63822
54832
95412
13857
70990
4412
90075
64235
36262
85520
60257
35080
62433
9647
65941
38516
40867
4042
14464
93414
40402
17695
24538
31828
11300
2392
27795
39542
70180
22056
70219
34498
81934
65708
14822
84828
66622
12949
97179
89668
49635
30940
30076
33467
4981
1244
25206
31163
85768
12304
54994
54512
76460
19614
8255
46127
30294
63583
2557
68597
76616
50532
94055
14206
15301
25759
53145
96724
94825
81112
71893
27917
6863
24795
43779
9462
87618
91070
26846
10055
77186
96631
53774
57875
67061
15707
58038
62320
57452
68694
54534
3039
10392
28581
13051
99102
36884
15870
18166
79222
48098
28481
36338
4655
40411
27076
47648
51664
75834
98793
58508
39223
36736
92501
91411
79984
96758
36180
47144
99594
67720
90825
39272
26130
26578
68854
17524
78282
11743
44676
72577
71748
72903
47624
61956
48705
60293
49119
17463
39985
68058
6373
86485
58659
10186
15310
66302
17890
37169
33066
2344
704
68726
18572
11502
57273
89208
10208
78076
71557
9551
69365
39920
31158
26215
86760
66319
89112
30545
42706
19691
47638
18716
7159
31535
61347
4340
80613
15944
11268
2551
99634
41113
78677
42331
71873
3021
54331
36121
4682
59496
50084
71042
45906
30433
98692
66452
55326
32443
23425
48990
77189
87345
94462
13375
54705
81988
61567
87036
50155
52932
8595
94264
66808
69005
9917
28252
61243
88826
54342
83738
11988
52990
25862
83210
69606
76595
72809
76726
32842
94894
49013
48169
92518
62277
25361
12288
46650
65301
87626
89885
41454
67294
85966
51750
50900
55820
4233
76901
20515
70439
5209
66500
78101
39686
37002
24198
61482
11252
43768
78110
9178
84841
54193
55260
3919
60426
1745
4531
43643
97629
81602
95941
1200
64456
42283
44693
67024
74112
32310
13786
72361
95908
56210
62403
89685
82512
70068
52832
25274
1163
50806
35397
21533
9515
80706
56613
13100
30705
47830
90473
54075
99702
33257
22886
88837
9267
65300
13644
97402
92309
57174
87370
78942
29982
5748
13269
28630
91790
65575
21406
90358
48912
79256
42480
46822
46204
74408
91684
83750
85670
31592
36318
26281
41836
59710
72659
62651
33324
73565
80418
17212
56423
55430
32965
43988
63436
56455
91551
3767
67436
27983
21309
65130
26424
115
5162
20446
90776
76063
42632
34859
73615
29894
11732
60716
20856
61088
37105
70271
33088
50618
95305
18225
85157
4193
33934
93482
46290
98492
83386
89749
82856
87916
16313
57686
10282
71187
99857
41720
54547
52213
71874
57261
30933
45558
43596
26529
43697
72249
23132
2347
19349
21279
70679
16818
32678
3084
79973
22230
66181
11680
74155
92284
92676
52883
52002
85699
13580
54045
50433
49668
61231
95385
15723
80875
78743
38044
87292
39598
60597
7404
49784
74041
75360
81039
70399
61576
17237
99494
25008
7198
91214
77626
75539
42867
78057
79590
64584
78049
93556
57897
12948
89651
21815
73463
41116
23964
5556
89803
38074
94633
15792
40374
61633
58777
61895
114
16924
11637
82483
90425
68462
14086
29037
43235
58453
83604
19846
72856
2818
99153
73459
9242
46042
2700
94455
60132
52225
1896
39923
46434
56020
27433
61420
30374
91405
50840
15993
16761
80971
77943
62666
52946
95566
3130
89435
98862
60614
78580
15010
57511
4118
32699
86985
38921
21174
6550
94332
58933
64321
1763
47888
15027
71714
36048
34405
41028
52665
98663
51829
7612
67611
3084
91884
24875
36487
20513
13675
42911
13264
95592
99518
73644
86885
82411
42316
23320
40448
22499
9200
84855
56508
57059
52440
79208
30054
47638
81232
59517
68725
48406
46197
61950
26750
7397
89899
1034
40815
62110
2434
661
92874
51420
45668
68729
2244
74244
28142
89302
93732
11084
579
30166
89463
66974
51104
10551
50644
12676
94820
88848
39280
54158
74186
64857
49395
37568
46894
79487
92512
41281
82505
78338
20064
8539
91980
5087
11391
83710
76963
55810
19496
91929
65784
57640
47827
16030
72487
59776
56293
79347
50390
28138
67289
13585
61380
38716
77233
80810
19333
64676
27349
48654
96790
52450
28578
22241
10101
80924
74994
46017
99160
66933
35712
39010
69352
47351
88374
16546
17030
33365
65081
87117
23194
13164
90891
54366
11049
6479
47158
53264
27853
30580
64376
12287
28460
70841
95139
13333
29061
25586
5928
91562
84782
10276
80187
83456
92426
28278
44233
14029
50342
60687
63779
85968
99595
40232
25460
83625
61559
74212
11191
3622
33765
21729
18163
68579
2556
23425
10550
98510
52211
75040
87484
91444
27436
73518
2335
12918
32977
7434
61940
82770
62245
33129
2922
67165
66800
78407
12691
88227
45381
11513
51773
54849
14394
2305
57797
63052
92112
11608
80900
69001
17728
45722
61817
75301
73203
72335
58532
26077
37896
12541
50648
54125
12272
28421
41376
635
18807
50997
1778
24148
10733
22322
53129
40697
23266
32634
77049
25131
15720
39282
20805
21368
26534
92938
65042
16523
71312
27620
93962
94465
19875
86614
50331
32839
60865
97648
42577
85973
60928
57162
44245
41114
9829
56751
58268
95405
92592
21119
52034
40568
95286
33400
10356
98613
91736
29279
27590
19333
63378
24853
29322
91186
57035
7313
4272
24118
71991
20290
79832
25617
90057
91076
64202
58558
95037
79691
11539
69782
34670
69636
23930
50192
75585
53393
99178
86475
76257
51717
41103
31586
70058
23243
22594
36074
27839
53058
84078
2516
52478
34149
23414
72302
41287
26417
50510
4209
69197
51798
3576
12044
17740
57808
84663
93741
923
79130
15600
3641
8134
17797
47861
20274
79187
48245
55559
66813
68482
28127
30719
41979
95612
9022
17303
520
46222
51627
8905
49168
2883
94969
17277
24459
48141
29058
13845
12249
38580
28852
35151
48708
37457
80436
94382
34680
86288
3139
93115
93041
70857
83696
35727
41069
21078
61597
16432
8717
40504
84142
47519
49295
70225
66431
758
13165
520
23401
72133
50128
34400
43309
28233
39630
92976
82010
4521
15175
14640
82622
14232
43083
58512
15863
78311
19186
59241
76207
3381
86544
12626
5128
71745
54437
81333
85856
78483
71025
79678
81216
34160
62886
31006
42986
58641
27547
55463
96097
48093
39068
57075
1256
94076
57881
69909
4436
90782
54361
88120
81572
53923
24313
20020
85589
37502
29271
71564
73795
58296
7119
3526
33495
35497
33424
48462
51345
12076
15525
57221
50763
63722
63144
28113
64312
29468
11369
11051
13863
84527
76897
95073
24122
82905
98105
27292
9847
42866
45417
5484
29369
55982
81667
37800
40973
35541
23580
65759
60652
9419
18564
92359
75256
97139
37356
17850
90779
96199
55707
56120
26132
18220
57700
89267
81399
12045
79404
50589
37392
6131
38615
8479
66658
10041
27851
94780
82054
25343
87139
28771
5887
45610
50398
4444
65963
84537
19816
26982
45548
80255
36513
13647
87158
89296
79352
11149
98282
92400
56400
28927
56137
72990
28366
54521
70803
10084
25701
65215
69287
42575
35795
65435
9059
26936
50233
80521
67822
53255
23303
96862
92228
52421
5041
57137
69617
24967
21321
77361
30688
16702
96498
89654
68943
58211
72633
32897
17243
95876
33640
55879
58836
54601
57695
2972
44459
71077
4587
60222
39063
98830
43327
45026
69096
59538
36698
3716
67949
71229
84903
45836
88763
48339
34526
52585
46077
46141
96492
50847
54302
17335
63277
71945
19615
67424
38026
37627
94726
2068
12677
98539
20379
61098
38297
31858
73375
51472
20558
9405
21513
68917
64947
46014
10972
87804
67116
10496
20074
5110
56895
98318
74585
53740
5920
21727
35553
71381
25411
1672
21511
99071
8989
65880
58552
86363
25456
27664
10041
2668
79209
94604
25583
87086
29334
85384
52388
17263
60972
31810
307
27530
17553
89616
45172
14359
23954
66639
55178
16569
96305
1993
26061
18885
87893
22441
59927
99066
87462
24609
62348
39451
454
17405
25900
62291
72735
87499
24405
20536
69339
18289
10409
93600
1364
93981
81517
19373
20708
44192
62409
58816
72486
93472
6363
77216
68543
6697
99192
6892
25456
53321
29801
36363
69461
60856
27075
147
63715
82881
41624
36454
42234
34642
47229
78015
91583
32460
17521
93912
40923
40554
78358
43269
62199
3532
66965
6982
11041
48683
93747
66037
88306
17512
95079
16018
88488
74046
24139
40507
66905
81370
55657
37826
2568
25954
16581
37843
46242
28348
85632
36082
89175
5280
65969
84902
74962
86532
74164
65929
93890
20093
89105
15032
89133
75586
48148
24722
39562
31211
89527
17537
8321
77013
27006
59553
84896
40532
40700
36244
86950
29121
60740
82693
63050
57665
76862
83026
51543
10177
41055
1955
99881
58209
46617
46812
92264
40625
48692
26982
77806
91859
98281
15030
38821
68095
27761
12161
78273
6415
6
34429
45832
37919
78979
64768
59352
6412
51981
31468
98723
65122
73179
29385
90155
87571
17655
50111
30396
80193
67289
44270
91840
13717
58438
95090
30840
45709
43872
94955
29903
64700
4752
45127
10171
6625
56123
61962
79230
81848
87459
85851
88644
17223
28259
12684
18680
68895
24874
51250
50439
77650
81765
98079
39125
55735
42589
32114
79481
83888
33928
13643
62540
57025
1564
34022
60369
28051
19214
83529
31447
55693
70880
48547
92734
81437
55626
74616
85458
45754
76410
61944
20834
92622
44516
52253
82935
6672
6002
54435
64036
24009
82481
95342
47920
73816
23311
31618
15658
94236
52314
90629
49681
41345
19802
94746
6769
33217
5345
57687
109
67972
46656
33727
7478
71983
92808
69917
12509
49311
51087
53697
22048
64778
19493
7438
73212
75538
627
18917
58126
24008
58958
91221
93439
85780
12262
79489
72819
49770
45483
49717
1327
48314
54326
96064
77352
48753
87863
75937
81007
53393
19108
66347
43148
98616
68580
84903
21852
12364
21533
31231
32590
86427
99561
76100
9014
55434
40287
21697
59720
13319
97098
62739
3827
1369
52370
73734
10452
23428
30085
24458
87674
24690
37910
4732
4899
92610
48073
94823
17200
27359
57637
60454
28236
14252
17127
14899
48753
78225
87049
21917
8466
66166
16216
67688
56295
56369
62520
41778
46246
94846
74450
98423
82279
97075
43556
7900
48517
94828
71201
16403
7361
45463
4497
32360
55682
36643
34502
89574
84242
37470
24980
32227
36379
8167
15991
21508
8473
70221
48437
48530
30090
6294
48577
22354
52909
59213
78175
31160
70695
9227
66382
53924
7024
70646
14555
63002
61669
83855
12006
19651
21866
72945
57536
8775
69865
42223
62044
74111
81083
22048
99426
78295
46391
22670
86312
1067
96886
82143
79451
96468
58467
3341
18879
75015
71088
71056
25203
65732
93612
52989
59839
24617
58214
28785
26664
57145
48757
39801
52488
10685
97169
4064
50077
48647
9801
88086
7532
84353
84333
13488
66115
79526
4404
15538
61183
18524
54066
82521
37686
98808
17020
96311
80499
28094
62209
74808
20080
17606
96006
29167
52309
57084
29654
68765
99298
54403
53264
70231
65214
83002
63523
40849
81399
80123
86873
80313
20213
42676
67601
8139
3079
66236
2115
53680
93665
858
23565
21982
86438
34992
68005
89926
88347
55166
61178
9031
49871
35639
16240
6780
65259
83834
17307
54684
35285
76170
14912
375
41221
81895
54595
77404
50005
87867
26087
86072
54969
75974
75099
98439
30838
31282
83792
30221
14997
73597
52502
26232
18945
77842
30441
84573
26436
60820
42879
19244
48929
47431
18394
17495
85946
23189
80761
4542
80397
90600
39920
479
29078
75105
54061
73897
60539
17800
75942
33977
41
87085
39686
61687
23667
88679
81430
63379
51454
70021
50968
89184
44987
6843
37143
7538
57579
57604
12493
7648
50520
79250
49824
24396
33676
52022
97154
43839
23780
56543
24034
8636
84878
8901
19202
61843
7744
56707
93827
97266
41759
17382
53088
10376
39632
50736
55492
22235
37962
46523
16318
2935
5306
68293
83456
20791
37261
15290
28010
71645
91525
37591
39598
94910
45987
42331
4305
36085
87640
75299
99793
871
63776
15226
65888
33138
26162
39448
84763
82939
96530
74918
5876
77257
40225
21098
3329
16584
25444
98411
24582
92453
28696
22182
5741
4168
77784
58177
64388
97301
46431
19406
34595
62663
46729
15446
39158
90080
2405
50318
94629
97813
30526
45070
75114
16607
31714
62340
54685
24888
39002
87720
10641
89228
50716
7339
72175
41594
9485
61719
55354
67984
75059
87462
36508
77124
40322
43212
30528
24778
81940
13249
14179
75126
3781
26768
61927
83625
47067
89134
72453
15443
3491
39500
58298
58710
8765
45366
11946
39389
43271
97563
80594
40685
94964
26644
22754
43064
8562
97990
76284
88501
31812
29907
42947
25752
73541
35514
85446
23948
45412
88549
94527
20350
89265
39911
64493
35558
29163
77798
68358
94955
31266
91138
81506
84376
32654
73493
80162
77137
4014
18862
75063
49076
12850
83952
83630
73583
96552
32546
85168
73250
59920
87998
93976
54722
3036
60244
51419
55053
62151
87196
13900
30763
29631
81328
57235
40674
48400
58570
93097
47
55352
8309
19934
26550
13485
45450
7500
5313
56280
90909
39005
96617
92629
95108
35035
43267
97161
26784
81340
72410
22074
25109
14985
16818
4961
44300
19445
31521
26716
42956
25183
37981
39448
85121
17897
51610
68064
67426
41236
57586
52743
46105
98772
71241
48190
17283
38133
34523
46292
13967
43512
21616
77230
20687
77973
30243
93323
3116
21588
69185
26004
75978
78597
13324
65726
1023
57169
7508
77210
83424
75203
29734
85547
23754
19667
75968
26336
43744
68627
87677
6167
84922
85229
12748
99443
3566
60751
18760
7148
87654
58287
64948
45837
72051
31581
76764
67508
85448
5515
47167
60114
30624
57312
62867
38764
13778
36069
53476
1020
2004
3907
49579
34488
33910
63017
41082
90749
65848
13880
62159
40271
38408
360
89556
25137
10255
83896
13495
92173
42902
8460
40887
38228
21460
27563
75542
27609
22361
73984
85665
67497
7275
17740
5144
83746
8707
30459
11926
9033
90498
86015
1659
71568
43355
6895
21706
30263
67755
37730
28508
29881
22573
61302
58117
93543
63019
11350
13028
6347
87475
13472
68388
91863
28215
94662
32996
20667
95216
5809
16429
79796
71970
4461
1675
56887
6801
69319
94873
14564
5856
45278
59854
84631
45476
55784
44923
45972
59622
11600
20727
97357
17430
5579
21558
77025
17627
9795
43353
48692
73898
1038
35047
61946
21300
48712
57911
18111
59627
1230
86742
93700
16477
98463
490
42196
53618
83756
46387
72430
49739
87024
61044
83616
85082
19072
62365
66390
82903
24649
39259
97005
25966
46180
40666
4817
10231
97907
63331
96764
97873
26811
86344
58391
24858
27027
80879
18966
5088
79361
23406
33870
63408
70922
98953
86874
39994
51431
76863
2227
86346
91520
35208
34978
61970
89737
67733
70297
57797
95672
31965
55710
20425
49623
74557
22927
679
2652
58757
58055
38192
43399
61302
3541
1243
5389
33597
55044
47226
53791
64823
58799
21044
61103
10417
6352
91603
51366
96421
35120
59293
10582
61168
9415
47395
67695
13445
13784
96364
76025
86195
37341
92673
18808
64034
42946
30217
31666
33734
56581
56139
12689
23070
4006
30848
73165
34666
59321
39205
68204
31324
49312
6231
23636
98761
27610
82230
51886
56146
33547
91943
19812
58679
71200
67595
27482
66126
2236
97068
67471
76135
59936
17631
39839
78980
46604
87511
57162
78566
74230
33029
54123
74579
28160
44701
36883
31109
69036
20046
36424
60716
78331
75520
187
64637
36327
54010
51870
36410
3366
7039
32429
62253
71734
92069
71387
31680
66392
44656
52157
40099
25068
73320
81915
518
37820
45233
30518
26499
30712
96373
97089
82190
60644
6754
97803
84416
17444
75202
42653
92593
35640
20752
75200
67190
599
91870
2844
36090
73313
5202
64717
24380
67888
96324
35648
5011
93604
99668
26817
91093
23491
25371
5697
6993
9949
50239
1609
64979
94265
86971
14235
91189
2002
59563
4458
4315
98119
14724
99919
45950
42389
94428
53185
25510
31655
72709
14301
64319
71106
92792
90811
17776
48385
51559
69102
10269
15054
68207
57241
50359
90260
37864
41825
86342
90966
73527
22378
8324
91865
31332
6891
78879
99748
80866
48704
29063
72185
80186
75337
37239
35938
37289
93873
1472
96159
96459
42804
50442
90460
94189
89261
29912
57483
49560
55689
4524
52602
66842
34543
58128
50331
5976
72453
39773
85901
11932
18028
67518
2855
40039
38083
34867
92870
20001
14421
52971
43991
40353
90183
94507
30722
71935
17863
97676
42071
76979
21396
50187
25176
44180
76460
5343
45643
17208
86908
29961
64835
54099
15570
84227
78431
75286
47586
50421
56105
54393
37042
37481
35139
2718
60532
12249
76659
40036
27405
78395
88113
74776
97702
8922
90535
67840
42341
58675
63578
32740
89224
75661
33093
84459
88135
89892
24782
5956
16076
55436
24348
67442
41571
87677
39937
83915
15048
22458
83647
64211
28683
5607
89802
8512
41848
90059
56396
6648
93691
10591
32944
88911
86842
23364
65168
61380
4387
50679
14582
70640
87467
70703
23959
71969
54046
20670
33205
10024
68985
6620
52791
19882
75027
99367
4056
83617
85858
24580
42611
98076
33495
18133
12264
5485
22491
35436
80600
18206
22509
78556
79527
64368
7875
13006
76743
57980
81647
17833
54465
21177
56853
46371
37663
87070
57799
13061
13884
87474
19307
81551
75522
79807
8068
16506
37145
69334
58438
18474
49478
18610
40070
14998
87515
90428
27093
88422
12007
62021
22624
46076
1970
68025
70115
21433
41222
87123
80470
25194
47685
9429
21552
93125
98899
40957
3034
99720
56300
91369
75861
7409
99541
63172
68354
35855
81107
41855
58855
47234
59977
69376
1054
51862
64850
73231
79580
7496
9692
86634
75283
50021
88863
33244
70788
40048
97057
46944
16099
46557
87394
27373
32122
20637
86159
15214
46535
38797
99670
34259
40326
99367
28267
33235
65216
78309
8374
69689
28275
25667
61377
95537
90028
69666
16085
25839
18545
66296
92384
28306
38798
34163
25756
12297
59839
32603
37254
80417
65702
49636
26695
40783
7826
75432
46308
75916
21754
55628
68027
92479
31674
27367
18669
90431
85180
91856
37345
62456
4551
60320
96668
80238
46413
71364
95460
6162
73610
15969
73395
32613
41054
27957
3986
78639
98972
20593
87711
14595
23357
40169
4085
62917
98269
99904
96632
11431
15494
35325
27117
67983
95258
74797
75865
5382
52967
46457
94369
36461
79971
40145
2305
5784
82232
35414
51424
3716
23380
40029
91459
64586
4145
22749
39098
64382
56235
33750
81968
46508
74732
84029
90668
38285
88852
5412
37354
66257
52091
98604
25671
52514
26224
51249
34623
83212
37863
98300
80684
62854
48479
92915
88050
75464
43866
62530
63838
72508
35699
11483
49146
19216
64488
47860
61729
95941
49476
64020
16931
76820
98059
85167
51625
24775
14358
38944
38362
52895
88126
55886
26518
57934
53065
19113
98028
81817
95978
15204
94419
26322
41574
64846
30557
40608
49457
6454
88025
78363
89520
38681
33735
73842
81369
3864
64795
63312
41290
63275
61106
4921
24167
10942
84382
79812
84964
91212
66150
45374
49831
79911
99963
34272
69601
90609
35245
33213
54609
11017
75317
7903
50919
59999
63374
49444
22151
52676
76565
49201
54318
34716
40527
32703
54097
89498
2154
30631
80464
50745
55643
58245
40304
42650
28531
9608
38718
99462
4241
90759
68619
31581
8702
30272
87957
53202
54001
64168
47568
34937
57661
32288
14647
16949
91056
15115
39384
67259
80174
80102
88455
4614
52749
3864
55373
17072
67599
8268
31467
53765
10725
22688
48434
85805
80582
22736
26013
10254
44746
895
35496
37985
83062
45526
93083
23354
43598
23354
51594
13416
70224
71459
19287
24139
2303
64004
78832
4838
74899
70884
85603
45732
32700
93803
24212
34972
83854
28841
36367
68319
89101
29130
22512
79279
44606
50470
21551
7223
10780
32018
73474
44245
56674
18051
83541
39266
3401
24295
83502
16577
43904
21174
35354
73861
15292
89763
5284
89259
21313
58111
39500
14757
86986
83274
24314
41093
48946
40007
79533
51833
42453
71609
94058
42880
97410
41358
89057
14649
10262
84945
31570
59559
45339
19790
24414
67926
93775
48651
63987
54842
45186
32291
85909
52668
92517
58716
57258
73399
93737
42447
90319
63393
44762
31668
74123
72295
27116
92474
76451
73934
705
90635
78997
36368
26540
79941
69418
67196
58860
56387
47317
295
76020
24690
6647
10161
85699
41389
50362
38693
84099
15658
20911
67814
94626
68177
14797
13670
45666
52119
40810
1301
72200
90053
54136
54550
53294
49541
26128
12576
89298
90062
14539
37350
95130
90024
87373
20071
25021
63962
86595
85726
42111
37757
89834
85047
69723
11183
41742
58363
65144
55747
21529
6740
15576
46015
28095
85966
70554
52096
56867
36158
15261
37786
49395
94037
1118
83561
72683
4601
80803
94725
88649
81704
65523
55083
59190
34442
218
69088
84827
42110
7799
67764
47431
33550
68532
7798
21773
49114
61929
1406
49516
72924
7095
50436
70465
4325
88362
95797
83929
86161
38499
37140
77559
70418
67098
39825
41216
60493
86825
93652
85747
1466
67268
14756
28359
47496
90355
15844
25504
93320
61788
23568
42672
79396
45209
15724
74608
15087
84618
54864
46080
4421
85159
98665
3610
70658
90204
77012
66452
28706
66581
61280
62289
68276
15658
48049
5656
92338
22076
22968
13970
72518
70292
90608
24373
14931
94468
98162
25208
51374
65216
26129
75874
31960
47572
81326
16307
68603
11145
57701
57292
13342
49392
96797
26738
507
61279
74395
63738
97160
10067
82270
93010
61650
40894
73562
34129
94550
74291
88679
76190
92042
51803
15077
63490
40452
85405
30328
20704
34332
31742
37053
81193
64375
65676
627
23126
73494
63870
23865
53651
20072
34424
28048
41306
82946
33119
14224
91065
74010
47196
21756
94311
22465
81511
65250
61538
34314
33307
86286
15102
30950
53691
29405
65417
73014
1076
28634
95973
40267
50435
60634
30679
50425
35027
56117
57617
23754
73770
80544
7332
71180
39262
46693
87136
9985
42741
58727
82864
426
39089
88811
40186
77584
8763
22701
66380
5019
62631
68292
81869
4484
18250
50798
23574
86561
91076
43885
87437
25393
7632
37783
60544
52763
78953
43922
91687
6997
42268
55431
30273
42348
45770
95547
1178
61624
20448
53095
41662
12326
89737
52597
61123
5478
98674
2848
52929
88464
23119
574
18909
98856
71290
57471
92793
1305
28267
87423
98630
64841
31013
59382
62750
7199
38018
39520
58713
22703
49620
61949
66113
37981
2223
75111
35656
55035
76659
55065
54089
76104
90992
3223
83878
41694
36522
31417
71058
88299
2754
99872
33357
33024
54464
76821
81313
30354
89846
53923
67459
59153
44134
30226
38844
61169
34461
80928
96632
96179
21815
37758
24645
73201
33334
22526
73848
27790
75504
21056
70677
6601
68461
70414
19949
49747
28592
33089
83516
25401
93797
5301
65188
22735
87606
94935
31969
60766
64379
22708
7233
55594
34784
74879
66484
64995
75226
60155
99690
31938
2972
53523
54849
68790
83246
60857
90691
73720
10276
89096
32577
1371
97411
71230
2381
16513
72569
1909
85595
38398
90556
13082
63410
52795
13823
15083
71817
93582
3930
54953
74520
68436
33399
51577
22429
40274
50451
96398
39489
26748
4243
58249
50489
75282
90131
5861
58182
63553
72498
49970
92425
73317
74560
61291
41382
89890
90112
2053
54967
68163
89040
97109
69790
55322
14575
64140
67972
45834
48801
62106
66061
76171
62420
58846
34155
32306
62592
88128
62664
7961
56901
8264
21083
53959
62527
1203
93875
72108
10194
32539
50162
48398
41431
71325
37708
7134
88458
95166
60706
25990
37888
12347
14751
10391
83909
16254
10896
15714
27135
9075
27297
1983
39389
47005
11262
80775
76025
15831
92795
13372
70265
95864
35639
16261
11944
17663
34740
91094
21138
27020
43848
67425
27421
36674
70073
44553
93512
10692
70049
46273
90306
78161
44972
1119
5242
48178
9008
94425
60063
56932
31109
72627
2371
47334
55725
42023
76707
98490
98446
66246
81513
19802
94576
115
65227
59871
74561
2714
76932
66708
87263
65332
45781
46521
23065
92103
50892
34520
11019
63766
8654
40315
31030
64205
95911
71220
65054
80087
80949
28049
67845
95022
12245
3803
64760
70504
83585
44856
35891
45370
73616
6293
17493
93354
69669
65776
26845
55850
24268
63621
91131
42186
87470
34680
57592
41198
88771
30370
4204
94007
94817
94474
21765
48882
98863
92241
53086
41978
81761
52561
8518
6035
98629
65649
90149
2360
22821
37676
94536
30134
44374
9203
55819
17327
36917
25658
7552
77565
46210
23562
81732
53214
40652
41884
50552
79142
84528
68610
94491
77428
12689
84867
74089
71706
55103
85095
43557
21820
44530
55231
18376
51095
35834
74069
49632
85613
38654
4437
11965
73204
84688
75521
95767
58198
70828
55303
65383
56745
15096
11007
17832
54210
43184
17108
17445
59507
35114
84112
62224
51822
82101
85731
33035
90979
5185
30637
17380
66583
92251
64939
40487
80090
56645
21287
92739
37168
89099
15890
877
99800
19712
86812
6723
33522
37399
64166
7910
18725
56623
90125
50499
54541
42213
60143
91103
98957
42485
4788
53013
40191
37922
98799
64493
50157
70520
37741
97564
21897
24369
80277
70408
19224
83235
62423
32109
95288
79007
99512
53579
41018
22726
98654
9959
2126
14440
85945
37876
96502
30184
93781
94682
84310
62876
60686
61878
20912
22319
56566
63002
99657
66601
86012
94356
76346
19716
31274
71306
79790
28033
95814
19950
42972
51208
11994
17464
39267
88839
62366
35717
84574
99864
1062
91713
30587
85594
86097
56347
22549
545
11196
72969
22441
36510
53921
74417
36714
4297
33613
82409
83165
14638
58086
68468
34369
73831
51709
33102
50881
43221
22610
32072
59952
20848
78427
99793
65539
94299
63769
90751
33619
74926
48757
79244
16837
22845
97508
6461
97286
37577
80750
34969
55226
79957
52552
69936
41778
32593
57344
56755
33885
52994
5466
79327
77935
79123
13016
1592
58083
54128
8878
42414
40528
42862
48790
8238
65881
78841
51631
11524
76322
45247
35815
13304
62470
87640
76846
79995
68296
8491
58014
32945
36955
7013
56866
80624
69460
69429
1309
37713
9828
95916
48378
43157
28699
38335
94441
12363
31166
44313
4054
62936
80961
45819
80433
88637
17178
92161
16856
90294
2276
33021
33296
49592
96114
75932
5459
33515
85996
68165
38777
96451
77532
13918
1696
80406
96869
92658
84604
24135
93199
64482
48828
23982
4436
95077
51983
91135
26580
68228
63446
77298
52573
11015
35436
76806
62619
98786
47043
52766
32875
60926
26367
63001
5536
7603
85404
67043
44123
26
91768
24520
7557
92721
97094
37793
84192
9314
45155
1036
23949
14324
6935
17767
4718
61478
43878
66516
78481
24889
17786
98083
45614
31838
91259
32273
38115
85826
18445
96833
9673
84940
47012
26553
76460
38925
69741
59851
13920
97642
92614
53305
53630
46006
28817
18551
53991
8599
58282
44057
63725
18887
88561
19233
82240
93684
78905
75718
1461
64821
99678
98366
90868
48322
91363
39008
67311
80381
41307
65793
91736
84026
52596
80839
32275
64481
44453
99608
3021
72707
78282
29515
27543
74388
33107
90785
96378
27778
44312
82775
60019
94023
58390
49099
97964
94248
62437
5307
54643
89808
51239
73609
67292
92489
52320
79699
66291
7722
86958
17759
49231
79297
72696
28754
86538
70162
70822
16480
15215
578
42630
39533
36068
58531
5774
97713
25636
3497
82875
38026
2043
39145
44965
13213
21467
4673
62223
35054
22067
53408
24494
88656
40819
26553
33544
80721
21326
29635
62560
27801
23425
45957
90092
54064
47178
11706
37540
8760
86715
54607
54063
62793
24847
48931
15715
10085
34332
59483
7286
81865
7939
35767
94412
61806
76084
53973
98713
9515
24987
25052
76386
96000
40936
55073
14600
56086
49053
90900
66035
9760
67132
53462
48339
67460
99345
61700
63809
91888
10838
23458
46388
61843
22348
80694
19861
87657
51544
28285
77980
93204
12993
28025
83773
61662
78220
58062
21856
69773
34330
59628
61032
43432
93448
97525
14732
54477
87428
26951
62461
14383
90164
6825
98676
1528
78663
14543
73651
60242
35211
26942
4542
20767
12919
72830
96767
39107
69688
86676
89240
41282
39843
94035
57557
51210
62426
2956
68395
24823
65962
65384
229
24592
65824
63596
3040
6168
29348
82245
82999
63676
84411
61614
34561
7387
55086
40264
30512
20617
758
75624
84788
752
37711
21178
74540
96128
49268
47466
39101
75707
46148
48828
94279
69827
26713
79949
54943
49323
69790
90599
9759
87443
3677
25563
56871
78228
59474
50169
96123
22162
72443
47777
24064
90337
80596
99476
86881
44645
89055
6911
56900
81881
43143
7291
17528
35583
67335
64734
80673
75136
85321
81189
50827
10158
65865
97344
97075
12147
64307
96312
36654
99098
51342
16939
3263
98371
24763
3942
89230
27237
93067
10297
60267
62878
33699
27877
44300
96385
8035
21287
10893
94739
69495
20986
36841
91253
96949
13906
24472
83252
2401
74733
80337
92743
70257
57801
30538
26203
4027
19157
10819
63392
75504
53436
82069
75023
20922
87949
76459
37987
53043
690
4112
43019
85418
41914
29603
30356
80098
12010
1421
10857
79469
5978
24836
18333
29959
67523
92620
75898
97338
18096
92357
88878
10468
47500
19235
16058
38917
61817
70330
9000
37447
86484
30208
1710
70621
37317
7324
28342
28198
182
46105
92017
17735
99962
83923
69525
28600
63735
45063
53399
95328
561
40648
34947
8332
15233
32551
37918
22679
13544
91438
18280
41679
92420
73410
92984
75769
23125
47711
92641
60198
64277
47699
97156
71990
339
71142
10505
63577
49709
87458
75181
16753
16931
13672
36885
45836
95261
93377
55388
4766
69406
5663
14653
8744
27825
50337
25315
26552
90938
93756
5475
16023
52422
93200
31050
52861
43492
62956
7993
44090
22045
74341
72970
26086
16256
1526
24748
78748
36524
47148
80508
29747
92323
87875
90792
58614
33046
88412
44165
50002
45827
83953
72638
55953
81982
59158
64331
23730
82621
84024
2343
32305
85384
11297
82720
95065
32693
88567
92487
26298
25589
46566
90028
43789
13247
75728
23700
64546
2408
72436
19814
55080
18790
57991
98262
38092
1702
17016
44103
57098
37195
1018
96126
52499
44805
48203
44362
81025
5155
95726
25920
44479
95924
17867
24412
99261
93925
28848
42705
6254
35457
99785
21321
10184
64210
47263
13514
27393
13034
44628
93362
15676
44463
35388
89103
24571
50439
37528
98984
65043
31365
42674
59391
6682
46515
75335
59155
922
33578
99001
44166
72853
74310
37849
21641
37409
79696
85942
88289
97542
34688
16968
67991
60526
2364
10244
16
60536
28764
99841
48821
56396
29864
77662
74888
92782
40393
14639
63669
88875
88107
12592
93815
14032
461
20508
41365
6613
13747
51693
44874
64497
49239
1442
30354
14397
74683
98864
4317
36271
75318
98619
72158
33736
50180
87769
42989
96648
62961
28858
97015
65057
22273
99414
9434
22096
23153
53958
60065
81856
68878
93403
46789
77071
54967
84323
7157
28422
47307
60491
18099
41529
10321
27397
13556
89488
40433
60079
63852
12691
77519
44716
43651
84888
54677
79816
42224
49825
92008
8257
91244
20725
38799
22461
67393
81915
51829
95086
78769
65856
80612
14567
49341
2470
10759
55486
54735
94875
85857
19945
81663
63073
90106
47373
4336
24161
49751
61900
22393
75150
42099
57331
36413
39049
69246
97373
2729
87860
60003
31640
37658
45346
81309
97995
32078
62951
95375
41181
74129
99190
25081
47348
63967
72062
26594
28170
30619
91426
18124
43232
32164
89929
72692
3618
23757
23281
78153
10292
33223
13385
52756
66875
34872
54217
82286
36316
81763
92111
15294
41385
28785
8569
87770
23203
50069
94750
93364
64351
12454
41076
66754
11303
69735
16771
99475
47729
72653
77691
74237
8797
84798
85082
7958
60744
46433
58206
12476
9750
89776
90278
46406
38507
76131
76739
14446
23595
2159
49489
53549
29007
29917
13802
97837
92146
46630
41453
97139
18100
54741
34557
63662
4072
17873
6496
56586
43702
611
27025
76769
91863
82274
83613
74574
22175
94670
28246
35171
92996
2324
75880
45569
23164
24142
45230
78880
70995
87245
15811
14113
4980
61066
94375
55008
55218
26616
42333
20634
69634
20152
70743
22984
75133
72719
61686
46733
46303
39227
75662
97476
18383
6281
4142
15775
78860
88987
40498
79930
72643
27616
85591
56457
84799
12911
71789
30796
87898
28605
19356
95559
52336
7612
65536
72844
31581
52896
70435
50444
62456
98497
32577
31768
11582
18335
95730
98698
56924
78599
76147
66230
86118
62403
47990
42018
34561
14285
38184
62221
930
30889
58834
17697
19871
80102
45139
10771
40744
31298
84194
25964
18552
90053
17474
74146
95038
53822
44874
66464
17181
73091
73872
9298
52457
53125
9441
89933
59622
23517
38282
17295
14712
8214
49514
31566
39662
14879
11897
31480
73195
84958
57953
25625
94405
50183
47678
96064
44928
73844
46980
80738
69410
71720
45039
27838
57017
49535
65240
66745
70661
55206
51148
17226
93016
66898
11251
10338
40538
85908
34483
80158
41925
13394
93268
32223
15137
48246
14893
2273
5447
13376
45004
85778
76537
57544
47885
42991
63174
21675
74548
90126
49639
45151
60819
17989
33809
40726
32609
27506
38931
37340
55525
59020
39360
66822
38812
56016
78452
12816
12701
8770
34642
62966
61298
57284
10201
65370
40689
35472
19013
68260
47163
18863
11359
44357
30518
96774
52575
75278
98413
74410
15637
87386
63342
68106
57850
85983
46417
9715
18731
91869
64539
50357
8973
65778
55483
86673
83853
3534
7788
68439
37
97137
8493
70671
90176
36662
47661
95002
36303
42038
3440
3173
14403
38291
93133
47256
99623
93191
99434
24217
18953
30974
16740
27143
3720
96806
9889
45581
88873
43844
12920
49041
67490
29974
74373
18500
78892
92670
77929
21188
38322
51414
73411
76692
88428
61366
35953
70682
72645
8227
87049
90661
4100
83570
49485
69062
80396
81350
66951
93370
26772
2080
6129
92458
29117
54399
35682
84429
63917
74632
68363
6953
15261
78246
85895
67538
57562
40047
38715
42354
60852
39206
72935
80645
56794
22259
44941
83920
80488
5310
38103
97542
25719
84559
94415
36242
45285
80952
47575
34029
25683
51524
6764
98012
39864
80096
75400
25853
97675
81947
11500
40349
42635
24597
32517
87566
29144
25483
35663
6858
9458
51762
3941
58607
36529
70821
81234
30701
83830
49653
22252
76609
92472
4685
16670
9328
32442
74923
40781
76698
46858
19087
86244
98540
93809
97754
54907
1121
52042
6849
7097
19801
45288
40716
24570
73921
47582
48157
61483
69043
98861
44698
42023
48022
59694
34890
47876
37949
7926
23188
55124
54220
84702
58965
59999
90371
65517
5400
64797
38774
15913
80112
78659
76981
42555
2451
31320
51755
80114
42749
61745
84284
13440
71738
77836
2160
77064
38222
38845
58919
49877
16958
93195
28853
51725
52876
35099
86323
80716
34199
8403
42181
83359
22708
53129
18749
66038
65041
5466
57243
3569
96121
57834
65177
61443
70839
40780
12963
81128
57839
13307
27295
66555
5878
88896
98955
86917
49806
25256
89678
67351
44997
71038
45915
34346
19563
925
90731
18609
59087
36121
12022
32755
81601
55349
53756
59123
28017
67410
80886
12096
22136
5195
22877
20892
81107
75626
77481
33811
54174
31831
16232
39784
15788
89892
58572
25082
11919
30831
41879
69913
50048
94354
22040
21717
1284
94539
84953
50528
35140
39831
58900
82395
44370
77581
45215
39802
48160
25022
53238
43937
23444
56920
64435
27256
19889
72238
16967
91709
96777
28674
47204
97185
25530
10972
62048
27781
83154
1160
19608
86568
90672
26952
98671
14342
72931
33836
95414
38206
44676
18769
76921
86896
77593
97942
46468
93128
29919
94784
1827
29046
77572
93244
53750
6465
92627
61714
56865
33397
15533
17433
56648
47000
5413
66670
53264
96491
58248
50092
54324
86052
76823
78760
47032
78008
51752
60307
19592
27588
64504
68919
97862
88369
99332
90562
8995
97428
73202
92205
21715
11216
76971
62016
22673
27242
62121
29921
81483
10923
44677
49976
34879
79826
40460
15775
52222
98812
46211
75742
54712
32319
42122
29277
68893
46613
19570
68278
47667
14851
57674
55836
23289
66042
28376
43107
9080
14807
56086
19789
15886
21831
78824
8669
82910
14527
34040
18035
47909
83557
38340
10182
51216
97460
37492
89395
69094
47694
93123
76059
7672
93842
82254
66631
53248
88841
26687
68836
51449
97352
6694
37415
42725
26421
59855
32881
53495
33453
46366
54366
12573
1535
20369
64109
76511
47492
4619
25829
28549
38981
74012
61386
21683
80027
12117
22043
39577
12192
55420
94068
87840
65203
66586
50557
76863
925
67457
24794
37604
4611
35900
35641
1327
38757
63486
6137
73473
18144
90120
5756
84221
857
40286
12468
23339
45308
15731
62698
14304
37811
93304
41302
78032
52297
66526
47369
34948
69812
87246
75585
80034
79825
88225
23938
3080
38371
60058
82926
16540
5980
48569
21432
22071
49664
9847
86982
24916
54117
27217
31554
85193
4759
10490
99792
11307
94598
57609
49030
72230
16117
71188
3661
30898
14534
25721
4396
12632
16348
9388
84968
85249
32804
46157
8323
89242
71872
19230
28367
42450
79543
22452
80831
42594
55691
90392
75275
69334
88432
12630
8482
80761
11027
10695
423
34792
44908
90533
7537
23942
5451
74349
8567
44729
42249
46304
52388
58601
2167
10550
39435
75367
29242
6580
92687
93664
90356
61067
75207
24142
50446
35061
24199
3717
905
4206
74222
22109
45734
73530
44334
81338
11693
4424
36999
5193
13885
36101
345
9386
38003
16674
67167
77882
73195
33114
51519
4447
18008
6759
44435
83840
15326
83394
73496
70389
50150
4850
43823
38042
72082
30279
12866
28636
66216
58096
63674
24817
69580
87493
79779
54255
60722
65820
86138
33771
67894
46317
30522
67790
52687
69774
4100
38975
29095
60493
66012
28298
30927
66609
55043
9034
92277
62302
37303
7723
3807
38530
11666
15098
69440
26702
34866
30515
26980
90180
23118
49506
97256
39724
2494
3832
74328
76033
85355
2308
26179
73890
99541
5722
92084
35376
93889
2971
32449
70744
61977
98419
28516
78414
29964
29363
34651
15423
98349
25985
34907
73585
11995
38914
37374
16506
31042
91203
64114
51210
34706
16244
76947
34995
81544
29916
38989
5943
23014
34064
32812
31895
98065
56235
28203
24698
20989
18841
9760
73131
69181
58904
77683
59369
67401
52593
61895
60626
68347
75578
4334
2686
38856
81238
36037
45732
21472
93521
96869
47
90373
28707
92408
64285
93172
3011
75519
55759
10711
12676
95516
12200
81442
90983
82029
75802
38560
17577
67594
28951
68021
78362
37595
47435
29730
30126
93039
16827
20198
82470
3225
27468
21971
9713
82757
40473
66496
13398
66197
64389
77074
6135
49915
55671
80061
92133
21243
47872
99209
60235
7171
3895
25927
67918
32025
12011
91112
44972
34554
63046
9972
58692
35561
28240
9450
68048
90229
71729
8226
41555
9305
25162
51380
3204
51877
61885
28447
81923
67374
37597
8882
45166
17617
59963
75298
99330
1541
54052
77687
70746
49361
21523
78843
3150
54417
18381
70574
21674
46221
12013
1904
49514
39646
57654
50929
82009
52515
22722
16041
70140
83564
9188
77598
96957
54164
64805
41074
75597
52942
10119
66507
36176
94041
37480
92193
87782
46318
48229
48786
33495
91311
6772
35702
55360
35692
59368
5520
59963
9033
93289
46815
78818
38011
7547
87182
40172
43924
81886
48986
89612
77307
94976
68732
36101
45506
65728
55472
2166
65460
63146
35690
4285
73935
82546
78828
76791
73486
22238
61264
94795
59284
81110
66563
59653
63304
87688
98165
86494
50298
52021
43858
64432
99242
59174
56187
96334
38039
99601
9854
69964
3895
3354
94503
45887
57598
42529
4882
55464
28718
10390
66685
21686
20621
54190
30327
96196
28413
9079
72797
57817
67563
68978
51868
13439
19288
71257
5042
14761
26358
82494
38751
73885
12384
91299
90900
55930
86607
20676
2054
20774
82806
42700
57775
39907
85335
22172
43810
45052
28846
59991
67920
28960
26803
52036
2401
34917
51486
81064
26598
86340
37486
90121
29106
46223
71638
92800
9302
29321
63290
74397
9589
7736
7024
52022
75010
24862
11202
11960
28103
97116
27447
59990
85914
66366
14574
9791
47081
60347
88898
55982
4444
5543
94078
15713
83287
92685
13593
11552
68269
92534
12870
14489
81761
54448
50402
60184
21935
74781
77025
77538
23714
39525
52960
29482
58893
77496
4206
62739
31649
61846
45719
48954
40423
7308
69953
4045
13658
91310
68735
82325
11269
99650
43691
35568
84246
12957
78229
31465
15964
54389
87856
72300
83321
11359
32267
64918
52582
64595
56820
5791
88478
50854
79902
6422
46815
63915
74065
74453
84495
46356
46526
30624
6045
94700
66269
24064
95834
17391
45235
45935
99266
72740
46774
77259
73990
73418
65633
29063
75040
5035
51462
49062
34490
62944
93846
60415
19747
37268
88753
20331
38891
3776
46970
69607
7863
57231
66254
88620
45089
8203
69084
35191
19359
10884
6524
15738
4079
2642
32432
73396
98281
45001
99412
79460
94894
97463
96133
43101
853
5854
4316
58565
28638
24904
7043
95489
25769
77166
69396
16758
7164
77012
83974
66837
35950
16271
29702
23606
56419
78108
56336
17105
4836
15356
22049
93889
4364
67510
74713
10400
61098
23153
87767
39235
3886
10518
6553
94454
3840
11035
89968
26912
33246
15673
66232
21268
61027
32575
43509
78622
67760
72527
86682
22745
49518
87211
53728
13281
2855
13153
91125
58259
2453
58996
55660
84010
89245
44738
62950
25431
9718
35247
19765
45383
88139
29423
83859
89163
49124
781
32862
71789
24001
96091
42639
88570
36471
65022
89716
16675
56790
93271
91599
90686
19909
31709
24459
74249
60013
82221
32022
16288
69624
18077
68904
32512
52762
41298
34605
20094
3351
64565
64156
2073
80291
19336
34258
6361
16356
67090
47539
24223
55022
46274
68641
16446
43648
29078
25474
56430
4964
9609
29150
66902
68758
16573
2164
5923
27186
10127
35807
95172
30416
69621
13323
92224
29114
89526
10395
573
97450
18097
57893
92922
34682
7799
61266
23349
49435
52457
88864
23684
15824
78174
15129
93742
35415
97254
33315
63718
17172
28334
79175
6229
31282
52366
93806
85400
32951
76417
87331
54122
18683
24900
58979
86867
51715
36227
32220
60958
55306
78814
56487
74729
21262
12123
79348
52241
54492
19581
56809
31860
56210
46676
83401
69116
38922
51664
61640
82315
13992
75866
90398
73018
65125
34742
5000
90923
19195
28262
42026
99188
65033
72356
8411
38357
71846
4445
84966
19158
73018
41565
30908
13369
19607
55471
97911
72006
41499
89863
47945
51
74586
49905
46966
79440
88415
83469
9603
86520
7123
88425
33046
26229
77554
57621
66827
83853
38264
45043
97269
34476
66697
42482
9297
72427
44958
77028
53410
9654
36830
32994
49423
29332
80316
41975
24601
15128
25390
28971
49941
88377
94842
98446
12035
84592
8519
4678
35815
61986
88643
14057
33741
96455
92593
13469
33354
32104
40607
74538
34481
11386
30058
99948
49689
74128
39001
3713
45913
35579
33019
51698
58462
9293
95102
8891
39633
68251
30446
24704
63908
40280
41213
91423
21011
22772
99253
52968
36738
66847
8620
92497
74520
50852
94490
38554
58319
94893
48756
37906
45591
4805
58765
236
28967
36944
55595
24448
1353
83702
73835
65102
1657
15903
10630
94201
70173
38634
78937
26917
74875
86032
66975
79065
26958
40522
77178
7610
14803
56547
50572
44739
19495
92540
79112
59103
81514
40976
62456
84066
67177
74804
51614
53036
93012
43518
90839
58617
40221
288
68381
19685
15956
21839
63031
59558
37829
79699
73278
88444
59766
47984
9645
44806
33129
29095
45607
9117
36790
51526
12686
29196
76177
94871
59739
70
34418
13938
86053
83440
49682
18560
67388
14514
88165
30887
28783
97656
29508
19554
21273
1814
67698
74011
24299
19193
65159
6808
19906
63916
97910
81722
21826
88695
87601
39184
43507
21084
62099
62960
25140
23890
93646
89837
38761
41206
80595
95130
56640
2242
311
47950
79608
17236
30253
10872
61497
2166
70572
40546
34910
27609
94032
22136
85529
67960
96733
78693
26913
48980
87379
7698
35556
66547
94413
97382
8168
77861
35249
83093
38597
70029
50167
17663
63604
49959
2113
4590
58441
76729
77687
41341
50512
21553
28050
97530
29858
71509
4308
70801
44472
1901
68217
7660
14862
92613
12394
13061
22822
32870
2703
83636
66916
87479
1948
64881
77442
76368
58532
35569
65847
92143
20252
50183
71293
46038
57186
14003
38497
96882
67524
36658
73552
64448
38621
36695
1811
42507
2801
70991
37565
89052
81767
25570
74025
94050
74425
63033
19604
63168
20088
53490
12977
68738
4953
52328
81649
18033
36366
68824
35427
98390
74563
25939
65346
66044
10084
2467
48858
65252
63069
34934
73567
87540
98003
76795
10375
94681
76158
77242
71613
94152
94399
75329
76794
14034
23681
4813
59495
86292
55046
83778
6141
33976
35564
39175
14488
55827
60224
7981
83966
71957
14175
54351
98
85154
79922
25436
70735
28158
41953
86968
41875
59123
97210
41274
3990
99234
49145
51312
42363
5270
42972
62565
10206
79291
28793
39590
51976
58828
62307
54547
34456
68177
93276
99655
79976
40047
75230
91639
34111
98244
34078
31336
44338
68077
41903
47017
36766
94289
35184
15253
6681
8911
65617
78696
28985
51609
44145
20807
56360
40332
73460
11907
65851
87405
52511
73697
65847
97554
61297
63942
24004
57506
17201
44118
71192
11635
18227
42128
37387
81776
2824
57687
23643
47053
47865
25544
2559
14580
70670
28367
95902
54422
35279
93778
24784
22171
65485
56933
15566
68205
81170
39211
32991
71242
91249
49175
91710
21498
7503
17349
33382
2016
83419
74584
37508
15772
88263
18797
39539
26966
71138
51266
26884
32930
68040
69581
22226
23422
19334
49020
46149
61293
26562
69181
605
63612
24695
52401
55804
98689
33834
81060
7076
53320
94984
93885
71002
60694
56270
9011
33907
46688
17393
88599
97067
29903
12326
60
3201
21667
26948
68288
2164
58483
71200
72088
75454
14238
73978
73895
91077
35862
62992
40849
93132
90077
44190
73564
37945
74154
98578
61532
67151
10322
15113
99461
43900
37962
72114
70702
51285
24634
49199
34137
71741
65546
78896
48593
82120
22896
18431
56764
86715
82375
17934
98045
83695
76543
95467
6989
85712
38762
62115
29047
23089
65416
1136
91841
43370
71738
28188
37492
42123
3275
22609
66442
86662
28855
69108
27586
11181
95597
91444
15049
55723
41813
74817
84776
92388
17067
15765
67356
42494
65124
84990
12523
62519
20151
11047
6324
64409
87054
5223
10381
94707
80938
14641
83439
59766
51491
11382
54839
7435
67881
95808
90115
47318
47065
73324
81275
90599
16360
99452
26302
55972
60831
94997
76999
18285
10086
3922
66510
17807
62783
63176
24126
90374
81062
20342
74784
27172
91377
25010
40897
5685
60926
59921
74613
69316
94875
65204
15454
46827
29772
15725
48049
87601
78920
54408
33876
85940
37641
65154
49679
47568
44871
37031
44651
4704
71681
99740
66255
26723
98539
54102
99221
91349
58555
20616
95046
910
20383
7682
23410
44881
88468
19683
88035
47058
15127
36524
11453
26654
86466
88843
89530
26223
75330
93328
60814
23894
15270
69909
97635
95134
98948
88731
48288
75669
16504
56699
29046
58304
59361
32965
65557
29959
41743
4798
59100
25188
48996
97593
89576
35156
88287
39601
40257
9695
64572
72998
16019
65227
59802
71152
85639
50474
10046
28276
45932
99737
71395
12365
30554
58428
7478
53148
67292
53500
23286
59571
84479
70531
34228
35626
74898
17677
80332
62479
6846
59347
48473
38592
11097
43506
40679
63818
98502
88209
47325
15083
19912
13467
58865
59362
53792
36631
67039
31148
27677
35139
72308
86757
86409
5000
88518
45487
30999
24175
96253
67962
70141
47567
21429
86585
51263
32802
1267
87047
17748
43659
54646
79082
6174
8203
39658
71012
11666
74865
81833
38266
50638
49184
34801
71707
87038
61716
52183
6096
54987
95192
32819
74326
91955
79363
44941
72344
92037
72280
8098
20990
35363
79991
13400
84017
80492
93225
80582
78205
65342
17505
33821
56133
42342
57986
17324
20957
12766
49722
99546
89547
80619
95170
32059
22556
10840
80320
87127
26810
63261
67313
78974
39385
66766
60843
2903
70646
35783
50783
91214
93812
81133
73977
40754
37482
61370
76685
31983
33968
62038
23984
59578
42314
72733
18551
40371
40192
47931
90844
73177
172
6098
53772
14943
98028
38530
94435
89366
81499
55083
46677
85173
61982
58507
5734
8413
6641
54416
94577
61185
34154
48336
53158
64772
39276
7734
36659
66652
48215
20472
62710
22715
44939
77605
91042
87713
27361
59034
42725
98951
66934
87318
50484
78885
15360
38811
97596
83806
66998
10138
33729
85776
53353
29658
39023
51836
52940
88999
75666
90294
1870
27783
41151
61027
92373
23962
40233
84376
67465
18020
81051
47606
11690
95626
94250
46835
97852
74273
49412
465
10138
52852
99653
38077
86742
76933
69361
15280
38582
39205
34773
38362
83367
52431
97080
39151
46167
89456
86511
91397
98578
13219
16341
48978
29086
86122
74086
57727
35408
92187
53984
78667
39587
75201
80155
49018
28129
3074
74285
15439
54600
24952
45793
28260
83247
42689
64239
59259
98545
55098
668
8395
87761
58014
1887
96918
36511
50675
8991
619
2847
11634
79872
46395
85221
56105
98774
8165
72275
48062
11022
43092
15171
71072
36797
73625
67426
88080
65730
86396
21883
14827
59181
80309
91518
45589
90906
81573
73314
83237
12506
77454
94083
73665
12592
42966
45079
99398
43038
27141
43914
56074
86983
50483
44076
57575
93223
16688
21217
28261
29492
48431
84945
22594
78736
88020
52452
99563
54877
39632
65199
17201
34850
89038
35556
33568
49009
41505
58480
93830
28545
68027
45041
38588
42481
65808
27843
8697
36232
33942
52365
74217
60356
45052
53744
64075
92508
71488
94929
24572
90513
45516
44521
3406
61942
26713
21223
97944
14927
10508
8566
51717
58208
27386
99716
61464
3389
46356
80112
12927
60176
43754
63331
20934
87266
90982
56845
89797
35293
71480
41059
77521
46576
33907
3316
83029
23506
41635
76646
15768
44585
29899
93770
25723
25376
647
16008
32969
45336
92280
60685
46152
91375
82001
64395
46759
82185
23586
16139
70959
69867
31425
62650
43446
69449
31045
5141
24300
24070
16687
37957
61753
69709
64344
68342
30277
49984
37607
95558
86618
74973
23876
44461
43013
10795
94906
86145
64574
69512
56557
843
99920
25495
5686
45901
13159
67248
50323
56274
94331
95506
91707
8899
28649
54322
98931
76442
27031
13659
34118
96774
44577
28028
29520
95985
45991
86964
19637
32651
74543
44899
40566
54788
67512
15843
38037
36258
64022
18442
55182
63028
99660
81333
1227
91112
83266
14976
15811
88691
11863
18463
59113
50914
35393
59783
56266
71892
95974
9701
99909
26195
47611
17672
81731
49431
54939
36918
41386
12806
16285
62673
12419
8588
58477
71089
97113
63244
26801
38408
12719
31014
71153
30946
20788
56079
85786
89652
19395
7729
59576
66145
40284
54321
18533
28987
15417
81988
99601
51795
36172
46347
73590
3004
72405
49190
6043
50524
92437
64303
62669
93021
45091
57565
96981
68895
55041
16665
96884
25651
63645
65287
17523
33657
53229
50140
22388
58098
90055
29489
55672
15125
63642
75005
2235
66371
57424
68148
58540
71598
50035
35261
97214
55091
45059
66555
21054
82718
57340
49637
73945
98751
85104
73950
88150
70885
28824
39932
49774
22265
26801
47945
60469
62947
8631
47544
29378
70085
55330
30609
11471
86892
58125
25285
75616
28383
68072
62431
88597
86673
29086
39670
757
40418
55543
56920
30020
89692
86854
31349
37547
17491
18373
36274
44796
2090
74792
34267
46460
97515
37177
50968
27388
26730
38165
87052
40626
59818
98334
59766
2813
66392
51335
63101
93179
87130
47187
20050
7403
51710
17523
39685
83230
23980
93061
93980
68519
21850
80488
73526
53591
33805
15971
91081
49496
78117
12282
74027
2252
68491
16293
70202
91358
27087
28536
71155
66156
55272
43095
57666
54902
54741
26863
94749
79992
97492
67737
3407
33668
44185
18533
18776
79329
24807
6175
69008
50420
60253
13604
15061
74848
73160
17798
38912
35416
47321
48326
56143
95444
21906
27824
13246
78754
22822
18623
98849
6941
21221
11089
52003
10380
8874
40358
58067
49957
97516
90872
66550
20912
59528
20735
5902
41668
28034
82817
81741
36943
87950
59332
32670
49165
11594
7963
11762
16361
5287
40022
56506
6184
7325
62066
29198
49163
61600
4681
65974
32802
59730
88955
37900
56448
81775
35231
35915
1170
21921
71578
50720
40005
36882
61906
18991
61888
78419
2837
98785
911
28596
41705
44669
57494
34365
60366
13586
97462
91536
56739
80067
23352
16843
48939
77212
98995
21432
76221
67390
76363
72047
10591
94440
33709
89302
16501
69301
45419
43075
67310
70744
58763
5895
65062
4206
18024
44285
80405
22083
21408
21644
38453
9634
65182
91511
27367
23161
87942
84693
19995
40455
2197
35447
22422
28863
18004
47265
10960
68191
17863
91064
68166
54386
24226
85994
21304
17457
51780
44733
59187
54709
41026
54138
45981
54718
33594
957
29258
42198
61934
93339
81358
60726
23079
26854
68547
23315
83472
36199
86201
70759
33325
12214
4219
30344
53477
84066
85407
79187
70206
9910
71381
43209
25505
65286
99429
48059
89466
67704
95269
17046
18007
68761
6256
24523
9706
7440
31307
97372
17447
97988
33984
15581
58531
88428
21383
28812
49918
15637
1240
49527
15549
50070
71991
52024
21958
38149
35220
57793
27424
20487
33848
15768
40930
69155
52751
64563
5957
79695
20638
46037
52759
88035
61739
72218
75925
55800
84677
37076
43902
70616
98140
73829
66463
45742
1496
67937
96770
54231
2565
71556
72219
73513
69947
96959
64139
18215
74651
89376
35677
56820
22855
70223
94999
55203
96767
27514
88331
99773
76099
66158
53471
98144
13891
56808
22347
60019
49305
95187
67658
84814
67793
51725
77130
49081
73818
79245
18087
64779
8078
57709
81149
95300
1399
87082
47761
27916
78830
11259
48974
73982
79605
96997
78132
36406
18084
74075
59622
13139
74611
4120
68910
79463
21718
50862
89026
71129
93093
45917
81385
17521
9426
23551
91695
18389
85009
58171
96744
26808
9046
94430
81189
38045
46212
93675
5208
70796
73592
40723
30997
99742
19623
4948
90167
3957
88799
1685
73582
50536
98055
76631
34823
32912
29874
31453
64555
56054
5301
59743
51397
59913
77330
32813
4092
80181
22930
30864
33250
28042
45654
18229
97537
52369
14920
81642
97898
4478
33383
87737
29590
83323
84588
46207
28752
32415
59606
48277
8171
14759
29120
49153
65494
13849
89326
71083
22411
86809
855
9986
81026
57934
68435
45539
4882
79826
79094
82454
17992
48231
33554
60076
22671
17564
30152
68073
75324
31123
4060
71677
20574
74653
22693
18490
98922
96500
52735
83687
63042
43836
59230
11089
3623
23396
6710
71655
14888
39049
41325
48926
53320
77152
30285
59939
81204
69043
26481
47929
83697
21253
95759
91288
82748
29178
89412
6373
35240
49944
46617
8381
27090
95407
19411
74155
89001
22465
56453
99275
10854
58497
53184
36275
89797
55133
18356
43422
44368
62754
37286
29878
70019
4805
99990
41789
48077
67941
28340
74445
33984
336
36414
64943
92432
32943
21836
57913
57740
56129
70937
58739
12590
27206
37075
25199
68068
59484
1490
27614
10821
45990
62004
72486
12658
16738
38362
22285
95417
77621
26078
21059
94124
82007
65291
10517
22082
88240
43843
56854
33297
60443
85681
88239
91816
78547
17287
42812
67729
74790
73721
88592
66450
726
63623
87993
38332
63928
52285
75693
94581
99550
62496
80119
30050
49878
64614
30582
61915
26558
3117
79827
15640
44636
94316
50378
60308
73765
80669
34111
99451
95549
54555
20626
3900
37485
54608
93398
18384
77297
72185
58154
35955
68149
62273
33747
97946
5562
58188
41938
13932
86704
80897
41171
71672
93893
72951
21814
6410
13245
27685
64566
83258
18174
76242
99031
44994
41869
76218
92565
95269
71215
12198
84618
54372
44963
43872
47490
82363
60568
52431
54746
15577
38731
20178
12746
14652
13384
48953
10006
64533
32794
86988
5138
49612
7618
74895
17781
91907
63241
88753
56077
29343
65622
46669
42716
74506
96279
86798
26709
50021
25460
39450
45841
60814
72938
48989
44527
97995
63495
84378
31610
92915
66212
28031
62474
84227
7060
35005
46754
70067
26090
55583
19121
71815
96353
25403
49954
92061
77461
38240
18373
26585
22244
59984
39072
93344
41146
44324
76674
58629
30368
19785
28412
78863
57142
63161
63130
37590
84194
58489
67445
61273
40044
56642
23931
69877
20328
74025
64460
47534
99034
52465
20534
25255
66004
5024
70671
6228
88959
69130
43080
62736
58331
88125
39699
6305
27171
40258
14673
33192
62273
12363
7867
18972
70794
57099
86541
65602
36053
69194
73015
67121
79863
29139
59595
77902
99251
3156
12858
52118
92490
56902
48631
15063
15408
4709
2941
51919
16942
17625
42706
80070
59352
31268
85261
86670
44597
1561
54461
8905
18483
5069
70174
19764
96114
75959
82872
29192
28530
61796
7053
24014
27399
62554
40702
5370
63731
92803
3564
66084
54158
34622
48659
18427
26488
92945
7769
48595
43878
72924
33304
97689
48695
3953
33635
87420
86727
28867
18949
39449
21837
73749
23388
55146
10571
18692
52670
96797
90565
79890
22938
51794
97997
88376
54746
83860
56410
51747
93275
3168
68189
34276
85313
55605
28491
9364
75319
23446
28919
53281
18643
34864
73854
64114
44247
80408
11233
93512
7855
7796
40274
10972
58029
63987
49986
81510
99691
60318
49206
49774
31010
34979
35591
15780
71259
87560
88435
67783
26654
1207
43372
29224
67877
37284
61246
88074
77939
33882
44129
74338
72627
62897
43891
85479
62894
57217
76246
21325
5618
46980
9672
15000
74239
79145
22270
83663
99272
58073
92855
56686
91972
43449
66858
6648
64423
11050
43094
20745
2740
61911
3571
65808
16189
74868
77147
68113
91087
50112
52886
14041
11313
67109
62164
79673
91534
28372
54985
88732
15013
77583
88802
19865
41027
87442
82365
29177
96039
37243
21056
51844
14123
55501
18585
43706
43409
43863
98811
99371
1998
54157
92575
49159
5187
78813
45372
24863
81284
87184
15113
36051
56064
54362
5732
25157
73109
83705
24781
28746
92503
47969
72073
53844
29055
1042
99918
55812
48524
18457
36263
47670
29560
55614
86734
60855
85007
39642
14677
62214
42070
57502
47892
8854
22130
85005
95779
59761
49768
93427
70597
59704
19082
70065
6867
54028
82083
38731
20104
4145
78895
89560
76338
62827
50920
67442
6490
450
67627
44876
40150
33467
69027
62567
86676
35000
77
63219
31713
44050
5262
40157
6043
55097
47860
76559
28588
59495
48746
32705
78771
46275
19538
10532
83319
52510
81163
85065
57933
54687
78514
95328
92133
4891
53277
37129
90676
56515
83388
71867
53950
18864
7017
76053
98882
38737
83516
21241
14966
74361
38854
46995
51704
34922
66105
93874
13929
58495
79247
34166
53836
15011
5285
77026
65536
9934
48024
1151
1820
10731
85882
72072
76106
76878
78755
59906
39257
43484
11649
44581
68993
59922
70099
83572
15833
31519
43624
57211
38786
59402
23199
32181
77267
49222
18030
38938
13579
29991
10517
88948
90713
82364
19421
4235
88478
66781
70888
74825
56166
6198
54616
70444
46845
34666
65172
93914
44912
21712
61192
34016
66310
90812
62365
42417
87531
53701
94805
26884
58848
39816
46327
9265
32967
22701
53867
86629
40501
65863
95094
49052
60631
68798
1044
32587
4785
52755
85336
42601
84050
24115
94025
91866
68799
76500
22638
99900
19999
77003
16703
34776
71976
44003
15976
16350
59871
45351
37477
24144
80798
78542
53412
79048
26618
12140
73385
97511
89768
29777
37631
34776
68365
52203
42834
34732
45790
54461
40466
56467
62
53967
66630
63497
49160
60317
77076
16627
52822
84693
72716
59434
15277
61191
61802
5507
70702
14977
65248
56659
3114
25127
10131
90221
39371
81927
66411
19772
1169
81244
70560
5409
4884
81010
24082
26831
11912
89915
29888
66300
35063
56757
44689
5075
57060
78197
19498
7173
90401
37326
64029
30813
89212
83807
53352
74935
43835
76408
24125
67232
93905
57303
15458
71577
14133
67306
54550
34267
37109
34971
93594
80787
85088
98948
21595
46356
80437
5056
33161
61174
62429
59238
29371
63842
17214
39747
16197
21077
27657
49146
82996
35503
65789
62656
72394
77760
41299
73111
90941
89753
23647
85231
70064
55429
43732
83242
45725
90264
62211
6995
94497
38778
43247
62950
4803
34667
27932
51615
54363
74385
51109
33472
6609
87962
51975
58090
14997
22431
26553
43835
5056
7326
14114
43407
37527
77197
89173
73941
20110
33972
94022
25932
58865
20662
54649
44217
92256
2838
57853
37726
49827
89684
18747
16555
38643
90174
78622
82101
3454
85641
68244
23293
63710
18376
1938
87170
24663
99839
25423
27605
45494
53990
31505
20391
80363
25176
74607
85946
33312
7757
65834
12159
64578
88827
94007
15372
88579
97558
4764
47353
98575
7071
70486
34469
65728
70728
62221
40489
18723
67479
19554
92417
77415
30247
92232
95836
58179
98356
36192
13467
15567
92675
48788
95697
19806
56084
58714
74883
24369
86566
98591
27104
95075
78069
29029
38422
83504
97036
54663
9635
62954
34118
67223
65833
88203
73417
34743
34330
96594
98170
57192
90223
61366
91296
31786
5900
58283
74789
14662
9643
12013
87338
16120
32157
68887
92449
97342
99345
1217
53809
12332
61143
43692
26556
50512
81449
25452
82955
7493
46389
21341
24384
78288
26198
29373
8368
65737
3778
46283
23129
80139
8714
82374
45020
97621
75616
17998
35065
96945
95753
76075
35398
33113
42784
85837
96049
46530
34809
40784
50337
80448
75327
67295
68272
88301
87629
9049
89921
2783
60519
26711
93563
53061
78088
73670
3618
78769
98672
28935
74896
63451
90386
86009
11740
70314
85943
91270
35503
40360
33323
61837
30927
62994
95946
42681
4811
41418
14101
56718
9991
66566
28076
32281
36426
69041
82511
82336
55024
69114
82219
17280
47858
5874
65888
86885
90061
89317
55555
97957
2358
96358
73545
49560
69460
98682
95783
30569
57115
35406
68859
62199
64667
41953
18944
8329
35374
58104
49583
42698
87803
3607
36245
66389
58141
16043
13979
25053
97105
9060
52619
15493
85863
16144
54359
13632
93021
78515
62821
37744
73258
51941
25220
19618
255
20019
52613
5904
86930
57559
51511
31956
39734
12857
10154
98751
60112
7156
91419
53417
84702
70730
33463
48054
82786
53365
76336
48522
87593
5311
15308
56858
95283
11839
69440
35861
78386
16627
66134
38122
63429
8074
38123
39546
57549
20663
75759
73005
5990
55608
53519
85864
87096
9404
53041
2528
18477
77166
36831
46889
43682
4090
18311
81618
42250
94652
36673
27894
43416
74292
20365
43485
41021
53297
89987
76628
32606
93917
90505
62123
77606
3330
42532
31985
51791
29443
69762
85878
58798
66912
17384
1219
79796
19245
94439
59339
89762
56504
97295
62896
83989
47864
29589
31698
35243
10034
44843
33799
19417
76412
69921
24560
86661
74707
69283
40351
61557
86326
29827
12807
24889
50795
69096
76504
56908
19145
63688
21776
58857
30647
86865
76101
96621
27608
78134
29742
73741
10834
96741
41756
84600
35963
66460
82385
96990
92823
14558
5088
49962
54088
97781
3436
26677
84487
38006
33193
78767
53084
74789
16097
46346
23066
74941
88770
89546
93819
27938
59052
96573
39541
66609
50723
89584
88070
28207
88926
84334
86710
79513
64084
4586
58599
71814
4768
32865
83428
49424
12133
89601
44940
50974
20657
36044
80643
95410
61533
61021
77690
92838
3171
64885
55505
8515
10420
87479
47058
13852
38606
56280
49080
48859
92056
73571
10705
11511
87746
51251
70173
55904
6117
44394
15804
69451
51632
88566
45952
14678
8940
92659
66673
27904
6643
93871
76342
99199
49081
50084
61393
17289
85806
69576
10817
55853
40520
96081
58917
47085
25339
69132
7664
10281
90848
21786
86720
58776
49080
86053
56882
21854
41526
32380
4912
45947
89606
21175
42215
98185
97228
11505
62429
37661
89858
52884
70097
36541
33577
59951
28930
55551
29649
98866
89338
39807
84994
56392
37056
84857
7150
17566
50118
63027
93202
39539
75762
53425
64664
64870
66247
19345
53865
60732
49857
13834
6703
70003
20423
37964
51688
50179
25199
89129
57123
1331
92204
42660
43042
65104
60952
33214
84119
57357
91034
79662
61386
99402
44459
50319
77121
16671
71877
68706
93704
9585
1685
68917
49009
75504
33104
14991
35969
99092
33168
56971
92366
60989
5904
91871
47334
33102
10383
99559
3918
33032
35225
96507
69697
70194
52447
7301
25543
70104
60842
35016
78301
56492
95425
47537
99645
23287
93650
67538
32000
45960
97245
85026
24189
34062
87295
397
93497
52588
2984
44018
6288
72317
64787
60671
74359
5177
99219
78814
23056
25803
89447
65864
38249
98152
78669
35874
65564
58367
92225
24047
39452
42845
67559
57957
35787
50199
72318
35635
82899
52050
13803
72955
67119
16824
28728
5983
91704
34753
73177
94467
24067
14836
44481
6197
56512
31380
46776
26036
55392
51421
34832
35130
60362
78936
4566
63443
4758
6830
24883
24160
32858
63584
95915
71006
11999
16492
98744
21425
69423
72685
44169
30810
85189
97758
99980
24615
98363
61362
1445
4407
3422
46281
80242
31477
17217
78672
12592
88183
12258
65284
1225
84874
9870
49017
61608
60483
18921
73474
94197
40020
32635
25351
56613
82706
7251
4022
49941
62604
78956
79950
65079
43395
5384
20476
20737
86576
83341
64437
53789
33326
3899
10561
9167
4138
71460
59294
20940
36172
36149
39496
5694
24888
67165
61424
71772
78071
89668
97535
24226
13194
28731
49987
9226
32307
205
57829
79489
89394
28279
75031
77141
54484
19685
60870
36120
22073
16184
52474
11246
47957
83082
13769
26455
39459
74256
40190
76230
43960
48703
42666
96908
85805
40211
40594
4595
53912
1334
76859
3933
13630
79804
31545
7892
61117
62354
51210
5203
6294
25304
49698
61886
37194
86289
76268
30112
14962
23532
69767
58051
60014
81598
35529
40690
85613
78123
91336
14273
79090
56275
82208
20739
39324
48540
97616
68152
51536
5876
65338
77105
23046
34987
69936
18655
99005
80779
59714
99516
63942
10481
89632
30379
31567
18808
43918
32031
44275
90855
22278
82993
71018
36937
26112
50019
43095
28959
22562
88653
88673
8116
78575
9085
58194
92661
35004
25027
11662
16873
41684
4834
18409
91820
50330
68609
66642
51828
89171
20516
4622
65584
23876
60681
83598
82344
6087
86109
8874
19916
75559
70046
58217
71060
10843
55825
31905
80547
72185
38905
83803
18891
20368
27401
49170
17444
64584
79198
86606
57503
83377
91267
39787
2045
84031
23088
84239
17894
25487
75849
86574
48895
16153
91746
41313
71638
46617
47348
80977
94504
36703
86094
79642
50266
36712
85731
45216
96475
11510
66153
17760
26888
99502
51370
36539
84292
30259
56171
87029
87754
71586
14011
55060
96336
52330
34907
2737
28621
86087
77532
70827
17235
98221
92101
20800
97282
11624
89520
65333
98299
77872
87764
6384
59333
58089
59685
49392
64782
55207
57021
41379
90446
60319
93222
22918
22692
31034
83306
97935
1804
82993
16594
10387
33978
95326
525
28667
7401
30569
39256
72667
40738
90837
88729
9881
83822
7626
95726
38246
92644
85515
37954
73414
29066
36152
80381
56916
4998
69183
98108
66247
28317
91584
63528
15306
61278
77376
72405
64006
57564
31018
41991
34212
15950
84353
640
99608
71589
83340
39096
15065
35307
45059
5291
16289
45038
43179
81320
97825
14945
43608
23669
38217
32461
73008
44350
49153
27308
73423
48603
6445
35221
31719
80682
61626
43523
3741
57463
44713
35512
80772
85326
21657
30087
83043
30939
83257
86293
47239
70268
18099
96055
74580
49061
13955
7348
3773
1751
42942
40003
51487
72299
98166
34737
32650
79843
3588
64377
43664
72765
41296
85716
36607
62313
34172
58282
2012
8130
49417
42068
61092
62860
80069
3154
30504
10389
60641
82658
66727
54277
39749
1990
14521
4709
84024
8473
87160
86919
97436
3199
27351
18880
42628
74473
28971
32382
59447
12266
14888
55673
5336
95643
52333
873
78911
88626
92229
95011
4233
22261
19202
20929
97650
89386
33016
39306
71194
31898
78288
25699
71121
15092
10693
46218
14717
42211
20231
5596
74183
98121
50941
48374
67769
11053
48941
44106
49656
13647
25798
95398
16243
92148
82686
75175
83996
6422
21230
53241
41457
89665
61187
27549
33977
89189
84551
90244
84949
6115
86155
36699
68395
86633
20828
6112
71319
70828
53159
86596
40445
88909
89649
57546
6099
82890
9455
78972
32406
35518
62221
8295
20980
66990
64139
84518
36933
23391
14396
78580
26502
58697
59156
43541
27491
89098
27002
29610
71320
76573
3855
13168
53262
34634
12795
52547
15
3640
21449
51087
79734
5578
57837
49431
43893
77860
15718
1404
22494
36309
69179
47927
56431
74579
60094
81748
29752
46108
30055
17001
55887
79844
7651
55832
31662
49053
55032
86346
54194
11591
84502
33292
1942
63309
98845
20923
859
9725
99647
49630
73379
25598
7116
35010
7394
55928
56737
78683
74540
31047
22794
53906
73585
4448
95199
99889
97926
2005
17769
94840
22828
29372
47210
10902
51806
35887
45985
93121
75734
39170
80888
20027
46460
80424
43621
30289
72728
72641
48438
75733
92316
76349
11806
23146
88796
30596
59706
97493
68110
98955
22996
98854
91955
4807
26802
44007
78388
96213
83204
71506
9942
63615
2949
35369
50158
2767
7446
93161
60826
64910
27161
25285
53566
42035
2524
46479
17565
24063
22105
21210
76180
48492
25011
76778
16174
82034
28071
41652
53621
99614
51901
76514
89437
76931
65791
28701
73400
76437
72988
86029
23149
66544
36666
3199
71794
97710
45287
49920
2283
80323
26441
54325
74107
61993
95325
61450
38603
26170
19194
68123
74695
65793
39540
61212
13008
50646
35848
76634
76243
73822
73078
41128
51074
36075
98061
9636
11825
21811
4984
18463
36747
78150
39369
73298
73172
97576
2407
27443
81605
4341
90097
47229
57242
4864
11334
57355
27004
75454
90190
21147
61861
68653
73676
28460
7244
85313
3250
38031
63931
85689
49624
16791
21186
731
31376
96544
26424
66241
88039
15432
48239
8404
95028
71902
83725
25849
83886
46210
24741
40705
82632
36371
31620
83836
56601
68093
4474
10908
66053
87859
94325
64375
63512
95916
54717
73306
26043
56511
73487
14789
30931
60762
87415
74758
72908
53456
73624
1774
44735
81395
1427
57039
13290
23226
3056
13253
85170
37350
44129
63282
92070
15515
188
179
21106
83863
44892
99112
17185
10418
99805
27374
72723
9952
9773
21870
48955
56862
10927
3145
94469
2699
66173
84658
86432
37286
51085
40285
92859
41463
88136
88692
12381
10204
22718
15415
60573
87235
53651
89045
8564
74511
84589
34316
81589
74052
84316
3337
13452
81186
64297
28307
26422
40984
68813
89371
49342
15530
13747
83820
32778
4607
6252
75721
22282
11113
14993
62518
87233
94358
61296
61720
3211
21882
94581
19957
18109
31856
3068
12380
52969
47747
26833
11673
77166
59828
62269
71397
41391
33347
66073
45043
73488
69830
56266
3956
68259
8867
12034
70476
59058
21798
16104
19094
19889
2576
25095
4540
46402
48855
71261
17486
12461
1366
30850
85030
77774
94579
98555
62453
48843
43595
21127
53885
28284
16252
88232
33381
65615
90624
51698
9242
19821
32592
53321
31171
31642
7738
91783
74589
34732
57729
24994
92536
62086
48586
32582
72121
38980
71235
26182
73680
10312
49580
21632
15463
671
62219
90809
3637
14344
91714
38924
55778
97156
62019
97665
79869
48045
99678
53388
70035
2795
23966
27720
91113
18600
28590
91798
79698
83670
16110
94400
94379
64441
78018
98929
70240
10959
37857
30500
69423
16929
88146
60244
43017
18804
69216
95379
67
50921
52713
24076
39301
17847
56147
70885
86345
21859
30519
96863
72080
70420
11111
19966
98233
97313
44544
91337
19138
63089
27424
68909
10187
69177
83964
53106
14648
63721
84703
72308
49384
33211
91730
28777
30957
92034
55099
76532
8294
7132
12583
48380
80440
40994
58420
99002
5817
68179
62010
45704
74260
77879
76240
36978
23496
83803
13889
70123
33883
3040
56236
22624
37156
58210
47479
38868
78689
82334
89009
6199
42214
68012
83042
12005
50505
79043
88469
69192
10757
84961
47288
46468
1711
38998
98048
71505
56971
54752
5280
47153
78145
84976
42648
5253
50896
89959
11223
22230
93515
19552
20313
23483
79170
55810
3489
6247
94836
64234
86472
44453
95334
44696
59365
48921
55752
9767
20912
98157
60161
75973
81897
23937
77053
41856
28054
57237
25363
77789
61109
60546
67820
66238
75677
91205
64648
23804
67298
45900
35509
91800
76669
92736
68279
60827
51818
33449
25610
93727
49501
41128
69046
13065
62069
17541
37654
96376
46430
37314
27756
46252
80884
17046
3124
25926
76632
29095
69018
68160
84273
31947
42469
75012
62648
68360
99304
89160
55657
16226
90037
94605
31627
31636
28288
19980
91499
54754
4169
58135
53550
68272
77374
29984
18143
89257
10916
59622
89611
42353
84194
22723
64430
57449
9453
17553
98659
94034
50417
93708
18236
48493
40718
30203
47276
33151
14624
49247
88758
83144
34427
21878
24925
10882
14610
16001
54573
12485
56868
73391
57443
39682
99549
13303
32032
67314
30174
74177
22183
10734
21321
97464
4337
10461
39899
5056
27553
47171
82707
84992
74632
61669
70864
6467
7926
62315
97797
53547
42839
93451
62980
86174
37166
77025
36264
78554
48944
27415
98170
79962
2976
40447
27064
78023
61822
36962
17541
14464
70983
9553
88448
7401
29777
71875
98759
95774
68818
93081
5377
69717
69517
76627
31337
28731
47754
35147
60298
27311
74196
61345
56111
137
49000
2745
82015
34185
34604
92840
44645
70963
44774
83332
82564
33286
5003
55578
56396
65290
78266
40489
9736
55863
22037
28453
10445
26349
9109
98333
30269
26675
76664
90229
40268
9638
53441
88310
58401
27031
89860
64574
61170
75977
48436
34414
24942
86184
94062
98051
23727
92175
78750
95007
49045
33706
51609
248
78100
20547
92300
55666
25075
36271
62571
17970
94298
54544
43064
72926
79844
16692
97177
29365
75430
13692
79319
33758
7427
87622
3510
24260
32286
11057
74605
38094
47924
81657
41184
6561
58029
53193
10209
37853
34731
34193
39498
24898
13405
30466
40116
70398
43120
21136
18207
7034
94997
49385
19577
35353
54387
17850
92821
90478
17036
68040
23380
14018
61665
24477
70045
12641
13360
36503
14896
26650
6483
59323
94633
41236
74193
54420
20353
76960
47506
33112
81140
11149
92850
67570
43096
98538
62079
5830
52173
40178
60372
19731
20817
66691
10813
25480
63233
88928
60420
27475
57037
6617
6239
91556
551
35673
54751
78340
61159
99966
97497
15860
42971
83923
86899
12230
21167
94095
81380
71506
50561
7529
84329
74718
66277
86751
38506
27942
30423
48713
91187
31424
16539
20030
76074
74523
4909
1293
67018
7423
43787
83738
44671
52206
42681
44512
76759
36893
79791
98582
4312
69137
7547
88914
76913
49508
22287
31521
25279
13800
97167
26809
47917
12445
8779
66072
99320
22940
7849
12376
7320
19874
27076
73956
27719
66822
62858
32122
32036
21765
9991
1612
48151
31840
44401
22049
23876
27625
43117
26566
52235
73388
76014
53218
10256
16977
35821
32225
43427
76608
45191
53818
29044
67414
91262
84437
42060
33591
61194
10090
86649
90165
99484
3513
3809
95554
78657
16076
68044
86729
42196
71694
79823
81283
60141
33932
43860
73858
63700
10741
31001
30633
88695
55427
76573
56172
72568
80737
40578
59963
79988
90285
66431
33027
39916
62070
73903
72500
49409
14702
38320
19744
64180
56697
34412
73497
73995
47760
7272
57329
40577
68202
69890
50452
79088
56016
1469
44056
26939
47636
22986
97920
75498
8081
6740
51910
5262
46796
41367
98071
60029
71359
24449
48998
72421
11257
66452
31997
21015
3076
82176
24807
73464
83248
19385
11786
20394
15978
53938
83899
60600
29846
45560
1772
91715
40399
44245
56099
49956
82502
68234
27199
6393
9201
97300
69218
43753
20892
78031
67831
89563
69472
23041
23863
65459
98178
24456
92249
88696
94954
31515
89284
92857
57467
37470
30183
25798
22676
57282
32021
67011
10353
82040
38513
34841
54977
18414
64262
85948
50167
68033
99502
37947
86106
94335
91128
6804
21696
36312
93537
15943
51995
67402
55002
50986
78950
34341
48925
71731
67116
43419
21076
63609
46009
820
79210
87431
84528
89022
10482
79763
60193
6301
38529
26920
32013
51336
6751
63131
46342
23378
4101
86363
63744
16078
15015
42950
27038
87526
55891
20635
69488
92531
18831
6747
46956
35892
91938
85285
15125
3696
22275
32674
25829
13773
55749
45694
28873
28081
18972
27613
27590
85794
25388
43738
39318
34712
99865
29931
85805
36259
60393
97001
33131
89847
10275
67662
87469
31781
79964
96120
59398
21465
48005
42645
1102
71427
60534
49971
60328
69320
14076
98956
68553
28277
93045
83694
67142
75093
67428
12244
36027
62006
99480
78866
43303
25274
99543
35982
3498
88087
58225
97091
48117
22851
68214
6124
37788
82742
42635
67891
74178
49893
69602
16485
22182
61436
28447
4853
96801
26580
519
12375
64352
67719
60093
97391
21985
69139
99342
75828
71883
24551
46473
72240
11094
16984
50839
45701
60062
86921
45906
84399
32458
99537
38065
86133
92404
82995
56684
81866
96826
94689
39180
76917
87568
45850
32739
80397
62758
70823
84138
68648
83400
66806
96007
49627
3420
97362
5390
5197
10597
82746
44791
9880
80674
16119
79917
64815
29654
73960
4987
38990
12455
17475
79002
77194
85370
69555
84672
65244
84245
70441
82943
89239
2783
77257
999
65651
3530
88438
82712
95041
77604
51486
71269
14079
49898
29300
96242
71448
65933
67923
50743
88797
65835
45147
56193
65925
87804
18812
64256
33865
12689
40145
20951
40156
99802
55551
7097
3416
15120
14265
61284
41215
91247
9945
61386
60968
46206
64922
27296
56069
73312
13223
99311
16321
19697
94145
23403
57635
21064
35073
77847
84717
24181
48847
82352
37458
30535
31112
14277
94346
22203
92826
56328
51667
6639
9528
97550
55889
83761
95224
19718
22881
91516
8187
60552
99466
40834
4629
20458
5657
32147
49461
82351
80046
36417
76566
17033
42400
27593
23927
30433
15093
50645
32949
33866
80486
56895
47643
9682
10169
96595
67514
73874
25840
15355
54966
93200
15994
88294
82885
96624
25905
10654
8620
62198
72741
10474
76281
15249
30072
92494
55149
28296
59834
64790
4625
72236
58567
74320
80065
42570
93191
94947
10289
9061
64633
75587
56511
64691
81451
83365
1038
54105
44707
27302
4528
4439
42025
70750
61124
70011
80613
32393
79609
17674
41445
39218
14040
61049
10729
82730
34633
41674
8229
40314
3433
30958
365
99558
97564
97154
53963
11590
33798
46706
91455
1043
83588
32531
60262
186
30210
87816
13196
10054
61957
60797
15337
92614
67615
25415
61546
95461
53961
98721
48732
59364
45876
4392
23869
73569
4074
42466
73185
63969
16048
69023
98595
32902
26218
40401
55629
81508
787
10543
52519
46817
28478
98174
78357
42635
15620
7750
31942
72149
35608
58501
57628
35076
97974
32091
55167
79195
8661
86692
96111
87744
14630
49226
94005
92933
62202
82434
66395
27213
69785
80037
94674
43418
46202
1915
30886
47701
26035
81234
57949
96323
10523
1036
28361
57547
11395
63518
34928
94127
85234
76434
72847
14094
14431
64774
32186
79251
4169
85423
80433
33185
41354
4729
2363
55570
63826
14210
88873
96059
1204
7465
53159
27427
28743
99788
77220
13593
20864
36457
81538
98683
47506
72268
41979
93350
7190
80580
28986
81427
69728
51634
43532
40611
801
24763
54968
5794
98672
72791
93720
97185
74645
38868
92922
77768
23274
45419
85350
14643
87554
18592
58387
67711
3885
81749
85678
69086
62750
9013
48379
83246
85223
7445
26330
49570
63933
12548
26626
3980
44819
71426
14921
48073
42736
84353
24038
8637
79345
64210
70076
61771
95229
14342
93873
51135
93247
75820
36726
19051
39084
85882
43044
89659
24412
10474
11961
67199
12538
43352
13835
10726
18792
81370
69824
16127
3671
10313
24974
19531
57711
77041
89741
98540
38936
86607
88016
70881
13572
75194
56322
88113
75821
7574
64895
58937
28382
25262
23661
32261
72392
56839
96099
35992
50374
59349
42978
13859
44518
77745
47464
82933
50845
17194
61340
62043
96140
44504
50722
37804
22458
41080
53626
37343
87030
25722
34904
11218
16474
10887
87745
78409
86652
92712
47139
872
80941
53749
48165
79587
43629
74156
26362
35826
27730
73388
37267
58627
46234
2852
62796
83877
74539
85856
9803
31311
3212
58755
48962
24652
24444
31760
97385
33630
89999
69055
96281
58132
70054
60468
81101
42391
96338
71135
94175
48301
14717
17800
9613
13641
88454
76277
64984
13622
48090
3868
3869
795
82909
15827
97659
22186
4787
23513
55142
11869
76771
92731
45826
58674
77107
79134
88572
85765
21750
20405
87539
3404
91681
61501
16594
85412
49141
35320
36197
48167
66776
83762
85540
86131
65185
95485
75223
54226
62808
58915
37604
72825
15992
82305
71530
21985
71973
50938
36533
9320
87704
79218
91871
27685
16329
465
9113
21408
99233
12247
73044
69466
87315
6975
45092
93008
7191
59694
93489
81622
3911
34345
22956
62834
82801
14713
87412
9375
89970
94608
13438
98202
98787
26877
60462
87557
91891
57854
69802
64720
86371
53814
54993
50561
85871
68137
85509
9016
37213
78521
14794
12278
57449
54911
5408
53358
56261
29036
44883
1615
13052
99737
31437
4625
98809
74841
70679
60438
46513
57535
1117
49336
89891
28768
95250
50096
79352
72395
76963
14663
29203
78395
72162
11449
79814
1159
40753
43875
21468
7103
31296
62854
12971
68187
51667
86633
22377
50367
51752
11029
97458
25071
62503
79678
77403
65457
22387
28680
59660
55311
74006
83865
52073
