4165
93190
74633
16506
35215
98835
84694
92566
73782
21740
4757
76764
98188
75393
82750
8399
21876
8239
33184
46434
76860
96857
39565
7751
41146
76554
63793
75778
7667
68218
46439
88636
39239
64537
56057
93879
482
23340
82992
99239
27437
95085
7092
92160
47800
29947
17888
88866
50760
83990
77588
11772
77408
73756
89156
7308
53625
66881
75359
58660
35042
8916
84898
5563
75300
16121
37525
33650
19336
88870
7916
98535
25246
33945
18996
81775
89764
47405
59950
11199
58666
74926
25017
23677
90630
34667
11227
65482
75381
48748
40254
33600
47981
24332
64196
18520
10186
1528
16860
31679
92422
84238
69530
61889
76073
79052
86525
43463
54759
7381
17543
6219
6931
64160
99993
60116
83898
61221
14933
40633
4894
72042
58268
70587
48615
74315
50554
914
69749
475
71588
88236
30544
28271
18777
74428
5396
63128
47603
11577
48141
67763
10723
68000
31204
34035
26669
83820
24338
4080
34622
48965
86594
76227
26784
20379
25969
98942
13273
1757
28497
85611
73714
54284
35792
29307
75675
78659
45383
25565
54720
20770
13617
3355
92491
37130
61319
90268
39382
14580
47645
66734
76575
65669
65853
22623
1641
54317
1487
98397
48458
6453
49854
45845
83080
62529
94049
56438
32208
1897
58359
48010
38436
98773
49359
13851
35347
83238
83735
89653
59060
35701
59559
98693
54111
61763
9036
8045
88430
13168
27666
21357
77172
46986
77106
48266
70916
67772
20275
29961
43081
4880
58060
37485
56220
99635
28297
77802
16309
52001
87275
18402
70582
11833
39337
12757
46893
51161
91733
21317
53493
86003
68008
19039
74230
37002
70838
91450
21667
1093
42935
67575
62962
53773
46572
54179
77640
22074
42472
54476
33465
31234
91736
36429
25892
9263
50775
65338
7648
64348
1373
19755
76038
98958
76468
57077
36872
39021
63254
19218
28796
36847
56134
15215
9066
19700
55439
16808
65261
85157
35116
24818
8688
37257
87851
22259
94267
31579
93146
64966
86227
5499
83801
57318
99719
23180
91536
64004
77305
89494
17307
38619
58819
23254
25679
96618
75099
76520
27363
6192
53824
33966
77
22491
29231
76554
11066
38781
11107
54208
62810
5292
45875
98287
32990
23296
53045
98816
15496
85885
28164
91435
39503
75766
67849
96497
65999
85434
11577
91233
47160
17747
4216
86954
11142
52261
5422
61310
28086
23165
12113
52755
52897
23096
26684
12014
92744
60531
90263
2383
43573
76282
61024
41477
78027
62388
94462
24310
54642
32734
10554
25632
27203
19873
7048
45062
1076
58921
87145
80729
17874
91735
70729
92330
73771
75408
38538
16407
49082
55834
3752
5467
95170
9194
47660
70877
56723
62738
8926
48753
57798
81112
6668
95352
12610
86481
25551
33023
16047
81621
10937
33823
73386
9534
84508
51838
5553
68693
67705
2618
23850
78055
75227
98807
28982
5087
30462
18009
72213
36170
88339
38338
49994
38391
22931
36761
85067
75377
79720
87289
49857
5514
359
67460
44896
69928
32081
85635
24685
95821
65324
88030
95032
6307
24903
79742
5884
7860
66369
7523
56019
7541
60809
79877
93282
72599
83828
34994
86603
47746
66771
30175
88972
80416
52761
18336
77696
7767
53911
59053
73005
44826
93324
76391
70846
308
43305
43687
13488
43188
30877
77206
9007
72197
31270
42315
44705
20482
74177
72296
86099
97086
99032
76938
29050
35148
99057
14616
53545
6566
2046
98117
53949
7316
34517
11193
14217
84417
9030
92973
29293
40141
21506
43415
16869
89564
21167
16775
49145
10445
73630
57214
33589
81614
72953
75918
45794
16385
47341
35698
1251
28689
90141
6921
41142
32760
23257
1691
37679
20076
28097
60287
11451
81203
43003
45958
75580
55617
60069
39486
13980
82281
65470
43099
32935
44831
64527
72334
34362
58598
65399
97832
37076
73331
91722
604
49999
14584
2272
84108
66306
19476
79096
29069
82348
13343
45762
52385
38610
26994
338
90177
56316
7854
21717
18969
63218
47041
73985
96310
68232
50922
67329
79080
54677
30265
23210
38120
89481
42399
95959
60995
53344
75960
73179
94504
3185
36401
60751
19592
99069
12142
33724
7367
58260
75222
41516
29221
51613
72753
37385
2957
40599
5962
15875
15384
52146
15
74391
52082
90132
7642
62904
96211
31034
39342
36832
80355
34675
27213
15783
26817
86289
54393
97241
56090
17198
59961
20820
79455
88749
93988
86506
16728
5013
93002
20396
47381
60084
57795
42357
3170
62010
8669
29459
91427
49238
37512
76332
18917
38389
61160
94546
24400
56969
10567
16667
86206
8721
59785
98186
92185
79194
94935
63333
96144
21135
46175
91197
38032
18946
89451
20270
76880
84855
12613
64807
77620
24933
5814
6851
79686
83628
1903
41066
27588
99441
62105
59759
94445
76335
34190
38660
299
59608
50172
23976
67074
45336
33315
70291
3062
46314
38300
99970
48937
40890
17666
39545
44355
45760
39046
61272
2906
52933
18499
8556
77290
53869
35744
96702
59030
86416
96751
61696
84755
50790
19971
17271
34682
88637
97732
32284
91618
35522
3789
33371
45327
1932
92128
86698
81775
22560
15403
48685
37289
72918
35753
47366
41108
41615
46685
13204
9591
36613
11261
16645
49562
76604
15214
98147
20919
395
4862
55718
48027
6762
69653
67383
49144
85128
63228
75357
61741
49046
14926
36469
71013
48066
24407
11837
15036
72604
76162
93067
41952
84528
22693
55005
24261
87143
83809
68723
86718
93980
65779
81379
17698
59685
657
30527
3264
68369
98221
55980
78386
71327
51463
60545
21686
74791
45632
1495
52197
3376
83110
48314
24233
11795
13765
63499
84068
14648
43122
62000
1319
94505
88639
67760
83266
33547
18770
11328
47409
93880
8573
46666
74383
20181
14680
70624
33064
62148
33319
49469
41511
82313
16526
83341
10870
17465
57146
5903
45919
37158
46458
88615
25247
36221
54661
83881
82687
83703
77278
88138
56021
34304
54086
58317
94803
36444
73931
4051
97114
43141
30434
21920
81329
93652
20489
19005
77979
5298
56890
65801
76400
12866
65408
10250
47421
19957
21418
38161
65520
30799
87937
49361
84869
45180
93448
7207
28226
58208
88537
74425
43534
53095
8788
2778
6723
24537
7286
31595
15731
35655
5901
77389
26812
11476
11738
43154
68895
43836
10895
74845
15025
35769
38531
66315
55203
81072
37050
36149
203
13282
90779
19770
16760
82464
22267
23305
4078
62630
3527
22884
12671
89823
22429
29864
24897
10547
22548
73393
33441
50294
38312
84390
47313
13692
59400
7765
14563
42472
47574
25650
87486
71137
31391
2449
44875
86130
60628
44348
89209
88433
39076
6264
40308
88010
62173
25202
13339
8666
41418
44655
58524
63657
2707
49909
74969
6389
72457
3068
23064
14502
8741
61605
15056
77876
35397
41534
58431
19980
84988
38767
49919
78200
84184
45008
11218
32047
44081
59302
51518
34198
94425
5896
1054
2918
67126
23829
68429
81482
27479
38486
13673
57559
21284
74706
79691
77470
91208
62432
52613
20639
66770
93359
23677
2651
94736
80324
79473
57698
38691
42922
62307
13154
51549
88865
20076
2844
60550
12137
10750
11568
73104
76949
92500
46502
25093
92359
56915
9477
65317
33747
40839
81649
6689
30879
67427
1066
82219
98403
8181
86802
44355
10731
42791
84557
76178
519
6010
32418
54630
76846
16920
79070
51682
41044
47534
89821
858
77175
77557
2376
23408
69995
92381
4943
2083
80658
6464
20670
21438
19009
20625
62146
3955
23947
67213
62373
34157
7942
70323
24574
86349
24497
54847
88471
16827
61768
29967
65645
83344
77605
207
5043
20846
5805
63394
74359
18350
37847
82474
95519
94054
85339
10980
35620
56220
54773
75114
27734
73831
85161
55663
92915
6851
52982
16027
98910
15148
3909
88116
40314
50691
40819
37326
43832
18802
15581
41300
98150
60553
92853
44023
96310
25468
74803
30520
1010
13517
19227
32250
62053
86654
2232
91813
98182
21941
7291
98192
67863
89778
64483
59211
14440
49730
42160
44828
53234
48012
67147
16818
40638
13473
76963
67180
80978
41138
59353
67447
32047
22462
15016
85393
95921
71659
26063
53660
48458
49005
39144
21890
11510
17389
73436
8372
96070
33641
29582
46579
83308
29975
77285
52997
46369
2409
91612
48579
9690
35052
10835
57043
62588
39844
66144
45401
74761
79089
63290
42780
23667
88500
96369
4229
8868
45256
5308
23249
40037
68591
71110
47336
11555
12774
84139
2072
45177
62018
39023
93512
80047
77483
43969
13406
38169
82100
59302
71665
51244
28034
33611
16980
70351
86801
22911
94808
33605
73055
44129
1113
97101
68362
8542
41098
63942
63499
45488
49813
55705
64072
224
12742
40065
69777
62733
46184
44530
82963
66059
26768
85953
33642
72005
12002
34979
54129
76984
24753
89862
89330
68466
72121
17889
37910
96411
11684
68940
2871
49464
74670
36611
9488
15959
87171
27810
20869
76914
574
24068
76727
50278
50642
6996
17360
15159
63458
96357
96540
6118
9812
86515
20734
59951
66374
95605
28103
94852
2155
73366
51049
77244
41659
33499
91388
90156
76464
17682
84833
84191
14110
77214
76410
685
13135
39052
17824
65124
529
22750
32952
15327
72399
96752
39651
88155
15877
49537
49585
91565
99707
26016
74759
27207
73019
99482
8618
17142
15607
27203
38694
45776
11523
12349
92007
32598
10105
20049
46815
27322
77781
62978
94323
79404
40414
35721
4844
44906
93848
3233
74279
26927
68097
93268
84483
88094
2455
49202
27666
13652
30433
681
49517
73325
84056
87176
3804
60050
4744
7052
78050
95827
2722
22263
13784
36729
31693
95354
86793
37297
94638
63712
23294
12373
52923
11767
77678
18255
27865
3913
30142
60902
92382
33162
96888
77099
13461
20997
95348
53237
31917
44794
40162
86795
25183
78452
24204
45834
79483
47754
56401
7101
62409
90369
19014
66721
77387
37143
20401
72289
9497
85548
32184
830
76910
17147
3445
69559
25374
36684
23268
10695
5
33555
5379
49843
23549
36499
87190
74471
87562
31844
38771
80111
47512
23041
98492
2013
14148
30166
99712
76317
596
23059
43739
46368
12609
39331
9884
8035
75006
54645
20459
42799
24486
45705
7095
28854
84989
69170
43171
40887
49953
45929
84726
77653
46777
52073
53318
53868
18655
1431
55410
95207
36971
46950
10099
76946
89815
59011
37234
84218
26614
79154
99465
32917
11384
95971
55625
1806
15946
69638
17024
44978
86995
58824
26364
54666
38332
66086
99591
60536
86012
56016
89380
73574
99234
25251
5828
77535
35606
30148
39038
25977
31936
58953
14273
70798
46464
51809
66268
50805
96448
51512
37922
49017
84407
10432
8212
78146
20586
55432
38613
23729
59419
76697
98205
70598
89774
25890
33682
86132
90143
78089
66199
85797
30599
91046
13042
28041
44551
55565
8201
86523
99818
48786
64088
34500
18093
40362
89167
88801
17039
27681
56949
80174
91535
15309
66558
55238
60748
43675
81024
20574
18126
80135
60661
18358
85313
52125
18417
93360
97390
80171
33594
65020
47231
52090
23910
10632
12608
63704
52505
49411
36722
44880
69093
62462
21139
86025
94261
15290
24487
57803
67292
876
74540
87626
68396
19682
88124
45729
49187
65967
21945
95806
91411
36867
94086
91929
32942
39445
91398
55925
42629
97043
91169
31613
83852
73246
11041
98199
97219
99287
57864
3127
68872
39586
12878
32718
90479
59604
83693
4228
22507
66879
14517
86537
27465
40915
53468
32225
68375
29210
53082
54816
23891
68561
15173
70248
9706
42927
3774
95150
8640
89925
48510
49899
8103
18818
26934
51824
23988
61368
1449
73338
55751
87170
33417
75750
82526
4632
4147
42936
19777
78815
29823
68008
46205
3048
79236
310
24413
42630
23011
47552
55829
88543
95587
32582
18368
64618
78434
8647
13981
1644
8237
7007
27760
79744
99064
36720
35144
39423
87722
5074
38779
60838
75372
29825
60101
80501
3693
5055
39581
26623
27411
81358
38356
53896
17508
67208
91583
835
57381
17907
26198
95499
28954
18133
70578
22816
40247
66461
3983
42515
65166
84989
54907
17937
8772
94991
13170
65762
72480
37867
60924
73379
69065
87358
74232
26878
68651
73864
62235
31856
45137
34308
82041
69815
78876
43279
31883
57239
59246
37285
40253
37232
1071
97066
61456
42421
26451
20418
45123
22517
54037
25821
28354
19513
56982
52818
26433
41596
43900
43700
54164
66383
4225
72127
97377
30857
2947
85092
39061
65493
63108
55931
6515
35195
97613
23692
72307
71999
25902
31811
427
48232
28740
39718
77818
19316
5954
62528
12832
26057
16845
90286
13339
15546
83120
73869
33006
28943
99689
30598
39473
41358
81357
79630
59408
98106
19305
93158
21899
33290
80511
54434
15694
12089
43272
5932
37643
64507
94309
78061
24903
40419
72260
13004
48647
72821
42591
90969
52074
23744
90686
43363
72310
95303
92337
59068
66875
49109
80309
79711
10
12795
40628
79542
45546
62410
74592
1250
72273
77188
36226
68499
34634
21627
5695
99054
69098
68352
30983
86587
55514
28336
41083
98155
42603
37147
82124
20390
19751
84204
39056
88534
84197
14597
78050
12107
99791
92717
67457
86236
98229
41341
18695
74886
87518
22187
8728
50682
89608
93283
89970
98522
18125
93722
24196
71674
71712
42472
36938
8398
80286
54201
81498
88069
38132
47691
84301
20037
43577
93587
99262
76380
894
44747
88357
14173
9640
66197
10637
20416
28418
31442
30781
26468
94234
40533
70408
90474
90400
6375
40395
57319
55779
59059
5950
44027
59843
30626
36754
39826
37885
88691
7104
96021
94020
13589
97627
73378
5364
10023
62034
5514
31834
16521
79980
48844
23419
55029
93834
97598
77282
93826
29637
37201
53192
41943
20601
41835
38797
44330
54330
79013
29443
70810
82531
39727
24337
34760
32447
80645
42906
97030
85109
80377
44341
34880
25484
39257
79079
57105
20607
4813
36791
39156
62543
44058
59054
69902
42828
52077
92987
55791
34581
61034
55692
83021
76071
61023
33990
40252
24506
88658
22581
13189
54691
80252
8716
49259
92860
18311
16458
81344
62756
81691
23722
49517
42221
90286
8267
38472
80673
54434
91932
80370
87657
87114
62448
24075
24684
61319
58809
64460
5267
38826
32599
31948
82231
23602
84464
82290
35341
9794
77042
24517
35618
11643
93035
52890
37311
6175
40799
85784
52756
95517
59579
70072
96726
42211
25531
67577
17804
84641
24575
31540
59501
51998
76076
23930
49091
91774
67285
18619
5822
25976
3131
70878
77392
67414
44751
76014
94078
9558
86764
18509
20520
73024
11703
9750
79246
62526
35221
40020
98070
16886
64486
50700
85219
45501
65015
83619
35566
69105
3798
45537
38889
22180
79961
26780
92385
88701
92680
29312
97459
49517
73498
8246
97877
6065
11020
86476
40294
66325
44683
86564
56552
27265
20549
88935
61490
52431
85658
31890
2398
61131
40448
24973
5759
41226
79619
98340
93062
84923
17364
90545
69846
5909
42560
48552
43387
56239
52822
79153
34480
78539
43325
69240
24422
17233
88984
11624
1630
91026
65290
39954
3042
60789
26914
36327
9069
48525
2487
56650
26446
12680
93413
55371
48961
54137
16718
50643
84704
71996
45547
5250
99608
6505
97410
23859
17806
71207
551
88525
52242
67995
96709
2036
19633
77410
87503
9057
78995
6233
39483
94862
53752
96172
52707
21800
85125
87953
20279
70284
515
38341
26919
29634
45478
60039
40346
96537
63379
3054
18520
37861
47973
13961
4407
58450
15970
91376
35738
71550
66634
7660
71648
78471
32512
50685
51497
3435
53797
75609
38734
29853
50927
30267
88010
13901
41076
67075
56558
59593
37064
90965
45678
75940
87712
1621
46888
39791
91764
94257
5830
93748
52215
48728
3649
92854
66692
48448
97121
94792
8541
36910
42739
87769
64320
88667
86934
17706
25950
90506
17374
48894
34818
76144
34486
75668
61982
95707
90758
30890
3796
11706
11670
59540
69779
44985
77638
2199
26617
95155
47208
92627
69954
61765
51051
153
48226
57909
11620
99045
14687
29181
13840
1257
76882
56935
58930
76070
14241
27980
30872
70985
57689
66230
90996
96835
25240
83199
17989
19334
11029
84734
91089
30795
43298
24746
78940
73052
25092
34333
27442
4073
84087
91713
16202
74614
97865
10412
82657
12844
86055
1567
87957
98636
64282
76223
34938
3723
70769
54215
74913
65026
39919
92285
88016
29953
38092
83045
57959
52135
77994
85877
50978
79908
538
26799
86897
65976
50027
16381
98970
14827
541
5145
33278
9461
96777
92453
66512
67075
89808
75217
2282
70876
59420
62416
64153
91802
3696
86249
36522
14819
52453
30522
34849
178
50589
8048
98098
37483
89325
68961
53695
54388
55245
60086
64485
34773
59006
78554
33175
45639
16533
90883
62327
2777
83594
80101
20488
38122
62645
95094
62280
63778
79858
84150
62373
70019
70296
33100
58872
88729
94355
29029
77750
20846
21521
47894
15631
99334
97931
29380
32796
25141
53074
90883
98286
61570
68194
32072
16583
70488
87560
59975
74837
94230
6681
89917
74529
71094
97712
94465
64477
25905
19682
44445
51284
87503
13133
41480
81256
35700
64469
21153
40191
33265
62298
37138
10703
88975
85863
803
1824
38224
16517
88383
1168
34379
54192
83519
14164
31603
73365
44536
1621
3465
64903
6890
5458
8628
39599
10783
48436
26713
50815
80883
6018
66406
19784
41571
31931
69543
79213
85553
85230
96909
92640
26253
9388
31298
43277
16904
33311
29614
27315
49652
62334
19933
19531
36725
68362
55408
31679
2074
49376
75080
52366
75111
87408
35633
82365
34761
14594
12620
51587
44621
52389
87811
59305
4712
10825
38649
97501
74159
65351
22694
77471
18822
99397
1163
18548
86084
46875
83058
73209
76523
37863
77139
36177
10150
44542
17529
38844
73754
48933
8515
2310
20691
78026
82694
97262
74523
60627
14819
25900
29712
57906
57519
36722
26682
97608
33544
75713
86244
17085
96280
87886
31535
39410
75064
6757
75250
51633
49155
60170
93295
99805
23747
25226
56836
20384
56780
40795
16703
3901
44024
25457
32055
57158
43497
18616
80344
40416
9495
12541
10998
41816
52600
56669
52652
20628
70774
81280
2962
75936
22011
22889
11471
54649
32605
29907
34159
32292
79886
6297
40828
92748
59009
82343
73060
70823
55830
74377
95913
56448
26413
34833
42138
36614
49171
51479
47205
67078
72574
36207
49609
75500
37833
40766
81889
21134
13985
77406
24553
13590
84457
48051
60530
3197
71712
18249
82806
70256
83608
81828
64797
96396
85367
46514
49522
87178
80751
74857
5477
81126
82702
67081
59717
43678
56688
65328
54914
18242
454
51925
56838
78424
49824
82323
71990
78362
74303
38940
64901
30922
68672
76948
83469
90746
71410
53212
90132
91319
91244
94711
40383
39127
71929
43427
30888
17376
88333
16852
46509
6384
63334
64564
69801
31682
24990
86373
46572
3044
74523
71160
12875
41810
9956
74554
12453
5753
83611
68971
72268
3475
75195
63595
26998
5743
11542
17710
6494
6397
51434
54614
90028
57450
92431
58516
67587
4108
7147
51786
65756
85036
6640
87088
16796
20083
81836
98572
29171
97374
30973
25135
33764
19362
44584
43033
31189
99739
37565
64057
20140
7279
79879
40175
51609
19908
81132
55424
49379
51439
6967
8345
98605
31824
3215
87231
96835
88106
46798
6915
23907
12969
88538
9119
75423
26299
20849
70666
12865
49397
27327
67848
66542
43089
31646
58476
5156
66465
35479
96887
38951
26411
49193
77731
90407
22627
26529
1939
16146
57352
46198
43083
52940
30650
40150
7170
18741
70759
64751
25309
99058
10465
42558
99981
24112
39118
41803
55516
178
44739
82075
30369
52626
49910
67964
97496
63776
10806
18712
52796
99770
18910
54519
55512
3198
84244
14907
35892
2939
24475
39735
34397
1713
10169
97829
28485
83852
49211
53619
51288
80824
71013
1760
71407
75277
15828
90456
3030
62685
42654
43394
7934
52046
11954
25539
80148
55946
87045
96783
39868
24211
5910
52576
75703
5004
47678
28656
42456
52081
39478
13643
14565
57187
67423
71972
28756
17149
83111
80235
87369
93787
11876
73206
60285
81080
31800
82350
89759
84630
17680
72538
96806
52428
13751
27076
74913
18436
26057
66403
27599
87172
47999
50948
23207
29010
28829
50746
84623
39982
96782
62999
72834
6810
9413
46080
12334
32704
92291
94622
73203
65327
38897
57826
34400
66940
16837
62136
43436
40347
97058
10320
91091
16708
52636
196
45788
60928
49999
31274
52251
81054
97727
49776
87847
54681
99704
89996
43014
67670
14742
42208
26144
31434
93200
62271
48275
90172
16547
56266
12173
66692
7310
44276
42924
86462
71907
56126
54174
9216
291
51406
82705
61017
42370
92149
67600
89120
69979
79719
67236
26841
19121
75765
25604
54849
84175
59657
23508
90364
51920
55615
44380
93732
19101
85559
73744
53451
6852
1384
82774
43577
35821
33797
67378
63335
59503
65127
89063
1051
94671
59155
20193
36828
89030
85332
47570
31544
18671
88074
2287
12249
32618
63810
57295
44675
7025
88973
41915
56811
18404
14149
82268
68594
96944
23658
91019
85323
8387
62269
95346
19047
70593
22456
95692
92765
35422
7552
4701
33769
37988
42200
34780
18777
99096
70524
10959
72011
76501
22703
56310
70530
23212
32251
82646
80522
76886
51598
39883
65372
94312
62246
23157
56401
92727
83240
41656
10161
68117
64530
9253
99473
84271
8146
18823
76204
79369
63490
69497
26420
12699
19008
8822
85684
5959
24815
95835
38341
39810
15170
15879
83823
67668
39329
39456
75741
19042
78378
26050
15856
28868
797
3894
11971
13449
56836
86258
15065
13428
6441
1152
13395
82101
13463
52672
75304
53424
37472
50442
67912
87405
3314
70350
52946
48650
25429
31804
44942
68689
43081
57161
990
37440
53641
97552
11901
15113
96850
72234
49122
38556
80769
24913
33369
14018
2483
1722
54205
86656
64152
22317
81569
27935
58138
28451
25553
30446
50948
63320
88019
25032
41316
46375
70346
49279
162
75955
28459
15911
40770
60190
56574
65238
1320
29355
6635
78401
36981
38928
46167
23707
77599
58285
4537
20764
75591
73055
79302
25190
71998
81455
64165
33529
84214
24089
97240
34393
54566
84089
13855
26527
73262
38294
45885
3961
65742
16331
26615
28782
21815
47151
93464
12019
17153
64312
47433
83031
41838
49582
73687
27106
96652
3269
43912
59315
96024
23045
81023
77230
32115
72241
23835
52892
25072
19639
50444
39304
12400
576
55021
59260
46439
50519
3375
24847
87990
52145
16376
19902
76656
14209
92555
4984
10401
86749
29874
69993
94382
86569
7936
42697
35307
49384
96667
49573
23316
40572
86947
97513
13867
8128
70630
41261
94560
14427
80667
46133
99894
19064
71325
43879
6668
61121
573
17905
79686
18851
42490
38323
89765
80451
44922
25830
92639
12324
23952
97054
53851
53801
1531
47417
65197
18863
6035
68527
43578
51294
10423
95974
6081
83741
70099
75317
15244
64057
36029
74186
48811
78761
69887
4465
98082
48624
7748
33415
63206
44800
48622
82236
90474
83612
92281
46092
17533
23907
78681
87805
55085
32045
74327
28391
8427
46516
32241
6023
10352
69604
10585
28582
76294
49766
48243
75089
83913
97065
49335
16573
11115
72619
5321
98777
2671
28186
5499
22469
91460
24006
57784
91336
85376
48223
19100
16765
4434
41495
96037
51565
16383
1724
23063
93602
34215
20039
5941
40708
35368
17191
62178
20467
74572
62108
76690
82466
26724
75550
25719
80240
41016
9771
14563
86345
11820
19249
43206
28071
30665
31477
70655
42418
1028
97769
189
9390
49556
11719
64562
82632
22245
64791
87100
74268
61827
37316
16763
23268
71533
36634
90041
28884
15775
15796
10549
6612
87161
36717
81782
14965
76833
77870
10042
3890
46536
19760
19439
76803
61918
67299
32909
15005
10987
43087
57995
76225
22670
40294
24518
74503
2485
19938
56538
94031
41436
41771
26642
85232
87220
93577
22229
12839
29937
49596
5798
44375
54748
83209
27732
42067
17877
39960
61349
4233
3724
75035
17896
72687
57800
34323
83941
46866
12198
7278
12480
56895
21331
16011
62454
4764
93117
34207
89582
68341
45070
20070
85068
61391
37289
13620
21476
39460
12562
82451
56626
62524
58588
52304
90306
66401
23875
53954
27431
52896
9635
75362
640
22658
37116
48902
23043
38737
20755
22967
48949
83669
50377
93008
59162
83654
89967
56505
35398
44180
12847
44480
34303
29747
50651
49955
98306
69026
25704
96052
80889
39162
6775
36686
58705
69707
19430
62409
24274
88386
90577
82739
18704
89594
33501
72957
12146
65580
93142
6651
76433
67370
18556
83251
40049
65155
41059
70892
72007
87160
50595
54016
13032
24703
42078
9786
76894
13691
34302
89454
64224
27557
32230
47012
53602
30107
25775
44709
96246
77694
37808
32726
75884
19053
19619
13518
20606
23524
96637
93549
28648
48537
90401
37114
37790
36561
69706
94001
47515
23715
96062
98455
31277
3687
42427
48875
35139
71544
29648
9941
39379
96349
74646
94313
49351
17869
78131
93979
5083
28560
89180
53369
17054
40753
60806
15686
37156
95116
9221
17041
60400
31774
97193
72530
81631
39353
1449
72197
76625
70743
78378
49062
93876
86695
54170
32298
73891
96087
87762
19920
58429
75727
88917
18955
34535
42693
81401
90524
42880
26740
11719
40023
62322
12606
49540
7605
99156
2115
12682
9998
16420
5934
17353
34340
50181
40117
59492
30358
86582
28508
41795
41068
7353
89300
58611
84673
42856
78237
37995
38937
57951
10924
29316
49884
59023
38355
86740
81269
37154
46565
33142
71776
83405
77763
3500
52495
58374
54576
68774
94417
83200
51042
3941
14372
84945
70651
32669
73021
53995
64867
64748
20918
64119
73745
52047
5495
76617
67468
75317
11826
53377
78223
93204
40016
95365
70019
57662
29590
85800
6115
26298
88279
9463
43578
55736
6909
6982
14943
64939
88371
5685
13719
27273
72287
81816
12223
7656
9660
25715
98005
75877
90905
79259
56948
41040
4977
57838
63924
19006
14926
12988
3079
87220
47879
38568
76469
11455
20541
18008
45138
98512
61674
2529
86945
6140
39657
50949
20916
58200
83142
62362
48002
3874
87794
30238
35392
9020
52514
2538
50759
49070
43057
95936
50012
75383
2606
26498
79394
33718
5347
768
87115
91651
80577
99493
14203
88376
92313
50807
1382
54028
36921
5724
35864
52564
64986
99204
99426
17641
3175
67448
58940
18002
67249
96067
55454
65737
52516
11562
3534
13159
71555
87198
52852
82373
75246
56350
23297
88301
16034
47016
16706
1707
1155
96731
12149
37333
60071
97448
10396
3401
27072
61752
30542
37899
41828
69112
24402
84510
44038
48465
35860
80751
47272
88223
82472
49722
52872
53490
77317
8635
75906
11125
1606
56159
50742
57232
16847
70518
83918
18121
5665
55068
1165
132
86087
9802
56656
14953
40545
6134
31947
38787
44262
67569
11155
35954
54434
12932
14258
62426
84460
6581
20131
1761
27495
15946
60145
74382
87156
84595
52265
53884
591
25917
42799
80792
79585
47139
2135
72670
93066
37919
12945
71182
76687
37119
66862
34037
45003
14787
2798
3914
56260
21491
33660
99084
34936
99404
72637
70140
49656
82274
27796
55950
53868
78063
38195
18344
24769
30363
56369
7294
10797
41587
69360
46540
93636
48948
25073
90375
49084
26107
29378
72368
81797
48351
97624
79100
92256
43715
45855
80181
74501
31995
23013
10792
10122
56994
17313
98624
98924
48518
9268
14640
58418
95503
93117
14672
52131
87120
5448
85988
74331
82262
21056
23548
52895
55427
74152
5517
80439
59095
26087
81054
84508
76187
32793
78801
18573
58568
36417
36641
31634
26448
91451
565
16839
14738
13950
86294
55233
82951
26968
5136
38266
59866
5850
92239
10939
99465
57896
54694
82841
11796
18185
39828
22430
28214
30131
82230
62710
14315
96099
93563
50702
68806
54354
47882
90811
20490
6709
38157
41477
87858
50284
97487
32126
20951
42787
24642
70337
40553
67862
19108
671
81722
53799
19838
8262
51622
78135
88625
84607
31719
23584
40918
86852
33405
54434
69460
5512
57967
1427
90448
92756
19739
13217
94983
61512
20698
7701
1479
85426
5489
11893
22156
46453
76990
92891
68979
15007
34515
39619
39188
42355
18083
53549
9757
64274
9365
10635
98721
66516
73326
19129
12370
39126
77413
26352
80931
68505
58816
58326
87564
43920
76655
3198
79118
19826
1428
94465
9861
40513
85454
54453
70996
18347
62239
48093
74672
66189
3459
30708
52146
10063
8980
34962
12099
86359
99522
83030
69039
50638
11959
474
56190
76189
52054
95267
65699
14885
74431
89931
62846
14900
773
58207
81062
18873
48133
94022
76886
29319
51679
14742
65045
28108
6180
77501
34940
41693
91098
92758
20303
18398
25425
59223
28554
84980
98262
94806
66292
66971
82394
59787
91757
13528
67861
37245
9289
50772
53900
93226
38225
5500
6143
39719
98958
97217
35428
28082
70009
74553
60327
24006
23786
81672
69627
44448
89474
41550
29653
96081
20611
53326
27730
9914
46925
91892
22984
51517
60246
68934
68212
84167
87792
97872
54533
14803
12254
85706
60264
31336
49552
70180
24797
91739
6644
58388
36000
10084
43900
23413
47770
67739
21119
57819
72615
84898
77769
96228
92794
7065
74232
83910
67835
1075
6341
76159
36213
25913
27139
54823
32194
3768
81285
98316
46529
50430
28529
35990
3270
88536
55891
12899
7617
36833
21163
472
63047
29973
25257
69634
37033
16026
92911
53198
57104
65641
2344
23721
85398
30485
22174
10086
82945
89076
91219
44001
86453
22803
11290
22184
56369
41779
92958
4257
51174
61332
76293
31002
79911
5868
13111
6240
656
57504
17789
16168
10857
28087
41212
80887
48086
4807
50592
72785
66361
45805
29954
18540
45614
77161
14019
40244
18683
3073
13265
95254
23067
88653
2024
95771
89348
71342
43810
79530
17373
15934
9430
25440
71286
75050
33144
58366
81591
30403
74098
51561
91186
20173
37895
5368
31378
57752
85387
2749
91848
72866
87557
97583
44239
22535
93100
22203
26062
45440
91538
76743
60997
71062
55411
50427
36374
4514
47254
70563
44017
55653
58653
88280
28975
61704
4067
2894
50758
96655
64393
31596
85954
41060
87681
44506
28377
11847
81200
48751
81950
10941
32303
36150
38864
97354
90563
20124
64761
87468
68993
26864
10498
14824
58732
36195
14213
99276
68608
82535
18467
90206
71445
29407
81047
59941
90789
19936
83380
10904
22049
24527
23313
98502
88612
33076
23349
22503
49415
31620
71140
83943
38132
63289
27661
37529
21098
71129
82328
51485
30293
29100
43239
98665
30284
91744
39496
2896
55102
78923
6564
70627
36743
53856
65418
44466
3550
11995
26211
25656
12845
91710
49861
36987
11394
34523
52073
8155
1745
43518
38843
19660
37608
31895
80611
92949
81288
24647
68218
96868
93580
20453
67400
70491
25056
513
47199
84275
97871
83195
33978
9102
44917
56672
38639
38583
79239
6251
87270
95760
39671
31340
1150
11584
40080
86904
33018
4848
73245
72469
63177
78902
43777
29343
32076
92391
24310
79369
11930
10881
87324
67797
10283
18549
9539
29740
74742
80935
93255
42028
13710
75036
37376
72457
57197
62239
19303
55815
30411
38152
67494
42351
11030
25402
20017
55075
65325
15574
24596
46247
14272
99869
94321
76389
8436
71873
21056
82600
2044
10339
12162
52082
11592
31216
58758
88140
41525
71319
72146
69836
73088
68494
48958
73778
43387
44973
56766
84881
98531
54464
64415
59167
56339
47007
27755
13840
80715
60987
64021
85323
41182
36702
53771
20071
25989
15411
30758
79813
66643
31877
13550
94005
43428
54759
73158
45778
50911
20542
33002
63463
15106
36174
84068
47580
45924
52994
95743
64584
3460
44918
7425
80538
7298
86822
28653
36386
14723
28886
47788
27975
14214
76952
18238
66654
40914
70409
15739
1579
73849
81977
62929
60172
27985
558
70217
5007
52633
6190
74146
72995
19668
66173
76353
21725
24451
33011
86707
56605
26105
36772
31054
22024
72753
5026
49248
38153
17936
17414
6666
75515
37254
94163
90735
21483
81988
47252
52552
6740
16605
23645
83753
8532
54739
74793
8307
48041
599
96513
42203
7902
83702
59134
75473
37076
50922
40905
87418
22958
51310
32063
87071
35219
99524
98631
35741
25504
75437
54869
39736
77198
80459
79966
40000
2460
53019
22522
67284
97960
96718
1206
37553
21423
75210
98764
91812
78119
18689
53658
70560
41082
59833
29593
55430
84541
36574
48533
9008
56108
39051
82803
72603
45730
56776
65004
27443
3735
19134
73013
84057
28400
73621
89458
26240
50103
94509
65648
60008
760
6818
57621
6815
21779
84308
98654
17364
50865
24536
55458
65885
4485
13513
11175
58908
13915
28603
91823
64646
10206
71321
88077
58985
45675
69601
42160
67461
70375
3353
5327
90032
70926
88525
8247
49290
81430
75987
50824
61421
58122
47639
76577
79199
63676
7128
79572
14886
62445
30549
12324
21499
2686
1001
49802
29439
18741
98636
61139
52177
42148
31192
46989
47511
19209
65426
94959
15959
5266
61885
77478
37927
77779
30402
6524
62566
94743
8877
95309
38547
90028
27273
5016
39826
91028
83827
87345
69925
38723
78808
30548
82793
14848
98646
19272
26929
650
29066
59989
98250
12169
63612
9620
559
53070
74397
43720
72284
94476
87235
34695
9863
3327
22592
62149
14874
26175
7162
56483
35381
78080
25033
77236
26457
31336
94684
23079
79132
11129
79594
61916
65677
48888
97058
26377
26416
17653
4456
86755
16631
40107
15061
75448
51487
44112
20685
79466
92255
36497
4397
754
93487
72583
24608
20169
87135
86375
83163
69222
58385
51317
64587
61155
14881
25319
69018
60975
6268
96214
35732
97221
21718
20407
39851
95274
63019
49585
25749
82344
10651
15218
30823
42635
6731
78840
68428
93094
24280
76889
39242
40040
34490
35234
28369
65313
75520
53906
60567
26167
75094
59709
73198
96041
764
7176
79035
73080
32731
29333
57150
37550
60626
818
58571
43167
20493
21951
54423
36040
56891
75924
36695
29378
56972
95692
62731
86484
92037
74537
19754
9112
89018
99581
7250
50941
42019
34782
41871
99555
99805
95348
60362
94946
19738
1691
79414
33671
76663
85201
44820
53568
99482
24526
69276
99169
23014
43819
39068
5071
44444
92550
81042
58194
9579
48037
48532
61044
93568
7629
1148
85710
80080
54868
36235
61543
15562
41749
9639
55280
16277
29060
9821
6835
29717
66185
9630
64491
30305
8081
27927
98199
95714
36799
55110
7254
14305
2168
85366
71701
53159
18370
40103
69033
84053
59109
73488
44613
88290
7733
83606
81265
34179
83788
88794
15384
82729
74206
28476
43394
38407
84040
30738
85487
79702
2948
89996
43280
99758
28980
47237
13394
56382
37938
2121
97907
88957
40787
22782
70607
92697
65016
76201
22572
24474
46661
64020
11925
48005
39725
24525
40098
73691
41972
33294
69118
87631
54615
89331
81105
69112
30207
44855
59310
60495
70212
24882
96241
81667
90886
26427
41941
51424
57869
50696
73390
7839
8166
61013
33040
38927
78071
95275
60033
4454
7139
39702
14410
4644
33002
10276
34341
51456
41677
1495
62490
20161
16891
62076
54261
21779
67779
30258
57118
13297
82584
88674
15822
91275
59903
61279
79464
93602
56290
42177
91041
34931
84822
54855
53356
30509
10471
91597
48665
80610
92086
90484
9747
56373
88205
53229
90948
46089
6751
11261
71148
47812
38157
46735
21870
18464
23880
23134
44740
71722
30811
40739
95165
99499
10453
27559
35339
62036
8720
23751
11307
76182
81593
76507
21211
92099
78927
59448
3069
6674
70331
33374
86850
45029
71028
43228
96773
38086
32984
34891
6629
87336
46856
76942
49799
51347
95319
10247
45919
60646
17889
28912
37369
83000
99953
94966
66219
61650
25524
29771
39537
64432
20065
38065
1391
97436
53888
50135
28471
67224
30785
97252
29051
73828
17122
23970
29325
4651
26708
69864
96780
68679
13528
42423
88784
41419
96005
3849
45076
76061
77009
35123
12562
3213
95354
42197
67271
8791
75550
52362
97458
45183
81776
78695
29861
20637
99860
63540
65878
75982
65641
61568
34941
55660
32990
70857
50903
77641
49280
59972
1431
50038
5059
52409
90215
95661
84690
25838
78474
74925
56699
20534
29100
74345
72405
51597
86903
34833
12562
68147
41558
32464
37971
69093
10420
15441
181
56902
70222
24496
91293
89629
59510
15578
50930
47419
40123
29366
88479
34199
35947
74022
85065
90952
19283
45107
32468
60596
83254
81393
83953
16070
65079
81133
18413
68966
12067
35966
41989
74773
95479
27787
55615
53977
83631
67069
61023
13521
23414
24986
11473
57537
46353
78362
32200
67536
47399
47018
49809
65312
82973
39585
73647
88828
40543
75223
24549
78377
97165
81964
35352
4156
87376
13705
38719
8159
18406
31087
7321
52213
84083
18946
37181
58268
69919
26416
69716
86717
48933
50876
21567
65048
86156
76676
91800
55894
54139
66786
13434
8408
42519
82646
16355
41450
89634
7317
70160
32647
39643
24040
49130
16311
39697
97595
81228
64026
2403
15379
18908
14127
5506
37832
29443
46289
60396
70303
17999
10700
21905
82825
54019
51619
17653
98913
9694
1437
2591
95731
68634
62602
56255
37068
47074
24892
1745
5256
25351
88561
95447
27774
53491
38760
47877
99307
2901
4687
53202
70066
81053
19330
89317
59460
10742
56818
70021
97511
98657
40784
87901
79791
61434
6672
46745
56306
57871
68438
90758
4551
44543
55140
44952
29438
15252
94130
29333
15259
3741
18346
96011
5007
48234
32525
14677
49303
73285
96795
26325
90256
54871
4234
6599
84566
659
15656
66339
46819
92014
91571
41435
34462
13928
48651
25522
25913
74377
59878
44208
16612
27484
54761
93769
80310
44772
82894
31556
28909
91994
97441
83020
61076
42112
502
49679
40308
48541
60385
28779
99595
27790
82514
23244
12169
76911
61548
91078
99583
7003
88763
74926
13406
52587
9713
62772
109
10465
26288
39794
17764
84099
37430
54824
94573
8550
80358
92350
13426
98971
85213
77372
13991
31099
44612
88821
44969
31517
81599
3399
83223
91816
31973
21906
3230
22515
69613
8489
32399
37730
49569
29843
22252
20591
11014
15496
90360
27690
28671
3618
96552
69198
77652
611
21789
11391
60934
82307
7974
20892
17802
68592
28865
22888
56570
25948
52125
15524
51594
72057
38937
71869
59951
75696
49402
55370
55119
93400
20084
29115
98460
17278
2846
77980
6846
14025
14163
31361
116
91839
61581
87306
514
11506
19927
80977
977
99363
64021
85065
63370
74836
76096
56613
64681
24683
9247
1956
51209
66419
56271
67533
62223
78859
22431
524
65746
50884
16041
42544
11784
20764
15407
59754
10476
51631
71354
48444
55768
68424
54392
55755
29378
35019
65745
23624
41182
46232
13299
82163
4778
12207
80152
33697
35567
94047
25082
21655
89075
19403
15230
50093
83321
21476
73280
42606
59428
16341
46137
13050
53328
60802
46187
82784
12026
515
38154
27204
13114
98806
59341
19513
37585
33878
37766
99576
40611
81709
24187
16428
26548
49699
59368
36365
53194
4298
72433
7902
61738
23138
64196
24841
94
248
28834
43975
66020
97367
21670
35052
55892
97878
8541
90268
60061
95716
12508
49443
83710
73703
1994
77718
92154
29708
86502
3629
1433
9821
29590
7728
28081
30252
65465
89975
34610
34500
19419
37336
5043
93790
33556
43243
60039
89134
60536
28669
41157
69099
76304
57477
91790
22990
24191
88034
21144
86477
32686
70386
13746
25205
42541
56198
67777
13942
6970
25640
32412
18565
55658
25560
76297
75171
44399
89919
40147
58750
17679
3019
69172
57833
62471
32334
33517
72113
15937
5091
6060
77431
68831
48132
1814
49033
23590
79838
51248
77357
75466
46097
82163
34895
96256
22592
13441
50743
81179
16618
78590
34271
47886
62393
68798
29666
1213
55912
62733
10207
22681
95664
98004
1879
19579
54981
49733
7525
23746
27264
51581
64561
38671
62790
83284
71582
20855
34276
61576
39879
18892
82773
90933
99319
26500
71788
29544
6438
79334
72147
47819
67677
17104
41040
54675
79802
48092
80284
15316
41275
72858
5915
26997
53914
65037
14029
95600
85096
79109
97216
8810
66936
94336
22854
91315
39908
4730
98685
75379
47790
25436
43295
28190
51599
79445
83903
47456
97630
8114
3482
23489
40571
18960
20301
67020
12976
55775
37018
34281
12471
76187
44448
27328
82118
63336
80883
73341
94250
49725
14767
75071
49407
4905
67525
15838
29562
77725
75398
74469
81133
66572
97970
76982
75627
73726
68239
47976
74034
55833
78338
84132
67712
64403
62907
71602
80988
15966
46072
88262
98561
10562
53205
47904
93346
28411
74082
35666
51434
4463
37457
35251
80377
62548
53148
45898
78217
67465
51701
8392
95097
32906
99307
38416
71387
30635
7358
85003
41997
95923
34850
13596
31653
87135
75907
70571
13367
50065
83636
47216
99644
32572
96542
69571
18376
43086
3755
5163
11255
17009
93385
13522
64264
37679
93165
65655
11255
14789
76517
62711
21052
89078
93669
55510
69612
23861
3598
93241
86640
82576
32531
28151
83829
4485
8747
62525
36364
29735
20040
28300
26879
2195
73747
24987
2538
21328
49331
93973
93969
10252
59315
98577
73548
20925
26164
10565
38902
41031
99958
94514
39487
10513
18522
28679
84478
65233
29693
59779
28931
30640
29290
81519
94748
48216
35831
18856
15331
68681
52972
48284
74530
9625
99272
76388
23260
33953
54603
62904
78321
98182
23622
95333
29776
25525
88812
16366
83673
45068
40509
37305
91635
89552
65041
63328
80962
77796
3829
25331
85093
7307
95233
70220
88058
51674
19983
29862
11241
42134
5418
50525
10629
66789
81457
30749
7018
33957
51742
69222
59404
19464
35182
70262
28172
15667
56648
84978
44584
35943
95426
45464
30123
29272
77810
71014
2948
53402
7274
78101
5541
58950
5125
41539
39650
89984
26675
24845
8094
34292
56310
47004
26054
34606
65927
65629
72124
24971
42047
72391
95025
35005
85278
75297
46708
59953
20401
81357
88978
10443
27800
53616
26683
73640
63680
453
14339
93643
30612
38188
88991
31803
76883
10292
79632
48421
19410
95517
63344
12181
98889
77977
11354
34882
83076
70536
73672
29827
94831
79696
69582
45318
35866
97651
6491
2694
20320
52413
70925
65473
51289
78481
94358
3859
83399
63222
58121
74985
95665
98286
40543
24883
18012
76797
11553
49822
42261
91800
90564
93144
26781
84512
98812
50916
68605
43673
95936
79232
3800
76938
28100
66996
24592
97871
60891
20408
83618
7495
51483
19853
12414
98686
34161
96544
39152
44699
27305
59069
86097
56669
60432
28520
61849
77781
38692
66776
79668
43442
35253
39725
67286
78889
71185
18727
70185
73547
291
20141
15906
91145
66203
34766
40317
70711
80729
28094
50350
2267
11763
23906
16367
36867
93134
47131
16505
99580
5147
46811
59178
94114
40739
40176
72241
11757
52566
33525
27501
15434
26359
65605
44407
7164
43162
94951
90465
25665
88202
91137
97051
10597
16426
77401
31679
11346
23357
30419
85754
24054
2221
70604
68400
53480
60962
21791
50406
26027
62525
28559
18144
47203
593
34916
75907
46158
79499
9203
93704
98183
56665
90839
11378
14009
49759
48580
77688
63337
8497
60895
88399
22146
47771
3446
13212
55755
97204
90927
46201
21371
44545
64438
63140
59643
72993
49848
10004
81509
1493
85520
31847
14154
36715
87570
67388
11381
59226
54390
3720
12382
44102
87068
17530
1630
40159
95997
99431
97146
21703
20152
48953
88572
63001
72332
53638
92227
27699
51734
41016
99911
38576
96178
61844
22976
29047
74245
85431
60200
36058
1830
96528
42813
87206
33819
77269
57476
46907
61510
19483
76995
50416
12857
59806
81341
36566
43275
51153
64383
33932
75161
83682
7491
13374
3809
73805
47923
25224
94553
72582
65914
10566
39231
61088
19872
23623
6139
1365
29181
95062
96161
45319
66189
32251
64020
49495
25718
36372
80503
86409
85772
23091
21048
26268
60896
18148
89037
29439
83396
60013
29346
32252
52353
88927
53568
66429
11184
51768
39933
57717
30427
41909
21971
69320
37770
29841
17493
75240
49353
54313
48086
11550
44720
8144
86809
42823
89517
12962
191
1724
34586
76700
17968
69167
65716
63909
92965
77261
78682
97591
38310
73950
96439
22786
55982
43862
1119
51728
88497
31055
654
13797
80085
29083
11926
17795
87531
44209
2118
10745
76911
98222
51576
38208
23130
53726
23940
52804
3603
73860
36875
40231
96557
51762
16003
74136
15111
21934
52162
42946
41703
37789
24464
69136
1069
20789
96615
88885
57240
47921
76378
48756
75143
67936
20680
40088
22373
58231
99655
2256
19921
48315
48124
14637
94179
60423
17239
28323
13079
37790
2684
65596
92047
59171
69042
39121
73757
82439
37138
2341
57110
35055
95563
55682
97482
88119
65088
28621
31081
75915
51763
56880
22279
49905
23024
93387
89665
9827
74957
40646
3549
68292
75806
19450
45237
10782
56708
15972
98894
81559
66330
39933
21092
97313
45145
84866
52752
92441
17154
6059
95334
88618
97241
37164
86027
45803
43316
42141
36146
75654
49455
63929
7482
96491
98791
88818
59249
76113
10445
86700
31411
49116
29726
49522
9584
11829
35787
24965
4760
38158
40635
97223
92672
68897
45312
14931
71050
38641
33423
99433
67465
14566
79826
23239
32103
2401
32451
24600
98522
56326
25617
76639
81996
30454
74648
46217
58891
47719
27580
74197
10016
18350
37380
97987
35018
52231
71256
38584
51179
83859
17768
20607
42689
11012
19234
16844
69290
6487
17418
7183
79378
11187
26443
48434
12540
63996
15227
62217
94249
99094
56040
23330
11061
59225
89417
49114
77186
81838
88220
79871
31144
93866
73421
14662
38557
5010
33949
70984
11219
57803
76927
52404
30300
20396
94819
98828
91907
88946
85447
71022
37004
9038
44335
52084
27819
94438
9545
83464
21595
70120
39658
87452
18266
37547
76038
85511
37765
11781
9877
7530
30047
44242
50998
36445
22166
3635
93029
90664
64405
90588
57207
88239
96391
17198
42866
22105
49530
21336
86842
44119
95464
50484
49389
41099
18145
89475
34137
92753
44358
9307
61063
80125
79069
77916
40974
92761
58040
7890
29917
24183
1408
18881
19059
31006
12913
51418
91060
1067
94680
53933
35981
16429
24939
65758
12066
79562
94853
9898
18299
32691
69498
275
46306
55097
29524
77081
9170
18474
76223
50105
64064
41640
91418
62658
42710
76583
31425
18382
28186
66727
98414
33069
98073
90424
73326
44633
55186
13311
65850
61412
97908
48142
89590
97226
54685
1132
72574
63961
1481
35831
42247
72585
24844
44575
89868
94341
25010
62280
23047
35482
48136
76471
81712
51572
34276
36428
2202
55881
81770
84891
21894
95859
52624
14811
52197
15922
52049
94192
7972
41577
4008
67463
16900
92354
24479
25828
8225
53497
556
78985
19622
92906
90263
30367
13275
21436
66429
38018
62949
18257
98929
16692
82190
16590
13936
46387
19961
10032
92378
73946
42291
30818
54307
81470
31474
80673
59570
89358
27092
8448
28202
48705
55325
2785
65268
28988
5596
22257
1536
30760
49493
14031
31242
89714
42647
87315
85273
309
78417
78091
5867
98193
61119
26609
36693
88804
38598
8793
98892
32602
61866
77070
10925
54501
90055
50224
61367
79405
51322
84948
40791
97703
8496
61618
24452
28260
99575
64592
38822
44158
95399
59260
10941
49000
2580
30008
87586
28715
66091
76463
90390
96803
23364
68934
68893
72422
3105
76741
99659
92423
25948
5867
48987
93469
37300
8163
89697
99500
2156
8433
89228
74005
69970
54734
37202
2605
66129
61924
51920
60046
62638
32651
13313
74858
94557
43987
74339
39561
92724
52030
25154
22834
64933
46399
18210
89532
10273
17471
11700
94417
40311
88085
26558
57658
87235
16385
26832
68630
31732
66288
6292
41181
24820
39612
29784
93296
92554
74129
98911
93312
33824
50135
6776
50126
83279
66393
9071
23571
36524
47669
92332
48657
50224
57503
19734
74552
6093
55655
87622
78172
17155
5709
7829
26436
45737
83972
98014
25320
16614
24913
96978
36143
18560
18387
60592
90176
81309
76432
74378
20841
7313
3261
32106
84062
73955
57635
90956
67316
19878
55231
87202
36898
86506
20739
76157
28115
42305
80340
4389
99306
68379
83751
6956
11610
50691
56188
30097
31837
96911
29558
93243
29661
81276
66781
70859
13894
73602
23767
52480
88102
93016
30698
5442
61382
37710
60079
49637
97820
42230
32477
47870
968
72043
75072
52462
23561
96304
20495
33370
17767
27537
59119
70404
90319
61988
57541
55621
19725
49880
62263
54512
18537
27859
16286
6290
37680
78309
45573
73899
90612
6551
32277
89607
64433
81687
92274
57618
6204
14318
47297
17589
53107
90397
34713
60564
33896
60293
15122
99394
80169
4457
29912
47940
79966
77965
29333
73108
55756
68782
14782
45252
50730
46596
42757
11215
95260
69512
5970
8632
69713
99923
49417
5406
2582
44673
1405
28140
93146
55722
72393
77386
63186
46178
93730
86154
76639
84336
9640
86468
52354
19165
1861
37422
99536
2045
66858
6510
47639
23497
65303
64384
54323
6489
29681
80245
55040
24505
45357
35292
76559
1192
79962
33
96388
37395
82065
4552
52866
56602
34576
10923
59871
19501
56278
50547
98061
11995
5870
537
77815
94894
80500
69649
90419
8008
23063
56696
16497
13484
31114
52134
38979
74347
9908
51161
39203
1828
41033
62140
19979
62306
53643
91036
88920
54379
4512
34821
50211
79134
82183
43045
18634
44819
57477
81665
20692
10312
9614
88379
14332
25369
88054
39382
25488
82442
71944
85524
9593
5117
11343
96233
70961
43730
80558
15509
41250
89463
80728
36039
3496
88242
6485
37362
31300
88069
33499
94159
16870
28243
30468
28891
92213
52653
47808
94610
74251
14261
65548
6478
82434
18988
25228
45094
67790
85950
72083
74904
64261
41968
40414
31228
29584
73575
84883
26089
18883
50691
8081
37418
48942
77785
68653
81349
74648
82452
4019
18307
95921
85948
41257
26988
23915
74249
53604
84507
63014
61391
69571
45349
15985
58594
29898
74902
87829
99239
99306
18638
67770
21718
75726
23559
6180
28129
57535
4649
50334
43878
70445
85338
81931
53775
78982
78312
710
13425
7313
55334
19970
375
63075
57492
81120
62731
21432
90347
47887
93751
93520
75408
83145
85380
50537
74203
10221
17697
20808
95785
16713
48955
34173
19135
90945
84233
63418
62210
79611
51585
74191
74403
91925
43972
98668
67394
58642
18233
42439
43448
6696
67187
56762
56583
50358
95036
2193
96550
3238
4779
68091
83013
92617
11528
38620
71015
66202
43939
66547
96886
99313
59222
10736
96302
19559
19116
83483
39172
86712
83142
15560
91988
75258
77359
89089
49526
92192
77589
68777
95908
82039
66867
58971
74832
83494
91178
81786
80397
5352
27653
1192
14702
51686
45552
44134
47473
56451
60460
37023
31241
11553
63020
9838
20096
89218
76102
7755
15257
22439
89094
78822
88612
75162
70638
14846
32446
251
35903
12808
28381
37330
3085
33820
59058
81949
857
40301
29705
33225
41615
93074
31732
40566
37535
84354
19019
57028
38875
85613
7391
83423
66528
57958
16257
48830
12579
39540
81048
30705
11688
47222
20548
47651
8642
93910
8468
29200
50779
38146
88361
35801
78049
82032
80823
96020
47089
48046
37627
86283
95827
75417
61375
50289
5417
44958
70802
45127
17562
10228
69369
61317
59253
98999
21536
94392
72525
84080
31924
43624
75886
89819
6248
729
97252
71589
5373
84496
77134
20237
1740
64533
1912
94764
34878
36270
85847
70258
42234
63684
23108
63341
11637
40551
68776
27043
76548
79049
60495
86431
23494
63009
16122
94002
10397
6008
69169
60645
53037
33827
39584
86305
67992
97324
8488
4836
59405
64489
64121
85265
8544
2267
41846
68240
20515
12545
78181
65697
31952
70209
95041
26323
24000
90702
96743
38731
48410
7909
84366
28870
67101
25201
17220
8406
24099
36803
95348
14313
32063
63940
67638
12058
14928
75229
77886
21226
21162
47882
73487
97852
27826
3472
28692
82828
38786
13260
62304
77289
581
69756
56425
51495
80122
35251
18164
83343
85046
33439
44140
83712
17196
63868
33634
68012
2570
82982
11395
48771
12816
75516
17568
528
34422
86514
1043
63628
96508
34392
69620
10839
74498
18058
13731
62306
7514
16142
31936
79676
57064
94543
36180
87723
3742
89774
80655
63957
69838
60679
80257
55804
1864
13533
64473
25064
52188
55896
17073
93608
34207
54535
86834
50654
63818
33300
9214
99138
50136
71327
60498
86428
51046
31718
91706
18272
39336
29844
96786
44647
5858
37085
93790
35828
54134
13816
8974
60964
53585
88667
10117
51617
99069
38327
45469
2529
7709
85525
23904
70441
80560
81517
13820
98510
181
93829
4757
70146
21827
46200
85728
22343
59110
72425
87750
97121
60745
51005
96519
50002
24326
48249
45552
61469
61210
8880
87358
12718
86249
89177
10563
53810
5940
26345
64086
24341
23265
95280
35647
60305
9058
38828
39137
7384
2938
87773
92507
26643
50577
48347
41783
56703
89006
73901
46114
32311
35964
52351
37299
91300
6470
92039
83896
32650
35636
31917
16403
32765
8339
63409
73856
65465
15358
36214
40944
85497
9112
38168
58530
73436
16373
60715
62141
37902
47393
53860
64804
32038
80230
31775
88376
70913
57980
44346
53834
17019
54932
6486
71747
71020
71370
59742
18304
87167
74490
76318
41345
52791
32957
60617
23198
97796
93820
63863
74927
45755
29897
45994
85256
81776
67113
84365
52534
76563
75032
2943
7485
71011
82380
23925
30565
2625
66420
87509
2066
56630
42411
74973
63411
71075
12514
12012
99080
19613
8576
90579
77093
94117
69418
8079
87122
8938
21229
89971
3907
87005
7207
41740
12135
71547
68833
70333
70411
9031
30051
20573
31375
6310
61796
18297
3343
54923
82582
14181
69261
55101
85284
32921
67986
84453
25849
13367
1593
74300
36803
21627
81395
76449
83602
15061
49422
670
62838
91864
2242
42181
41600
90048
89561
88003
59203
70782
32320
51121
4735
32198
26355
7048
20709
48806
1720
74286
73754
27682
45697
55465
68740
96111
72228
8424
39177
54926
22708
46735
68874
2673
92084
90717
11939
27080
13500
95235
43360
79983
25249
55066
81047
50471
69565
4604
95271
74347
55739
34796
13340
75136
26915
35156
46166
46777
73440
45489
17820
81137
48825
4277
48074
85585
82246
2061
40114
35638
95109
93629
35306
6485
30926
93771
2433
90631
74418
18268
26545
67624
13152
64829
99186
87911
33394
93737
75757
56927
44550
65162
53639
68010
77414
62222
31157
20971
6991
95461
68224
67503
64490
59633
79238
62110
99489
6855
44210
33144
32723
55535
72358
55171
18943
50196
67985
83996
5090
60162
52190
88509
26304
83186
91087
29947
39989
67295
29070
68703
62614
81461
83639
78956
50043
59042
3133
53519
85591
37076
88422
26539
49527
42612
24204
89014
92803
98468
49067
27218
94237
47161
15880
46828
43271
79715
41199
81303
68545
49291
22121
32194
77784
75506
70530
51262
71896
93402
5128
59900
47062
14466
98404
68014
71740
25651
38981
83691
58982
2073
37144
41521
18228
1851
74465
15452
65580
36810
35684
70328
17843
21830
84973
36300
14954
56227
48754
74020
72082
72942
17118
99400
93339
89166
80156
79771
48756
47866
75087
17619
40733
57507
22321
66472
12146
80600
13966
75933
1040
55077
85681
35086
57717
34799
42057
25232
29492
62103
53059
15513
76897
64961
11609
86040
84954
37743
48181
29062
21695
94694
66695
17714
61722
18065
29594
60336
99508
18500
24153
34354
42261
72820
72979
17004
87260
82032
41682
58539
47108
54924
50278
86653
94806
59574
40721
75772
45898
36281
81517
74403
32419
84904
54238
6346
88381
67967
73363
39652
5205
81721
25723
10991
37949
18705
73252
4076
91981
94604
98779
2922
96061
89641
81953
66771
44415
80042
22907
2148
77343
53821
14437
63227
36983
49750
1935
57357
18582
66633
28622
19293
8668
2029
53334
65387
29200
39287
48703
76100
86322
36645
83790
51293
37501
78595
78341
42777
2950
87467
61930
8339
45059
71215
62308
51384
67283
62496
74008
88199
16770
15895
85494
25348
65982
79486
94253
94031
36307
16565
37570
5128
31339
46807
15825
40698
70030
63143
25725
58388
71409
59157
54406
31115
4702
20283
74233
37453
39720
1949
98104
66704
65279
60503
59330
70427
51151
58442
85311
58015
84341
84309
6470
86385
49896
56802
76999
98252
55389
21610
81353
4139
36770
15620
16790
57613
61488
54378
20646
45699
5252
56800
54311
34357
18461
70865
39849
70835
87476
45398
89547
11588
77832
67710
74046
87099
52686
68020
81218
47899
43283
75981
82064
18110
20596
93964
29934
49658
43713
1716
8938
96772
37795
39611
52762
27541
29998
72113
67923
79030
16953
6163
10775
9990
32063
69764
26306
69059
41573
29690
4927
93468
73159
72747
2415
29271
74735
36200
13760
24497
40931
90190
27122
85759
36460
92774
73792
38221
14948
46505
57101
80572
96
2188
30945
37119
65205
72073
86047
50831
67657
60874
8085
14023
96789
15470
23613
65048
37196
23490
52805
93797
58353
43426
38099
26763
79041
25015
73530
39288
95971
88085
54111
95067
72589
24354
93371
70971
41801
65295
64066
2662
50153
62928
56840
80057
82104
13099
88970
20990
69161
8744
1024
91457
93700
63303
22218
56670
64088
4181
58078
40189
98543
46758
54859
79571
6762
13017
41433
72434
22099
52642
23246
71900
59424
50142
43644
95424
86586
58041
44659
65942
36045
52540
70127
87227
87060
62654
1367
9285
2136
36700
6882
37619
7217
23876
4119
3395
8069
77268
73294
69086
71665
16535
98891
16519
85497
29124
32032
43557
19659
26794
70083
6047
59522
92135
4144
46003
76630
67632
92510
44108
11650
32148
70298
85398
45759
85627
64682
35547
46023
40248
87355
9317
84747
75572
94277
19509
53648
53608
1730
57936
30621
57809
89625
75341
66617
835
78097
15082
19732
58115
26764
40437
84758
29186
57436
39517
46236
13492
70759
99870
64442
96485
97533
79410
39439
60765
21299
83950
97858
84634
92354
23022
65901
34574
13486
53840
42522
94957
18781
44924
7530
49600
15815
87907
13484
46918
24559
55560
18136
54759
73273
40156
82849
1860
93493
34136
60275
10215
35902
5851
79535
94146
17223
35098
65761
3742
74535
50184
15699
3595
96994
51279
94711
25834
92339
14841
80669
9626
65926
92521
36206
65738
65814
43098
11361
52198
40172
64041
41080
79350
93564
32307
59054
12930
65388
13383
32376
80716
22146
9741
72382
74375
39861
14540
57765
21993
45444
57014
9520
78651
53466
50649
44288
43381
69644
13796
28332
74125
23737
13563
63569
10494
9103
36349
10030
64687
92225
81781
60446
78956
82465
99952
87479
56185
20138
61830
25877
51273
85333
89367
6753
83158
54521
62428
25883
42915
88018
15673
43285
51591
85051
58251
56979
8582
46171
61888
65272
3511
4510
93077
29768
63662
96568
30563
96186
53513
63169
88103
23242
7814
87919
77058
88791
34369
6809
80411
55973
46674
10465
67115
76669
76551
38496
8854
93904
24213
42973
78896
10013
58250
96558
22365
46763
92256
59599
43090
86590
23957
66241
72369
79745
99915
92431
35471
63672
7992
69460
22610
1773
65760
5915
18597
93045
37394
16408
53216
25166
87713
36658
71973
10540
84272
78089
64992
11255
65553
30294
96535
74769
63718
93820
32015
80433
38096
87370
76753
84120
3025
45181
85912
54753
20362
77123
44253
52334
77961
29320
9368
75848
6383
17924
98876
87298
94268
61828
95472
21825
27438
24215
98119
77697
72924
47840
38054
71939
73899
38163
54949
50024
39654
69096
22140
42532
50746
17220
90177
7149
33836
12657
33293
36233
20926
20687
68386
45794
94944
44717
86164
76267
91897
54927
56681
78809
47061
8214
81828
72522
39068
72313
78435
39797
74370
59344
36193
37287
95783
56344
36551
77048
71650
88322
87989
14781
90922
61886
56771
52237
79454
92260
76995
29181
51999
78681
58126
84727
12414
43331
95470
42532
35392
17655
68080
61522
34222
93495
61862
61581
84493
31099
50010
38600
8166
9116
4616
3574
66937
41900
87887
85175
51442
29590
93068
46807
95318
49253
87798
95688
1217
51466
24872
52452
60873
94018
41655
53995
20242
26467
80559
97426
24
95189
67744
48355
42250
38394
21015
42882
74065
54552
17789
70514
55443
10295
91090
5801
24587
21272
66203
84969
5697
66173
60364
33027
6226
97558
77726
14147
67460
50621
83332
40470
61341
90461
85151
56252
61846
44712
4557
56924
28237
44916
21623
46665
33677
54358
97008
50577
2928
35854
29407
98969
60263
95589
91729
33850
34825
34716
42128
44692
60667
6868
75421
23443
71219
77318
9173
64982
25144
34838
43955
79874
16715
9279
56731
60780
44549
13699
99349
51867
549
27149
11219
31606
21213
84362
80207
65751
98731
51300
21426
27129
2584
59865
96256
21369
69495
98180
75445
56359
45185
32025
25433
68090
91898
49533
82254
50983
38858
30948
89301
21126
35367
90260
44142
33518
95648
43814
2229
86856
97110
43421
66251
73843
13411
16825
77290
56849
13023
35362
91285
46369
38253
42990
6682
68524
1715
43129
39708
71680
2108
29223
26892
67783
61999
300
91762
12323
15723
62737
25720
25680
95950
88589
59248
1763
65774
51589
54678
75072
72242
25404
37960
3496
39663
42931
82873
92376
83578
75617
31803
52519
4106
30549
84747
67886
16528
98468
11844
13110
25063
64967
41126
50285
9641
65604
50418
49663
83742
4918
2750
50125
88450
64635
99437
76703
91263
23396
28119
19067
17427
99385
28744
40105
30934
73201
21574
65401
3841
91361
85235
67306
39745
41567
50009
7275
84278
87674
93854
74058
92512
33209
8633
78660
72867
81677
64069
39471
31111
8044
76623
93132
70348
92776
95683
25677
36222
1020
19351
36440
44030
85017
45822
92381
19683
35443
10380
46882
14625
92162
92424
3589
29541
54061
26555
84217
90752
50084
67238
49256
9131
82103
34290
95797
14738
92102
96958
46968
45884
24331
71052
83258
68322
57414
30028
7494
87387
16252
58976
37423
71297
17187
24845
38948
15619
73033
63590
16287
66221
11466
34925
86138
33782
70094
27308
61927
50727
50025
77643
27580
38485
63412
998
90293
21110
9166
35266
72126
24033
19060
96830
74499
91107
29814
77959
91944
57257
95341
80177
41704
28512
80670
80746
34417
89406
84913
49476
98227
30106
68100
56767
37362
38608
31396
98938
7884
16188
34551
17837
6453
37766
91463
92254
47161
14636
60425
95031
3967
92135
35363
4669
55386
69847
35938
99068
57814
82666
66580
887
36197
59690
37038
42020
55932
62292
59467
35890
59711
30876
70074
75755
22705
77503
73724
3938
37048
88416
33584
19781
28981
89882
45508
6092
94743
63431
1381
67514
2670
32328
41123
25218
49608
33664
81640
46762
727
49443
36322
84868
55168
24534
35319
73091
22060
59607
81963
77882
96123
32000
62019
69397
49081
46799
71905
46314
14182
30946
47276
92500
60911
91953
33220
27383
89753
44856
26147
89041
95862
26961
3210
87605
52094
48715
64612
4446
54562
72417
84032
35135
81467
23498
71391
70669
70309
71725
76137
2809
61758
35326
32580
69781
2166
43821
23957
63215
91313
7936
83338
77204
33459
92922
82019
69161
28790
74413
17302
365
82186
67459
91751
41764
46913
12141
11033
37412
20561
62551
57074
18027
68718
23338
27282
60536
94381
33428
85438
8273
24758
1397
13132
46626
89078
6828
1676
88545
41479
2230
41879
95895
54422
75771
20622
94299
43574
90815
22867
90025
32788
86544
42653
28762
50862
65310
8485
10121
65639
21483
74779
95361
88974
9029
75607
80789
54326
45125
52686
40085
10464
22487
95933
18330
20671
61178
63605
92947
2716
32982
16962
3565
10560
95413
75485
38213
58743
84370
95764
23768
98342
91554
22905
19995
27450
46517
6920
45393
163
39833
39973
98449
38129
82782
79560
10300
90610
24323
8090
89683
1705
15537
7404
32657
4520
71214
84800
93561
33543
37393
22045
69955
49361
28917
41742
18910
99582
75937
90880
74154
54258
18211
92783
62883
93009
18513
65435
27778
15852
65185
47603
34420
76279
6081
22063
82805
84150
90248
15475
56236
61717
13358
11849
62770
17787
70017
49087
9212
41039
60650
10717
14672
33442
33936
35424
83493
22754
44521
39647
86007
5778
57021
77708
68358
89790
87625
93676
43279
6854
58937
34760
9334
60462
34643
12437
40899
6362
30013
45095
22992
69425
56223
86738
55202
54467
32930
977
42342
70656
38569
60051
39628
50600
29467
50458
4695
35649
43490
72980
30161
76341
5808
2357
82102
25890
1382
54209
98799
21499
94524
77130
92741
99426
16655
16582
49554
70283
22506
13891
56859
86648
51333
72623
68284
98886
95131
58734
30995
84185
7742
5249
62872
57032
14934
46650
63617
53866
4636
29311
53084
78720
2178
20843
76131
61438
67309
40202
33945
12884
903
34411
13143
29598
16121
43513
25007
33184
34072
83216
30758
42648
23214
14613
13757
89274
14258
35708
84491
70004
52965
95688
65646
93195
60806
78138
84469
30489
96491
6846
31576
54929
24788
18110
83282
73330
92106
33273
40911
71420
21643
30432
19793
21420
98552
10436
55506
87564
7086
86856
47180
31601
55710
63940
59919
5215
68765
19948
68792
37982
59043
94517
36693
27226
51639
75828
17859
5103
31331
40427
97168
80985
94796
13071
48361
22533
75894
44226
94642
50370
22631
96905
23403
9634
59666
99974
99219
60848
58191
78066
4565
72158
64481
2928
12377
27125
93738
92567
69780
22724
92576
50403
56233
66659
89688
66195
36804
42638
15579
37385
29320
24538
25305
18421
15351
62138
71114
27059
67560
51664
76608
57011
46911
53264
35862
25009
16504
91868
694
21236
28794
83327
74446
71917
57794
72228
40671
56744
19945
93471
63170
56580
45269
20806
48746
80026
46852
46059
87577
50238
56010
66679
25006
18115
46115
35564
3492
2968
30796
64678
49690
44936
41944
94343
8590
45993
50091
53387
60627
43123
21466
14369
7113
74089
88494
20027
11742
26104
4518
55835
78157
70445
4291
50455
65225
62115
58320
56331
25802
22229
68735
37702
25947
55267
43780
18234
14636
50926
12215
2752
29935
93464
85431
44453
28771
41641
59565
50917
29620
26087
23822
77387
98450
74961
86521
79245
40644
91489
29117
46474
87672
93760
27585
38398
74387
83763
88422
51846
30309
70259
5391
60815
13889
1765
25899
84692
85013
59837
21683
23583
2550
7403
26710
99715
98406
91348
39252
50985
68745
64534
77589
23146
21808
65740
15080
36175
65879
47033
70066
45007
53219
7719
20608
59360
20695
63006
63497
96684
49062
1828
94232
80807
69805
5534
43924
80269
67049
27869
39991
83038
44511
37436
83100
65774
92670
82245
39007
48148
86685
89724
18813
37980
89770
76675
70364
94830
86794
67349
79019
35399
27850
42568
1923
66917
70302
96782
53340
16274
21815
34810
69125
38009
7041
87028
496
15782
24618
54833
66690
38450
23999
15349
9999
59337
83015
56251
91036
93130
35169
49094
93474
99700
48849
4592
55187
1943
35512
16183
95472
95888
28904
22733
26332
51874
20598
80803
30939
2742
76178
54581
70211
31961
658
40569
11400
12501
32568
42585
83902
14050
5745
60210
81104
72721
41336
69425
89159
2449
31840
98553
80269
8435
59360
70802
9546
1265
89016
58124
38739
2211
25312
88294
16951
80587
78882
61513
99041
8280
93191
42686
69374
92927
32281
81422
90142
68693
41628
53611
10538
51173
91644
28490
70902
77625
74311
61776
72600
29856
31023
10134
23485
74443
3846
81690
88737
17450
43259
517
93839
79822
70384
80879
9257
89154
29179
87342
76154
77938
80659
40852
59637
35405
47586
87565
10566
96822
17392
39325
6275
17105
88913
69185
77256
83057
19201
94930
89080
50590
92685
72692
25433
41110
59771
30716
80788
10765
19232
81747
48445
86968
85622
94662
49196
90170
50496
88079
26857
16280
71123
91914
58
3933
94241
76734
90909
1199
3622
26200
69953
34248
98262
25563
85252
7967
15418
18526
75634
16870
6777
99801
77589
35644
90880
19306
31482
94251
19988
87085
32560
31121
68073
72799
79466
770
72633
21500
46868
83037
39806
79589
7142
93032
11794
14197
88706
60059
9409
41229
74751
31970
12445
9986
9503
71322
14325
64414
13053
74935
45251
96657
81210
16536
93639
38831
66175
25463
46096
84482
35333
93918
71658
92596
77063
27187
92659
84556
23849
76682
30600
71423
84842
78759
12334
590
18676
58086
63295
8144
86445
8219
8446
71933
37786
43149
98379
90606
99392
72963
48021
63242
13962
24926
5895
80832
60311
19848
32923
82316
78662
29768
40564
36370
44334
73827
11815
2450
4202
93049
20155
8088
62167
37951
98037
27113
85472
99724
54810
33914
28807
2053
85163
50886
28661
67357
57461
59915
72863
31501
40278
98827
25163
80978
29481
56677
67655
72075
27598
63958
31333
95928
86403
6343
52807
39933
1074
76010
26889
78782
95360
60587
65037
99008
53508
76609
44604
89678
7709
76977
16366
51900
29586
72701
52771
21328
82925
81189
8469
41359
59458
13396
72126
90852
2581
32878
15649
78820
98079
88727
66282
81450
33025
94081
36140
79691
33789
26154
27469
52872
12072
77977
64366
50621
47592
79432
66342
13702
53572
31479
57007
19885
67540
85529
19324
81964
88461
74185
96427
20629
60960
65783
91599
18981
10694
34915
18874
35505
36560
73080
87538
56771
53719
55597
29286
81480
49030
21504
43259
23148
66536
1946
25248
66599
31720
46396
13910
47496
74757
54176
91230
59604
29726
6840
91912
46289
86378
45384
39926
12677
60557
30837
77142
80491
43941
236
66166
11943
56242
37843
32933
66956
30925
73278
54093
59013
40535
24999
87261
64297
21005
71378
60747
82384
81850
27933
27044
46879
63685
82997
95102
3645
81578
30582
62590
35699
24804
44756
22658
31483
80230
1966
91253
36913
21242
24273
28678
56447
52746
32898
5754
61378
58122
75629
91671
89179
70089
94757
98641
16007
73191
19287
48257
73244
42741
29288
85378
342
10688
18393
34208
95778
2340
55777
84067
19038
80125
23834
61141
57576
99254
70596
94132
30786
77243
33723
45523
5948
38910
73411
65610
30046
46115
6651
58292
60942
53709
18008
94172
91954
38895
28336
45759
34353
98690
9975
59038
2345
91561
72633
9053
46255
33616
41065
16752
2594
25155
17471
96001
9017
83765
79429
61432
37276
52782
4161
49663
95689
97485
23124
65329
62116
29661
69187
18680
70918
24837
59778
32096
67267
74685
43177
14386
66277
64357
19355
96430
5049
89898
55697
35787
36237
22007
85154
8189
59466
66904
8483
81570
94528
60312
63348
4859
68437
7304
46937
16593
64428
22384
45834
77757
65376
85374
28733
34332
40587
65042
95154
72918
33427
7731
44613
5791
41788
87337
29091
40109
44506
60997
59213
4014
16354
78207
37568
6955
11336
38318
45949
58973
17420
2761
32001
82665
44064
77939
70410
50863
93273
50822
67602
94424
71749
35564
48143
86797
15698
57557
63070
81099
78212
6827
72086
3430
63170
41819
61403
87169
47806
21777
22995
2268
19092
36181
55497
30666
75729
61948
61727
63848
16927
78228
46836
93684
93395
64789
32264
80789
30064
50771
91257
53779
75247
64850
80760
10593
30674
28570
19494
2244
16536
83241
3056
71495
27826
65333
75332
35568
80067
17477
11067
53749
95829
99221
64172
99984
59991
78402
10035
98381
9554
80614
57104
97035
30520
69215
27021
54242
55420
44904
99991
47158
42454
59482
47312
33685
75171
75340
65857
28062
89457
96696
721
12587
39703
37507
57949
76025
677
80775
50602
52272
18535
21112
92689
35921
26136
6020
40974
58611
38312
21089
80147
35163
17485
63909
11295
36346
51909
30486
24812
84650
