95425
95605
4086
22089
55218
24359
41866
28012
69011
45463
84929
7678
73436
39882
63841
94420
81102
69015
75448
9497
70570
18456
12798
12612
2197
61441
51818
71186
44330
57958
59259
7143
65635
56699
34950
50686
70466
71960
56593
23795
47341
78624
49862
10553
70770
62641
42039
42646
23915
39323
80693
95190
36218
61217
8984
76969
82807
91473
19892
93777
72541
70679
83681
11053
86204
77786
42043
16736
4932
13154
23954
9142
12421
51652
62156
91945
68594
2244
41841
39555
19402
9172
47270
5007
77264
64068
70924
4418
47714
57980
67879
78992
52067
62816
51254
76661
94942
38809
24349
92984
20598
25302
37713
10761
15369
71551
82769
84565
99060
17038
8375
80562
49631
80336
74374
63369
23409
78674
33788
22135
6861
37624
69022
46951
45275
44961
57074
49605
398
85494
97003
29784
77895
48857
18957
94099
71458
36509
89637
5712
81299
86358
5357
30675
49604
87317
29360
71730
88441
87884
53252
16268
5020
2213
86122
82973
56280
90761
65486
70407
14477
33163
84166
13566
20035
78590
2666
773
61379
80275
91910
86899
89036
28075
40836
20503
32267
38346
97346
57958
15601
85343
61163
12513
32241
80734
24763
75681
62735
35983
37819
80696
71023
19229
91235
48135
2191
91790
10640
71014
84650
28586
10350
8166
95974
66352
27231
76945
61377
65619
50706
17933
93414
7528
54806
29133
71999
71653
81325
39300
53826
26985
38038
25396
42456
11214
15876
69807
36839
92700
18311
40476
27706
26332
73307
87014
74992
52997
16539
65889
53503
47818
14303
97116
85276
19885
87281
63495
64422
62102
76135
30538
10465
71339
17187
57664
90548
84954
65710
84760
50475
57424
40105
68677
47307
10229
90227
67082
34220
67792
54140
19001
55113
15436
85797
6007
12681
40921
40119
22570
23932
52381
5384
74737
16564
87772
30011
56366
9145
15643
96465
90038
87287
31779
15413
96079
7713
45626
49809
75047
29658
20199
29275
96629
7961
57134
75425
95029
85542
11179
44982
49627
44835
43139
60827
98094
52039
65367
52112
59535
80218
33860
57936
18576
71327
64102
31714
23333
23
89717
98294
67055
91112
65072
92912
3732
23106
8754
66776
59430
12346
34982
70824
97966
70660
46837
45202
44148
70951
17318
44039
42346
93513
90273
94828
95797
62262
10698
25302
43858
25419
52092
95006
95824
12885
77927
58515
79762
50227
57095
74987
43284
98590
92682
47188
45236
63036
59970
47916
24489
18899
87565
52381
82704
45678
55947
73541
838
70243
97114
41469
12408
83452
22918
34010
60254
39976
75000
85081
92733
88322
65440
93921
13856
42331
755
43756
831
43085
49592
32761
2292
62781
812
24958
37854
99710
12301
50146
56937
4386
57676
9519
53112
15625
62579
59832
75671
58671
86933
5260
88036
74889
55183
36167
53459
93644
38525
40373
44922
12191
72709
57753
20651
64353
39176
49626
82639
97960
96156
60544
27674
24853
28143
88346
30645
55920
40808
98230
79751
40923
68084
42159
56151
44332
44725
27403
7598
64645
71498
44209
61184
71928
5223
44746
31676
99923
88868
88758
76448
12953
77192
77711
62515
26389
77586
63182
46745
66836
5521
97539
52835
40294
60621
3999
44106
30549
1602
76318
19627
11773
42027
17994
26461
51946
99359
55745
19630
83396
56670
30722
67052
52050
21782
66798
63730
90373
79644
29761
66746
81543
80657
40762
59124
73959
91373
20890
11307
1224
640
1126
98320
12549
69130
64675
70925
59198
51249
10568
27029
21840
43552
63349
10165
74798
30486
785
18512
93823
40268
53733
50905
71840
9572
38084
31115
1265
58869
52502
60573
78469
44438
18405
82756
55544
32402
54503
82919
57106
95872
4532
39123
69076
2732
44905
37991
17308
30596
84325
43472
90588
2377
17483
60956
46907
50220
26479
2976
31046
33560
69659
328
98747
49995
48560
77402
25146
80592
54621
42396
75982
17866
61405
97950
35735
14609
81829
69108
64667
93
13806
70668
74544
9029
69985
76091
26954
57449
35848
5323
5922
51527
51873
23546
26212
4204
40376
19081
54172
67502
12844
36716
75975
41928
67490
72721
40971
19533
25220
32298
68391
57371
38308
30952
19753
98991
25784
89717
80009
72468
50448
67697
44744
49297
36474
24455
65993
37859
71737
31531
74232
62747
14936
97164
87249
77090
94693
32615
41539
97263
35119
7421
32228
3550
36932
48550
13218
20920
3793
27221
78420
50659
39071
81703
17054
45147
91971
26678
5454
43034
6728
3112
47795
93688
58065
5643
42435
41144
43703
42663
4298
93168
48177
82745
37348
43027
35468
41193
12365
87923
11237
45072
34066
44516
53111
23573
23676
33232
80110
42101
85118
68014
27160
98505
90535
32007
59626
38540
45485
31288
6115
72074
77217
61130
22923
85251
2481
56325
44355
74027
9679
50778
14313
17531
31797
61655
69046
3279
40577
34492
81967
9203
61033
1601
57544
36283
66007
49672
92210
5341
83400
96928
95708
81076
81808
39162
67855
72936
21592
67860
21091
67350
88877
6083
32422
34340
53701
9629
66708
28880
62960
56347
97962
10992
49320
96912
11040
75615
3585
86640
19243
52808
64115
39013
90626
12750
55070
33236
35723
92634
93799
96110
81686
72717
13400
14616
20326
54950
69179
23204
82582
56377
82964
63329
42380
27053
98965
84715
31755
84895
28122
92240
69350
34952
48616
68283
3235
49863
15456
19671
79269
20464
73906
74074
35081
66850
74660
25245
97592
34704
76586
56089
6436
80381
4057
62866
69844
785
96633
63572
13785
70354
1480
50827
64511
1558
26759
46733
24101
45117
11381
70462
39494
49507
43934
62117
82471
8890
28248
75530
52393
73719
87122
97051
8309
72032
85804
88969
30894
85750
98438
2449
53230
51884
5886
8914
18984
23078
9562
33522
40091
27927
1144
52475
23322
6123
16595
56928
36446
41940
80394
60953
72537
21102
11179
40065
83232
4428
42518
92479
15754
37790
15838
38351
46678
8932
17232
87609
43621
35019
43133
59392
99328
94725
35439
24465
72575
34647
73729
2185
55436
28875
52522
88954
5355
37484
29911
32127
40705
65820
25682
14555
80560
17082
17768
2301
12088
62793
5796
14390
88891
28986
13307
1427
98807
21002
61625
77812
85663
86713
67489
48584
30699
40332
37043
86878
85267
26884
32995
9193
79020
85105
46904
77800
9336
28578
78831
82245
76956
33137
12377
9782
28850
59339
13294
26450
15567
51095
90146
84353
75859
52098
46463
53991
98330
77098
83855
40228
80039
30889
17033
85204
29797
96603
35369
3786
82081
35507
92090
70229
42170
79380
855
52525
74336
57707
19733
71360
27038
10592
71311
34171
36737
48642
33334
26922
38641
92912
79469
32238
44722
38603
2205
46067
16104
27172
79984
32247
23969
9508
44368
80060
59005
19917
42183
96478
51242
93937
79655
40623
57364
12494
13189
69446
59578
82862
48467
81155
63268
8446
65144
89168
56037
59852
25506
3566
77174
54788
36421
47163
77722
87486
47390
17529
66224
91250
75166
16819
6459
36855
75679
44703
13257
38845
74873
32228
25414
32758
86489
33241
78705
98829
68978
15522
44363
55200
24023
99152
94411
38616
19304
96454
57515
32491
62900
69877
65103
95659
3222
68328
7696
31647
74695
26413
32767
20441
75911
17191
84978
93278
78152
44415
68299
3180
68458
78892
18508
31868
73166
11024
67227
76013
22408
67842
17551
79225
87187
80765
75944
4996
67124
29754
29536
18160
25545
47057
24133
42564
82755
23922
79289
6831
14174
1133
60464
74888
28154
54335
64033
84007
51369
33235
22493
92198
1100
31682
9239
6853
8862
53541
33253
95145
41246
79982
26153
48397
14879
50138
77634
21400
54759
75943
49112
49244
31735
60395
61838
21275
7377
42662
51070
32851
16732
91937
53626
33889
7260
37338
17060
93862
37818
17280
33702
29213
90668
84143
65584
34192
74979
12066
60009
78016
76701
42632
29248
75425
84123
73248
60463
40704
69843
87963
99476
66199
2471
401
78412
49309
26355
92264
41136
77540
33078
83771
83582
37479
42240
19898
58575
47591
94811
27646
46295
95310
82653
73054
56150
74100
62688
78201
49765
34011
76874
76355
24019
49855
17803
67503
26742
90266
5731
16274
7836
82715
70929
82468
44938
92929
59050
91769
33185
64224
14673
12871
45893
42196
41667
4165
83546
29417
44251
4311
86621
48154
42498
7124
666
56723
59752
33727
19675
74736
93156
68308
41859
78536
19810
63580
24380
184
28115
63221
15050
70919
45015
85541
19338
64002
30461
81822
8187
13638
83957
97325
46015
1419
29653
59682
40216
63805
81802
88215
33176
25322
72093
58448
71068
46364
71011
67356
22386
78087
79785
83361
1301
81030
89261
15702
3138
56957
87786
36663
26261
77930
25539
6037
90779
95831
22292
40440
48883
60127
23364
60575
18381
39900
30044
89727
98825
86567
14473
72974
92990
63105
59435
30100
33853
595
96023
64985
12157
13951
56543
83259
76018
45139
61953
55246
99783
66056
67668
75237
24071
30571
18472
62258
54722
19209
64979
61400
50985
99534
16877
16571
42484
14812
43672
63155
18494
95439
72184
90184
99807
57307
28282
34932
3583
40104
84556
73242
77946
74797
89944
32768
18899
39235
48902
62419
44632
97177
75377
14643
35615
34623
13999
12623
97073
39972
40775
61206
1467
98798
36752
4343
93872
77483
75430
66764
2288
83540
58674
14618
34652
91737
83453
76188
9589
84108
97671
3248
65909
81252
18523
21317
20062
57540
54569
65184
43307
15659
37858
63611
99328
23349
71775
79148
38045
85601
38896
41415
63805
82138
60131
61091
38502
60758
79990
43877
51169
37811
3034
12965
42300
37527
95297
20214
80274
15435
84280
36331
22914
10245
23457
86629
45682
95063
15290
11302
19961
4305
38143
23988
45212
56256
39442
83771
21121
57431
82814
59303
77549
10691
14014
5495
12624
24893
21310
61801
28052
51561
98873
22609
1320
2564
18500
53559
58680
73501
15409
43439
45468
68687
23916
46864
99668
79045
67753
86044
98084
11525
99092
22843
32620
24976
58781
12222
96231
17961
74004
20789
73753
53488
83249
68400
5431
15533
22668
42647
37755
85883
25090
47620
42021
39375
13835
8861
86775
67150
5826
33579
57139
35266
63716
16527
52468
76030
89988
76343
43782
6277
57328
40719
99497
94620
69685
91979
85437
55515
41433
84135
56377
25105
48288
12201
86435
51472
80821
93245
11141
49920
25447
29081
12134
40425
63649
38487
89772
66722
15932
29401
25544
46324
98865
31478
28554
84371
48122
47400
69689
21855
23423
31259
25716
21691
77201
32034
86977
51515
30092
995
95208
96743
65201
93862
80830
28246
28584
59072
30971
31198
2207
18715
39582
12031
58591
10052
26240
16810
83646
2064
3349
33421
23556
89286
26496
94187
3364
90443
63223
31614
51509
38256
36630
14937
34193
28800
81123
5002
50647
308
55786
89050
16429
38490
19647
4708
91677
13685
63099
67148
5794
70167
67868
28028
97645
61787
73187
75915
67366
86642
24882
38141
95848
99356
79689
63950
82084
24645
77838
29790
28929
21237
66162
83338
46277
14299
16991
85065
69638
21787
2510
89679
27343
96074
25820
81341
70388
8602
17291
72405
55613
5207
37636
64005
75425
17645
93202
17072
58801
55696
22624
67031
35846
33309
38219
84556
4005
84529
81750
83346
44795
88122
6276
45578
84131
35203
10797
99774
73536
98348
93562
73481
7353
5432
74177
23722
83600
2157
7913
28631
21096
99919
26263
13942
99163
35478
53832
94034
57855
41263
77336
85859
26851
33945
27610
67491
98931
92058
79873
40222
6847
93428
43536
60453
62134
49142
59677
30413
59131
14497
955
1848
76616
53118
62249
44875
61858
92334
46414
48652
81370
16763
41918
32272
21011
7702
46629
73408
77822
6686
24791
91542
22283
67690
21784
27668
56383
65810
51807
50021
75801
23419
34902
43358
40307
75487
9243
73733
71695
82734
5632
6596
45643
31220
58852
90084
51509
11263
39441
54431
2512
86269
52591
52445
89706
9413
79564
8925
31334
34581
88492
96047
40527
96393
72851
57950
81860
98560
91964
45524
98459
72896
1712
95087
1053
18194
45899
91062
8837
31699
76159
45119
26369
97375
47509
89531
70828
82456
53652
30894
95922
317
42398
37114
94242
9584
66069
49249
58368
901
8223
52948
19298
93916
55972
29615
84557
57504
51392
71511
63513
88501
87
99635
58421
43372
69678
43151
48883
83320
87122
99404
44908
61070
49601
98142
30497
64597
844
91468
52125
96650
32694
7935
23475
23210
25821
32452
41403
17893
4973
13323
31064
82140
67381
7420
229
42763
78692
50869
39906
22917
365
75047
13779
8819
8040
58228
44315
57829
99117
19960
56659
59924
19386
66863
55807
92152
76159
35211
17551
37226
1747
30989
78346
73798
68340
62767
93689
42180
97912
87734
85904
49975
51562
29207
96284
57646
94156
14655
15169
67592
88136
83573
18776
85013
56664
71140
62754
517
51613
8077
66603
43481
33317
2679
21169
69375
96701
39980
40479
45272
64539
2134
59916
11383
34055
6684
8362
90178
70579
98161
97995
61503
20041
49959
49089
18174
12213
93333
17134
97199
13
93171
90567
89835
21130
42423
16657
48882
8037
26908
60945
54175
74176
69897
3053
86002
23656
7393
50957
49979
62778
72575
29938
53452
10081
5099
23439
83358
53590
2995
57162
3367
22845
43279
45259
71367
11567
70081
90252
91632
90027
59479
82141
43670
37216
43819
87327
50144
46905
63087
94517
4820
42375
67154
34421
27437
63232
37115
79754
16030
18983
33298
95292
5041
69746
57577
31329
30896
24638
31685
74434
53575
17140
59325
59952
3298
90434
86268
16235
66261
17772
73294
36453
90502
8478
52341
60992
55691
8857
17821
8135
74451
90326
74222
72648
56728
64187
77099
73924
79638
12489
56430
25506
15219
88652
40942
87679
83049
7201
31123
37002
76964
20879
13492
98258
45689
96845
4789
96563
17404
96584
75638
22039
6816
23550
99982
63248
42918
86676
3224
39110
13335
12344
36597
53772
61341
47788
21233
1849
67535
64662
77942
48489
77733
80818
31170
53572
76834
75963
26959
59883
59398
80535
56519
83053
36851
34391
18689
91669
88669
77693
44761
96373
3977
92013
23666
64620
84282
59720
36916
97900
75611
2939
29027
52742
18642
27148
44305
25997
92379
46410
86414
66954
59717
43340
79712
32800
55824
53543
16920
26950
29098
29564
13179
89842
19900
81569
44512
85720
57152
66550
69290
17114
39047
29058
84272
56458
51507
3777
64411
9702
90086
92691
99289
42259
91279
77806
36656
60636
12301
90866
8795
30738
42799
9965
68801
46046
89760
39185
32841
37073
82636
58584
68845
25828
77120
69300
27906
30658
59068
23253
81293
52046
89132
7218
36864
36407
30274
70920
98563
42094
44913
83875
73419
66285
57755
38551
74314
29081
60256
38225
66698
12321
70936
27338
27065
31501
23846
73460
65139
21979
49899
5997
1568
89047
9572
56749
41606
35581
73101
32394
15771
18839
40622
90747
92159
98761
85165
2559
68073
38568
94985
98824
70401
20843
56555
68971
81110
61793
80152
5362
12560
56814
5781
76584
92194
38915
82306
84371
56712
1005
96945
38733
55980
27862
22453
47858
71699
80188
35178
28304
46336
21286
5387
26570
26993
51074
35596
80725
32492
40601
75638
79812
55428
67738
19833
58957
13058
64037
98553
53244
16454
793
45847
67067
41623
56252
42844
42539
98390
8696
97271
921
26615
51847
59026
91274
51427
79210
49590
41119
3318
1581
51878
16111
25366
17132
83304
88242
8028
63495
34799
7662
81635
81933
11849
45542
75439
38319
84947
70741
8230
93057
82335
23795
43329
74717
53197
3580
8711
28559
7530
33848
14446
57434
49926
14873
48914
29735
41701
24491
72947
54602
34510
34894
73896
89609
19285
44681
39997
13484
15835
13108
94262
78849
32888
10260
19246
28082
72781
50649
63934
79723
79530
79469
55964
951
93215
24201
32007
96976
96627
45703
96617
60456
97794
53628
58546
47440
49899
53720
55431
8516
63583
95227
12723
94422
39585
35597
24545
39665
95627
20831
56953
91051
60556
93223
75071
55041
78929
72945
96394
95084
12674
43021
16857
70132
16490
33806
81055
79259
51714
71805
78183
19061
95217
55418
16140
84303
66745
61542
61365
57617
99655
92341
1349
75795
88749
5566
99900
4570
78557
3504
68510
76953
57325
60346
95841
20562
78370
42591
77932
5778
54542
45286
87951
23821
42647
37892
95833
5137
77082
90767
88295
17387
11579
38776
95428
20332
41671
41061
81382
10923
33906
76484
702
48209
3294
1230
61735
34870
59576
95578
5933
24154
83610
55587
3075
54369
4390
77527
33147
50857
9732
94762
27487
87789
15209
51123
65373
18549
64918
75508
78890
37308
61208
67008
71872
78058
44583
39742
20526
41417
76156
60962
45560
81504
84834
64140
33777
55992
35701
41059
15942
64144
7914
30525
1191
39144
48996
12913
32999
52171
35856
43186
69952
84068
16688
68624
62946
16601
83714
25016
9786
64647
57000
91730
74700
48769
49201
45983
2954
51068
17345
9381
82848
23858
59566
14746
29394
30683
65816
32727
29061
31670
6742
68355
5560
32970
91009
61492
64816
16209
1194
17175
72277
10684
31273
51294
7143
16183
55824
52422
89942
3013
9958
81931
34826
26475
60337
46094
24501
1941
39230
32262
50785
50986
95955
78115
57905
88645
86169
41729
57759
87708
81166
86745
49873
170
37103
72163
92585
8271
7602
13210
74858
13394
42785
26048
21712
24810
33529
79084
72632
44915
36990
62874
76979
68932
66390
21290
14729
53157
93389
18497
30014
14094
94662
2233
21846
23212
32057
34655
89372
88173
53508
16230
94339
26019
57403
37390
8201
69906
56403
33094
55116
7084
69096
12843
50717
18292
9765
80941
33780
15812
57434
39427
14882
89105
83196
60764
18732
40551
4202
98499
92752
98873
89712
84459
91407
20760
68535
50959
11528
28999
13089
44822
96754
60294
63380
22929
44998
81818
51515
3553
13446
51116
875
73560
30739
14080
1347
5233
42823
96639
18658
67650
65704
57903
40341
56243
17372
84637
21436
29957
49757
58806
69413
4780
2723
12611
42673
54588
25724
60266
15765
36913
89035
648
85052
41636
97997
16151
53719
77327
19413
63301
8136
14888
10341
45439
79118
38851
19952
7137
5556
60360
60382
21558
53796
54640
81702
96095
70836
18127
71407
46759
79508
82556
80873
81744
78614
65055
72850
98705
58245
1220
30918
44108
10543
86455
50670
54524
94438
57284
33492
3822
34636
18587
54709
55405
76530
67477
46851
30411
59934
1902
45315
35591
5920
72654
83792
25579
34014
28596
66824
14062
66000
21247
48891
4335
29442
16273
11015
67341
3970
27177
1656
13552
84634
67584
12123
60921
27847
25468
5213
11137
18204
42438
38770
56343
55905
95326
38188
37889
2662
25091
20510
65842
90459
19430
37821
13388
69696
50373
25963
60257
56462
79510
26441
32756
245
31762
50956
38335
60531
22871
97731
8546
23382
55687
95858
23561
82476
92547
48430
34115
78084
73125
64678
78879
6667
35814
23093
65204
29762
98734
91224
77473
99504
44956
54674
38694
15997
6014
56097
24143
44369
99853
77358
79791
27359
11963
42459
34771
23571
14260
30912
77149
1943
91848
82172
83336
14831
47562
26089
64431
8669
85752
8572
61797
31646
20258
9042
78425
1012
57163
7564
76461
36449
24286
89745
78231
95767
84887
51520
94703
93354
88321
41632
15502
67821
14075
75529
7656
62784
71338
23862
68435
79925
91666
15474
58617
91280
15561
48144
7100
2921
64033
33758
66408
6696
54450
40699
77657
2102
3940
87569
29944
96042
31385
71077
20347
44119
93069
93975
17570
44729
1386
15641
29674
33301
39128
96536
44783
8812
31128
86950
80206
36742
44419
91782
29320
54563
75224
8806
13371
73376
97872
5553
58844
83769
93918
72393
48540
20589
95126
14497
98211
21585
30573
62370
1534
48392
4083
33106
67567
57913
95916
68844
70974
16989
7363
93201
51622
39602
41756
65784
68895
84263
80604
44194
46857
95832
56796
45905
39382
66735
47996
24194
13686
16630
88739
58620
6168
82048
90248
80927
50479
42117
41239
55457
77460
29027
34579
41854
76405
716
20770
8938
78832
29342
45602
13948
40981
86378
15513
5701
91595
58178
93724
831
9917
71721
55158
54343
28250
48742
87032
69573
49354
60828
15304
26777
43024
25146
66734
17829
61253
14942
69499
38665
45964
39058
45361
84343
71027
74791
17638
19789
66535
84546
89332
92301
48393
40407
45539
5738
73869
80236
13603
27663
13684
51197
59584
18004
14037
18825
70924
15835
19644
97683
44448
76653
88678
55058
54866
70859
26360
70814
83315
53459
31104
67242
3037
64807
71496
23003
78383
2616
79606
60996
43960
81017
1338
41836
24981
94767
79474
27357
70306
52202
3867
1803
145
68852
40097
12678
3622
93334
85540
74680
79377
3054
96920
60144
96559
46441
48159
94776
46507
91033
40441
68307
36228
58647
53723
63431
75314
46842
30076
60099
91385
99002
508
31113
49592
29300
67097
34185
24710
58817
19381
85048
17075
4926
81618
40905
84096
41194
45277
78540
46607
84698
80850
79272
11761
35559
65575
41498
15128
76665
37363
56780
63258
25441
83294
80375
2546
65807
10552
67258
79344
13973
70065
87689
71652
55392
51231
31301
77029
12817
79334
34120
1565
51536
13491
6687
18152
21235
19352
14032
63725
25599
19057
48044
21454
62601
21790
91634
21631
1243
38358
18289
30641
78018
99196
32634
14632
93160
7620
56368
84328
34273
64468
2310
97330
3243
55215
11722
11949
76607
62222
81310
46455
96520
3533
53745
94916
22020
66235
9051
33601
59597
9669
75785
74459
61045
3479
23546
52339
80857
92054
24991
13615
62983
29704
29452
61130
16746
50713
18210
7386
10068
79684
45024
39020
57047
71834
34121
74485
45451
37717
92612
26925
98568
22767
24730
24603
88683
27851
36285
99764
31668
59382
31092
84552
37231
67695
83471
66815
74080
92614
78170
71306
48024
1665
23533
79912
64645
36765
17411
89210
69357
49061
6888
43139
99442
98066
15047
40216
4973
4848
72447
88894
14428
18446
75717
50686
48592
60472
1789
89352
88362
67305
404
52836
59547
21305
78900
96903
99234
44818
59958
51917
10439
47075
30406
82607
52494
87953
85109
39164
52648
43255
61842
69232
20167
89275
56878
29577
25947
72846
31320
4173
34976
28058
847
2051
48656
54051
83592
78137
19166
18143
40982
60154
44890
20529
78455
67352
88039
93110
98192
60639
75362
62624
36704
45107
5463
31172
32668
70272
64426
49322
70955
26387
13498
55785
16941
82380
46227
28355
33950
98442
4360
6972
19998
34504
2273
1687
24342
99638
10820
89525
41538
32837
74654
70681
28810
72351
91354
55740
96587
17484
21382
13320
13710
69843
47187
14595
46656
89104
3587
96074
21125
59684
59159
99749
56278
68390
42626
2200
42834
3776
6829
33030
59452
74901
7784
38118
51732
42817
26975
44590
91026
90487
31767
16466
77059
91040
93261
50154
87316
87678
55031
35237
96050
14745
68400
81853
73677
74905
14402
60419
29724
89154
12906
92811
10654
88352
53867
38809
62058
9069
62862
3838
62129
58997
5047
30637
27916
42693
22690
65237
75129
92471
14883
55156
48744
71592
36979
44706
6500
25930
64441
76827
28414
66555
14865
1872
77581
38955
5811
88707
37172
54452
88095
78247
24815
51192
73107
37053
9698
37762
53936
30983
52215
49165
85290
37252
74270
57750
44066
39062
51372
9161
32308
36127
44627
86035
75424
95574
44131
3175
53056
88960
36882
33982
28064
20677
4375
36635
30340
97552
98484
99926
35008
68737
71994
33458
24612
79249
81264
77612
27602
19831
94889
66748
37334
28011
22143
51967
33620
38779
75768
77533
92921
6523
84705
64975
94100
18232
21100
64613
32876
37634
27409
46514
40578
51445
74153
63570
64133
11169
61423
96174
14309
66518
75572
33225
94071
70134
96647
53
98533
52408
3015
91561
21783
20950
7004
28485
84032
7018
39357
6379
58148
16651
44736
89967
92421
48374
26170
85889
53857
58572
87834
22450
77356
79594
63224
26403
30950
51480
70904
23966
21584
21047
66079
80468
34618
35848
24730
19627
44440
45668
79538
57115
71811
55043
38025
97657
21782
85605
40803
45697
43964
10758
46195
39961
64573
80564
14204
42189
57726
80601
97535
32552
36114
15391
84795
37101
50572
64267
55348
56573
23643
6542
41448
8189
79033
30718
50639
22312
41568
65566
4620
45344
10676
25207
80002
10825
74851
26117
15895
54053
21643
82541
61901
63838
48133
46986
21000
56420
70248
923
47085
57515
30256
84230
22053
37421
69309
38006
60928
33854
29925
91892
621
92159
75980
52190
21875
10907
35388
73969
62250
24454
48372
1295
34930
41102
44640
77609
60055
32046
9718
94218
52064
40644
18481
47105
15088
26445
3153
42580
41516
36845
65189
82040
24128
29751
81919
69742
87857
95943
25110
10093
21031
96278
38673
22630
9143
28961
49299
80950
92781
91700
77950
28881
24136
35706
39828
59976
73678
28875
37102
95429
7753
92807
32453
25405
59264
66332
77166
5179
59182
74897
89751
64112
6936
99624
73187
55785
1970
95850
37962
86126
77146
22203
49798
49815
58894
36308
57903
88422
89923
21942
96064
58982
58840
29680
2339
28224
63825
13268
63366
42811
51794
44120
21767
17883
1948
13837
21944
24511
62519
84042
58005
77828
90913
50975
18283
85550
43008
82637
66510
22956
8428
88744
15256
37240
78833
30769
5272
77255
97285
44962
91959
88702
32484
95151
34331
33025
435
31914
47867
45057
14363
33391
25902
5880
63936
18235
68069
7865
11396
16789
85215
81188
46758
40409
34382
63050
28864
84527
39050
71179
8565
44689
27226
17556
92083
69303
45344
95761
16643
85258
85114
11093
34770
21452
8592
75037
62841
9375
73303
60597
62699
97406
65858
80496
59747
10771
41944
92074
60768
71281
4161
15908
92864
76687
36492
69674
6164
8346
13796
94633
72891
72307
91221
26138
31674
74121
46417
25305
31817
59345
208
19488
11224
78452
8479
11158
78830
46730
57808
81311
27359
53269
34992
45362
81097
69206
18229
58082
84960
38918
68872
54495
95578
78669
87705
90392
6185
39720
48821
85626
64353
16639
60257
1423
71072
84672
4683
14412
68208
25333
90843
59434
50537
32485
67274
19622
37314
45859
45041
62467
55891
88335
40344
92898
90473
45713
23909
32554
90746
18087
4973
39110
97908
72182
16957
10719
93012
33569
74290
96424
64523
3817
89873
59626
48074
9437
3957
63093
11395
68083
53077
60326
94678
86354
29734
76018
76294
67358
10950
25358
60763
72128
23665
50120
20360
51732
61525
78355
15527
56554
26609
3745
71569
48616
97944
52074
98461
80717
44823
81035
41755
60815
21159
22663
65010
44647
44431
11554
42447
40939
34424
25653
22618
48931
35661
92394
80151
39753
39266
96342
47912
25602
47566
54840
41473
49331
88757
46062
88409
77660
77556
95577
22534
29915
83603
99947
50968
1002
85110
75713
7301
49971
35907
74587
22129
956
81127
22637
12954
5549
71922
58708
41451
48481
33123
16153
13249
66319
81189
15678
55890
98369
23144
64787
63382
38847
3118
92703
65328
35714
41425
79149
54643
63552
89040
97941
89694
72978
32710
40517
68204
66119
33107
82859
5737
18848
54126
74053
96792
67449
86697
84649
19813
69431
19823
8931
26826
71120
11205
83282
97837
88423
57309
77240
64124
92773
4065
77898
59440
35182
26459
40270
33608
40671
47474
89770
65261
40285
59050
44534
84721
29065
95911
97878
49016
56776
59336
85211
43729
80109
71114
18573
61773
49428
42680
79780
8809
55867
18735
12963
14783
76228
14612
61609
40990
46427
51040
79141
21957
30052
43670
86540
12070
66671
98560
68771
92512
59431
28224
7347
33436
18853
34168
79331
64067
7885
78497
84180
97990
67693
80961
9393
21549
46086
29750
8492
14453
34301
56888
2589
5736
80194
63253
13676
36438
84574
6503
95102
50867
73908
87268
49378
27643
11388
79527
95929
42059
35280
97542
33104
67929
66860
81150
54264
49091
34277
64991
65984
36920
90068
54318
58211
2542
25634
1611
53241
55599
20491
42893
79493
1382
83394
33312
24082
80425
31583
81750
10161
66559
33820
66433
79172
36758
23783
34659
38876
99044
8989
64585
2161
19582
40519
58181
60799
19590
29056
46835
2008
9777
26285
40329
21567
92387
18049
31722
84534
33547
57068
73839
17507
52526
54830
99425
3099
23634
75146
21452
78758
90975
62734
54197
46610
55905
40732
59910
60862
25213
72513
4491
51368
84747
79741
384
40273
93491
44865
86784
18709
92061
50124
5329
41975
35150
47078
49634
64752
41094
55082
37164
44443
7603
68077
11033
47042
72087
93719
65662
51655
58139
70859
59321
61033
52576
22470
32760
72785
54445
59151
9608
78769
88361
2743
86697
40850
57405
12222
11460
8827
91097
95157
19768
70130
35348
60048
43764
16670
68708
53342
68186
99771
79203
35129
60570
21201
90803
44295
89399
12679
14317
76849
10306
81943
45473
58395
56082
4860
81380
70183
89636
59865
82258
56834
60557
62981
51091
89190
25684
92528
78706
16090
4077
1103
90964
9836
99566
53231
42173
65495
50046
13110
22822
98781
94509
14248
84851
37825
24656
76953
3965
38903
35290
98524
63705
8320
17512
22368
74571
97588
70110
1612
18610
96870
33972
98227
72772
9202
90978
35636
58828
2850
62687
15884
20136
76525
37042
83477
62324
46309
78130
13266
64534
48731
88562
39802
80800
5552
37397
82643
92323
77198
78660
44584
95385
48434
94499
25952
64808
96282
41475
75648
46847
89019
18125
1115
76216
19405
78388
87180
71278
34035
60043
28262
19458
56843
37078
69879
8307
94170
17427
67219
71804
8334
43313
81630
24190
18103
20498
71702
82025
11090
18669
66042
4833
2482
66419
75514
30605
87447
63586
61394
27164
50217
11365
58288
17154
50397
25125
38541
11355
24620
17644
70637
78855
74255
3843
38512
45706
36494
76924
58113
98906
6685
5154
60188
15365
94001
23428
16976
90424
61564
39273
20860
30583
56032
40055
21587
96968
85024
64476
73792
92977
81957
60346
57405
93445
48031
87186
30578
98638
27906
29807
94110
10522
5473
62487
20478
45062
51177
42923
23152
26969
8148
48116
49791
85346
96784
40054
22822
34200
82255
41543
60682
72018
3132
65135
16949
46339
47749
66742
67334
6815
92850
18337
62518
31757
45163
10337
25110
93544
19576
76524
45791
42101
41323
46822
84829
33840
10554
72058
96661
7977
64363
96377
16382
86362
69124
22092
7390
40338
45538
74139
97313
84434
75589
16337
34119
89810
85598
18034
40183
86446
14943
29278
14623
5731
95751
18581
30694
56309
80306
83109
35784
75690
70081
59356
42451
96472
1954
76156
62632
23070
2947
84772
48006
45437
79210
61357
66512
24986
12703
95018
48242
92520
31875
10215
93034
35085
81754
10651
90610
50543
91397
51080
60031
62429
38354
21623
14352
16232
73885
37647
87856
9442
55401
17112
83498
30170
81271
69185
26520
34394
52069
5707
43606
85288
34866
43264
43815
59866
66322
7366
14717
91303
85545
12089
31673
51867
24740
85577
7083
57587
47004
50279
51101
75056
7162
38800
37118
14762
26716
62863
53813
12569
84131
56216
98474
85689
7474
74743
27562
95089
77807
54486
49910
66519
22929
96552
23896
43312
85439
31631
5429
95694
62102
68933
87389
1789
54606
68550
78125
96066
6146
29052
33150
3458
53552
2148
7172
29328
13615
45983
44393
49996
58014
11993
79779
92518
369
84581
52126
10609
14903
93806
29322
95084
57433
58118
50466
15197
68827
96684
31083
38924
96618
31496
88943
48754
21336
46451
12966
20780
89380
94568
29697
39456
87238
55433
37679
50108
89153
94871
1419
70025
16423
67516
81162
12340
99730
38065
46025
95433
51681
91974
60500
16930
14899
5469
53378
26518
23049
31024
71181
53918
71614
31346
21228
20334
64108
89866
7846
2000
20439
358
26044
73956
95265
61058
22500
29101
50333
76603
49024
83271
426
17532
69098
97406
34068
12766
24556
81769
2054
11160
27059
58128
23689
47501
98410
85076
46287
60828
48231
9863
30218
44024
74994
51323
65929
86544
21665
53841
82968
24277
76185
46446
82000
87910
53492
54081
62247
23822
86266
51342
65309
26077
99945
9278
73298
67916
50267
47763
62647
37424
82813
89505
28372
39160
53052
56401
42538
17774
31476
47524
91100
70714
98801
77777
34975
80613
76128
35779
94009
44328
22829
22465
74561
96888
44554
4141
44078
65716
78024
98013
36276
73901
91193
45544
41463
86680
18073
42839
34857
97090
11543
44472
92346
38742
60241
94594
27275
22168
74303
92685
91787
14487
53754
18319
14595
60348
14943
31483
94606
48910
12322
76821
39749
33462
11247
17199
79521
53257
36314
48294
62539
33288
921
96918
32784
78356
30119
35818
36646
49959
76865
21910
91413
85339
6225
21788
20146
72874
30949
81114
71736
86589
48232
85947
84767
34721
4723
58883
27495
43042
15073
74018
85854
26008
30146
58499
13566
56836
85534
36238
30229
79125
94837
44647
72044
90412
85408
54410
27236
89458
97052
6647
22308
55199
76558
75949
85056
14974
12151
98063
73633
71235
8323
93603
34885
2847
36056
65405
55192
47726
8222
63310
87339
94710
50885
92610
91752
3585
13902
94355
49313
50312
31646
38037
45990
8426
51710
30654
49449
54196
73443
98592
44685
87471
62605
58993
70802
1233
9761
69197
54355
20003
99218
79510
81235
33741
19307
27597
4313
83947
84197
81470
1071
17795
48750
23320
39589
70285
47613
26459
51136
5401
15955
996
74283
9629
18625
99868
32104
91891
21808
90518
93823
44705
39999
29309
51094
52136
56801
12249
89119
24113
26341
65501
69998
91972
97521
26889
38721
39285
19404
516
53620
83302
18061
48954
4047
98221
5226
71606
15115
19438
95493
12421
62139
93678
87647
56366
77796
19440
72226
87453
13484
35363
37340
27023
79060
50453
30997
82311
12108
91736
61147
92819
72487
21292
36898
10521
26643
91045
25261
52872
46909
85195
97133
69680
28619
13919
3362
76319
4325
41154
49093
19280
67058
31951
87031
18256
45961
91038
69894
53594
67224
22915
59497
23378
58291
2674
39933
40846
56780
77125
29722
86750
94178
19353
40543
28289
38229
67659
98403
65140
47090
54677
77985
70953
42643
41866
25760
40536
34260
18641
64559
35605
21151
71667
85648
23994
25697
73754
11389
25945
73985
62515
19539
27199
11432
62342
25102
47705
91407
58742
80026
78302
92634
4754
6503
12546
44929
88543
80735
16424
76913
99397
6586
38138
12565
94117
65599
22510
33705
16549
2591
64474
56269
72458
91154
84575
35137
50786
59521
80300
16763
78055
49128
75518
38615
86257
42970
16396
65164
73101
79064
37153
93019
94965
49031
74588
55929
81400
14634
17314
96742
2592
13999
74858
56150
15551
22032
20176
13599
21928
77409
94143
29022
434
99660
98858
50269
31068
99523
26308
51147
49202
57345
60604
37484
65437
71455
61304
23426
16566
28645
53737
36152
42207
83557
14171
64055
74269
19367
23063
64224
22793
2797
43236
95692
84921
8131
92584
95304
50173
24318
24861
81877
88325
66167
47540
45246
53395
37374
90712
44095
60727
96750
97033
93282
23671
57991
86814
16876
85488
34802
76000
11700
76460
62083
28353
46405
14109
64912
52562
57306
78871
66000
73252
92247
3784
71860
47826
76039
36017
68925
10660
36894
28654
78967
3497
26043
5763
49954
72020
26930
21317
75707
9815
15370
48318
13160
5416
26242
37814
1134
31136
88483
84812
33406
65224
94727
23497
4786
89497
51811
10164
10775
80859
16562
24142
39105
83045
97492
58586
2310
40641
64155
92891
25631
35989
3164
56184
57882
43928
90624
66443
21584
38225
34883
37789
22177
52081
95248
13742
8770
2545
977
60456
20208
16765
10541
94848
93252
91228
9212
30114
7924
67655
35504
60492
66981
95591
59180
97417
62060
38542
65615
60857
98873
85368
88580
72549
45975
78773
1964
87023
87797
83750
49816
99764
39664
3699
72683
8866
25447
8315
62932
66653
34716
60510
58519
53928
2721
74390
70808
26586
92901
97831
51682
70228
36929
40120
61582
34839
28184
37991
48872
14479
89263
22189
42316
24173
17839
35739
20828
63281
22907
50314
71970
53744
75609
98962
26140
38363
26849
34652
69828
71585
7965
75378
94122
89966
32067
79587
62834
99543
42116
37843
80681
87455
59443
48452
77389
12527
18193
34345
36088
66981
53562
7526
3678
42586
25861
97937
94618
37967
13979
23219
7990
93532
68163
77286
6514
13885
28066
52350
92106
38251
72905
21284
21165
85063
69633
84514
94301
27156
21572
13613
20169
92504
98563
2847
18023
438
71700
51536
64105
34129
84969
24866
85564
18896
29853
87148
19292
82156
41938
63504
84460
65842
42238
97837
94076
32277
86361
18614
72953
41346
3636
67461
16395
365
3049
15485
94969
65315
59263
6075
42185
76530
88245
57976
53282
48038
35720
2268
55210
82485
65222
12144
85218
58067
29153
54327
50265
726
8771
85745
14077
53085
78582
22758
30493
17508
8471
85198
15846
14368
92178
53976
22892
35863
21319
7930
77597
84262
44554
46037
96557
84092
63404
90468
76124
91492
82243
58327
71212
48722
65219
94243
56544
73517
91997
89099
97947
65486
27483
35774
39566
50521
86422
40841
90306
11245
89251
49354
36748
21223
76730
66003
56171
62733
89188
29985
89681
88114
46634
39001
35264
50144
13986
67123
49148
97935
97432
49374
43865
32220
9982
12110
56779
8780
6471
46036
97670
22562
161
64878
2240
32888
21578
49988
71992
99216
38071
93810
84329
62012
99418
9832
18852
88482
509
89421
36534
19298
91693
92370
13812
39876
5489
4528
11240
64619
9223
47391
56261
43151
32315
67118
87953
81756
36760
2375
28566
63997
95130
49931
59864
3621
65045
81853
32801
150
93258
68297
8270
17050
9502
78372
30868
7791
51065
62363
27399
17050
38748
7373
89993
90680
37548
41178
29697
32299
21879
37095
51721
98133
60855
72536
24167
41762
32506
10190
74831
23636
71726
11090
71361
40926
39120
39211
33649
53942
36249
80161
30690
74396
74976
11516
25249
87757
59938
69183
66073
23867
52155
501
78270
56162
16575
10136
56195
36965
54204
89106
75284
40874
87531
3763
45323
27658
36011
49066
51559
98337
7528
75754
96050
41717
6405
77324
23157
49339
47286
36409
81824
63322
44117
50964
71480
71225
32819
15199
24350
28983
83016
96683
99738
47143
4877
89815
86864
71213
66192
97590
51746
10871
17623
67735
16338
76400
4451
36552
49757
39251
86979
6856
89678
17795
7282
11961
96756
36567
32282
74098
94838
20812
24716
22575
15321
10845
76016
48906
36840
16589
90459
51943
83146
49696
84663
70953
45698
76382
34626
95079
66773
96266
65442
85099
42003
76159
7004
81942
39861
92915
93058
50297
38930
92094
2752
30934
86154
95047
52414
5493
384
55544
99712
33167
48791
35035
23709
39982
33132
36329
66262
20374
1940
37203
7324
98572
55369
39616
80572
39161
3840
94073
9045
43925
23530
40161
13013
91051
46943
53728
84798
50650
23967
29132
94695
11228
96554
32274
36308
6968
52449
67021
48810
3532
26652
72684
48356
1727
84770
4180
75564
46537
14475
13253
1652
6311
46499
55786
9637
8629
22022
32658
93038
79403
51530
15611
96407
72808
42507
96095
2017
23094
3308
73603
86711
36818
45262
5513
17272
50846
91805
11285
6281
42763
78164
38260
36174
10714
27479
88383
64729
40767
22637
27678
84945
19791
73982
69407
52001
11040
76276
75548
59219
88674
2162
52469
43229
40872
26541
64834
61048
40986
38514
58791
16824
10736
26376
50275
1239
13270
79436
85693
45328
54124
31366
61249
457
75630
88658
66919
62836
75855
53511
6232
74569
16256
52066
17607
40600
25694
95031
95302
84172
62645
27335
23742
2253
63846
10854
74208
93415
23707
68168
38730
31603
90583
30220
5095
57308
40913
52012
67598
52213
59622
1997
85193
87474
32282
84221
568
58670
8769
9674
75544
18239
84134
1521
82682
26788
7623
58995
36611
64776
14449
73504
39128
7686
14781
74628
83986
86035
46970
60299
99687
73682
27432
43088
24549
60647
42141
36267
69971
79624
10285
15538
84645
14033
92623
20491
47469
89062
47538
78306
49684
81918
15400
2822
37764
86118
62869
77506
72693
57653
235
14532
11699
48470
9986
1862
90806
41045
76971
22034
84647
71356
89023
56986
54490
98910
88858
25095
15063
94289
27158
94924
38497
68664
10614
17769
58281
24610
5324
38431
97778
64634
63574
12318
79389
95753
3838
36175
4046
90760
29684
6424
12090
25503
93659
78327
92894
58414
48332
38853
97259
37773
62443
78403
30495
5310
76034
43035
37855
92217
43581
66196
35721
38540
24256
20012
7781
76705
77597
58736
95072
52683
21048
24302
64605
20733
82833
12994
75004
32287
24874
99867
76278
66470
41171
60004
2191
85170
81822
74078
19718
60802
98319
11829
47179
63488
70703
73550
1247
73646
70546
16189
80816
89595
43781
44576
16724
38141
13798
9761
22477
63040
68030
5568
67342
43713
89918
69250
97368
64251
17821
22610
94882
3518
39018
34269
54363
9219
77122
1116
50030
9282
11746
1358
61740
8685
19050
86682
22688
96594
43280
64049
71372
72061
51601
56677
92771
92751
44486
3465
73569
1452
76181
36996
55825
47935
21306
77298
50577
9511
90213
7505
61018
12681
59730
13194
51293
66672
43827
58657
24663
3235
46562
774
20971
53771
51237
22820
51917
82340
41498
61611
64732
73656
27547
48578
33100
74750
45532
13805
87378
41751
36105
13177
6380
35774
3030
58691
12330
38406
5384
26098
48923
85829
78802
70334
54890
75407
16025
2053
96697
98485
25381
68236
68012
28601
42772
87361
85134
11152
80094
76543
21139
30022
71278
82911
67130
33384
94393
85196
50741
92546
10490
13511
76956
15399
12687
78903
94854
57212
93687
57693
58725
43479
17107
88893
16370
67868
45164
77778
93002
15668
73557
1178
58311
28841
4959
18901
14551
95890
3204
21505
81013
30828
51311
4150
87995
11870
91280
52613
15914
63869
92507
27921
17464
22400
17817
77660
12914
82385
66541
99261
88220
16614
92193
35072
18989
9311
55199
48115
10440
93785
64351
98963
54008
72182
76679
27896
92167
12957
897
4500
76588
92550
61864
29133
23161
45635
83713
35910
11023
27298
5987
32166
29349
3942
33285
64398
38634
16239
85161
78683
56671
43165
42172
22128
99517
93543
73912
45282
45721
89920
85492
99957
81487
62041
22672
95669
54750
63060
11911
73353
25597
19288
37091
83141
87798
32185
69614
50066
38897
12280
89261
75928
27795
22213
47828
33422
50378
39736
29616
29617
71723
38431
90189
21102
41806
6030
50678
67308
81270
37615
9648
75574
4328
11807
53085
37383
6074
59031
34330
67331
23929
23846
6384
33440
658
9564
72161
59273
14212
89249
45291
15014
33444
82293
1630
87166
29098
15988
41335
81767
81506
2306
68795
1281
2632
13687
71600
15988
69127
10445
27348
91346
5405
62284
5688
47876
32047
56748
20443
32242
33869
91404
53095
92020
92324
94634
42130
22034
10176
65919
8284
90085
17696
52562
85824
21622
55050
5102
30808
86971
37963
56172
90146
3766
61900
53944
9608
71159
76604
53753
55119
72350
95544
9092
47898
90101
49210
76775
8957
7998
71556
49565
5811
3207
2161
37263
73650
52843
76460
84066
92826
26944
25939
33472
94278
77696
1258
49328
30119
38379
85025
70971
45430
56422
10800
35934
94540
8603
4664
95722
72411
78275
96145
22810
15415
88398
50360
86938
1605
24637
80293
56765
94699
92538
60927
