95383
59904
48110
34958
51177
55299
73112
84674
22992
64413
47420
63720
4014
50446
51119
21082
61568
45585
2511
53096
36372
64400
76684
88216
315
87962
25032
78598
97285
87440
8935
78522
71750
8275
37560
15712
14795
87086
87784
90719
67139
57645
7294
26435
99970
37421
73840
26940
79388
25851
23733
95286
25597
29439
97988
30983
83220
59893
34643
63214
30267
94514
87389
35552
55478
68898
91970
95738
12885
35406
6287
74481
57801
11791
85957
78727
57105
50248
88246
62894
14121
98092
99209
71433
63706
13648
52925
42311
10286
6577
32492
54902
52443
24569
60452
72625
70256
71742
70957
31071
45450
78101
14054
43982
19564
49252
37485
13805
43482
19261
73877
32972
71646
71749
49093
32175
95304
15955
71845
41830
15973
49659
85452
6307
2914
51384
22037
33232
51338
13331
8470
85363
79291
57175
17443
36019
84037
55227
51868
14454
76163
39119
98828
91024
32699
99519
83255
80694
75475
28277
77321
54300
99896
29127
15098
95791
92649
7746
41068
68179
27214
4252
62466
30151
10790
88514
53681
14471
54305
13074
48138
40077
64087
57391
65666
76853
50830
94428
73608
3394
68129
41343
57756
23061
36010
54170
85467
50163
42076
21651
43370
76290
14158
83688
87239
71910
76652
68677
80233
44185
45838
68783
26388
62401
80139
37243
90212
42504
63460
38245
44961
98221
34138
37673
50
85871
46495
39405
94140
56620
3046
3517
72395
32654
69704
71847
25918
80399
70151
93756
200
82152
14194
29423
57555
99345
14954
95355
42921
98766
63957
42962
86703
3831
76689
45148
42151
76485
83638
1368
25414
37247
74536
23613
41138
42321
96388
93734
92697
8291
11325
9813
72352
69704
38044
62808
84026
4715
80118
704
70917
51140
96483
95374
92662
60083
16813
68564
55964
24555
29696
49433
96761
68783
68342
62953
7616
90581
88284
15233
2957
21220
2658
34629
87440
54144
70609
16999
65786
13881
61122
37436
96366
82933
30450
74273
40763
79162
30950
81055
25508
27823
37769
68142
78595
61892
13052
3569
1362
75091
55192
93445
16431
64884
97746
49697
48482
61854
7933
38518
89473
99814
2777
42083
63433
92260
53066
13827
38332
94068
22189
28453
59630
7229
89725
75133
83450
34516
56034
25548
41092
67040
15637
90695
58688
67676
21005
31482
85186
80753
25791
78909
71228
92432
91581
25693
25046
95685
4709
86335
8826
99224
65236
7293
52901
26738
33814
9201
75158
22613
66246
13965
5819
82385
97426
22433
84176
12082
83394
95756
71254
21583
28640
57578
68276
43280
57224
67198
15647
64031
50087
87764
29807
69698
16721
41867
1803
8343
37794
31950
33862
11803
56323
62573
14507
11826
73089
88843
95006
69148
41517
12963
12291
8952
15080
87242
70584
7658
39017
9620
69514
66615
93554
11126
72525
78481
84158
36120
65663
55558
20629
75833
74288
51444
61893
59451
65259
66066
43070
56450
70190
68380
72192
46499
22514
37124
75473
20854
54618
29479
71283
94145
69325
28173
62435
67246
18249
45197
90048
36026
27667
36969
23180
39447
48518
65683
38674
60846
47059
55628
21982
4517
64587
82567
39430
1133
94422
47054
88611
35401
3007
63304
81502
36184
84275
26483
6507
46115
89008
94646
41202
20062
76018
7044
28782
33221
45200
32745
97980
56831
98449
14627
73795
98989
7496
66766
29558
86757
88743
61302
72824
71194
56585
54647
33018
64362
55466
86995
55171
22034
59175
92559
71837
52412
14425
1919
28498
57542
53784
6208
55932
61677
49073
31780
36951
88380
89509
82512
28687
17509
96925
19749
57372
27706
21822
70008
63477
21371
74025
64420
77754
58204
77573
75946
97655
5889
42789
21382
84564
5576
38267
72015
32973
82534
5370
11146
22121
24804
17695
44638
74853
72954
58308
37662
25109
39426
35187
44131
30589
44417
38442
7126
83516
89364
28453
97727
84104
73127
34125
31061
45590
68126
97948
23110
79241
24909
86776
74837
22336
10676
47886
38673
3676
29387
89566
4800
99896
39910
50836
58229
70702
98657
90792
40146
67134
31140
88499
43608
54081
7642
27042
48994
90678
86633
99047
6726
75006
35197
58420
199
52649
60349
21795
19913
96530
99768
3450
54129
99797
23653
97831
44193
22290
75896
60359
46933
77333
57801
55976
48101
36410
43168
20756
14693
83633
98892
47995
17042
30339
82840
29793
64699
81489
50637
5579
10352
76862
70879
43615
67365
27690
34369
43810
30427
9811
82848
26703
14781
26274
52114
29392
17204
79220
10319
63788
9481
39593
7101
36279
97638
51773
86407
23789
16957
93859
33131
62703
71653
70316
50006
70070
6454
14186
88610
20411
2041
99357
90328
4882
784
72189
33213
90768
78225
53447
12589
85478
71170
86848
96098
70759
69760
34599
45977
15592
41282
10580
26853
36568
76679
20145
55050
44464
76268
82044
22938
3018
90610
89908
61747
10123
49264
2219
35494
25449
18559
95639
45564
63509
81270
47653
91533
84804
74218
79247
309
71854
68209
73017
79128
91460
72504
53760
28202
80639
17138
88749
14500
96181
30509
9571
94867
81261
25101
85975
21494
67541
99105
20527
97033
45642
65016
63343
55297
29026
28611
70246
70246
97020
81734
51083
34809
17592
10779
70286
37618
95504
74016
54854
8310
29810
81139
49382
33000
71698
52785
10272
59702
88242
57752
32768
72749
47681
75984
33486
26444
9161
98462
99176
52028
46892
18502
17479
14446
79426
74762
77275
70481
54814
48356
25990
93524
44250
12217
67222
64503
15633
30343
83598
76240
18339
10543
82003
39267
48965
78333
87127
41608
77293
43842
28457
97041
74840
2826
61418
11307
63659
34935
53574
96936
75510
39790
4888
39886
31762
39243
28499
35463
8761
68983
10811
78817
14863
22936
33689
36348
36499
78211
65481
1092
87634
35666
93188
10972
19898
28949
18684
41423
50798
55915
843
80697
76769
86662
730
78548
5654
42117
7505
9722
49834
51663
32846
8309
33030
49640
82177
51903
69137
25070
74808
85448
69454
52482
9302
39843
46601
93916
19987
2813
20559
87075
84665
52846
68139
30113
2048
28201
22205
55140
30693
94381
70706
55758
51257
35970
2820
84878
77941
70258
46771
66780
72286
25728
81106
15395
11242
24287
77359
60886
31946
11738
22129
4691
89162
62758
66998
80000
40169
2917
47591
53975
29697
13996
94376
80426
14741
13695
1224
73332
37023
61723
15974
49729
56041
53778
14789
58936
71739
52744
18870
77761
50841
61318
23194
18954
72252
66014
66596
88498
68971
22819
44708
75024
22666
92795
37082
58290
31351
680
653
97546
23062
4027
23863
70223
95764
72399
48649
35384
47969
8061
8260
87425
84046
69830
3133
68379
90802
75421
8173
48727
47099
12725
4360
14203
17014
40950
27062
63246
16695
56499
27584
71059
52091
21323
54698
46814
37455
52970
23190
99853
17364
31211
40529
60909
14559
57283
90977
52836
89661
68703
67488
55930
92506
51926
50447
10337
99666
9660
53208
54813
45336
85403
18688
91470
80476
37200
35333
62722
15131
56319
30923
37831
52231
8320
31362
15887
72196
43450
99643
59730
49973
74225
73584
47992
89011
71654
78553
165
70876
44361
47148
27794
99762
68377
54516
31961
12523
49059
80433
77358
21950
28254
37705
33342
37779
29657
3699
84185
20563
34559
38140
56215
10016
93478
4840
71111
11819
70696
2458
8821
58647
35168
91846
70769
9171
3129
38069
83853
53804
99401
3364
23136
63017
22285
37780
21718
36520
40241
10212
59354
67955
94368
79601
36317
6220
90932
17777
6283
63537
83404
20141
41827
46600
71611
18711
86782
36408
66935
24171
34650
91588
19845
30380
21162
31194
15004
93198
87731
55698
83121
34590
71578
60483
43104
40866
64279
55566
55528
64549
18239
85352
31785
20316
70399
79259
61537
76536
91406
3573
50997
85309
69584
16069
75562
67766
48110
63987
58439
5122
91216
97733
30045
50585
80415
48814
48563
81343
3495
30745
54432
31216
80880
2386
5932
49297
59802
99528
59981
41902
69657
38468
1791
84157
4700
97812
65005
55508
84921
75338
92755
292
97126
50406
73332
20505
55306
81199
39901
21585
30696
80193
73040
60661
49141
19781
4429
67198
10137
26264
7963
48581
4005
16537
35464
52747
95942
45887
45885
82602
83808
93055
96422
28156
37989
54140
34089
30474
29053
85427
93991
78602
59627
38395
11205
89463
65427
41130
35015
84918
93383
97807
45371
58656
67375
44173
96286
80588
14941
20584
24563
9418
35314
57298
37777
37641
83771
44883
22671
95001
85691
73954
38144
24709
32273
29360
88954
65610
5331
46001
87320
54811
10871
60966
89218
86000
47684
37765
60781
93815
57853
53500
15532
8468
60864
84572
43287
2328
618
73564
5692
20544
18458
40014
99226
19428
59662
20661
26383
38014
55219
30676
75257
68940
33264
69751
98547
74348
68079
51776
89957
46005
84101
28856
37147
32191
58422
29675
63845
47700
86073
86626
64991
31766
40308
66775
36352
70857
61740
69790
26337
27022
11382
22767
38596
27177
78243
46592
75203
91112
86025
68939
34248
48842
83607
59687
36442
89602
2866
67035
61006
29986
56816
78682
51941
68593
65684
43490
28631
66489
33398
27689
12608
98289
25438
62934
34623
61334
90259
9970
53947
11829
54472
72732
61675
17133
52377
16148
48158
80620
30332
46750
67991
94704
8783
96350
70206
32699
70826
70003
61492
34752
17960
8714
57714
58336
56331
35958
23404
20673
25064
75108
99342
92896
13087
49177
75514
84083
17007
34807
16215
49536
95331
48011
36156
86648
59697
17903
89506
29087
92727
1923
90508
20256
48477
19195
93868
45757
15018
3338
60802
16418
92744
27485
55556
55224
47407
75095
81616
59606
20836
86123
15691
36018
53787
11956
39420
69949
72558
71065
98638
38427
46452
94316
27946
23140
84599
79086
44419
93892
55308
29757
69065
13669
74005
99796
56791
67846
92454
80931
39240
84602
36286
29900
8251
6604
86232
54490
66468
36520
79774
23918
73199
43952
4700
22374
69966
98428
99539
32416
70625
68321
30675
87724
4297
91078
17057
2022
62012
53990
55165
71574
77495
91626
31824
14035
2140
16552
86064
21341
36907
30109
12617
7898
14117
31389
56557
25112
8968
51631
29830
58363
68307
60038
10306
70919
53926
48562
25602
17172
89546
84210
92477
12478
81355
8200
46423
81573
12128
90664
20233
53413
12363
78197
95508
40516
55703
22777
73606
72907
34521
91945
93053
10381
24159
96801
3267
17456
81320
60904
60108
53578
90949
68892
31795
52697
37631
139
26543
5917
84966
74984
12984
18303
31397
76416
46000
90109
64530
69790
15216
31149
74956
52695
82651
97600
91156
82096
88318
84553
4933
28967
253
51223
30556
66655
62463
43471
46401
42810
2884
55564
96233
67688
87941
59537
78961
74750
78983
47743
50801
13157
52925
11529
45688
28959
78621
38254
86240
34194
61541
55535
11820
41989
984
55998
74731
61761
87747
64742
13952
2529
43707
21720
66905
59651
34916
7267
64753
23114
18639
16406
3113
40575
33752
91775
76041
88723
5534
1596
88033
24209
57230
12207
81269
47349
43743
54243
66704
31942
84805
17199
87002
14240
33790
48271
69449
31205
44624
86037
94043
71354
73500
63126
15554
45135
52422
71245
8237
9208
79957
86008
56226
86150
76708
89743
45298
31500
40451
19556
15908
80672
40562
32811
38308
1439
29403
88872
6785
85480
22325
44835
44098
19497
7553
16679
50708
94104
96652
36133
94926
72497
46006
57496
51984
98797
60973
851
37532
44046
2973
37949
90754
25067
70129
13370
30791
40688
24817
14115
15731
63549
64460
22756
86882
35121
41909
36729
78597
60028
39035
51194
34848
4317
24629
43410
34666
83066
80827
39510
40466
28551
51340
62738
82507
84376
54081
19031
49367
94183
85888
10019
69286
82537
20402
31376
8037
23250
70613
16862
56888
24243
22254
77503
5011
51778
3101
86437
437
26718
78704
47724
59861
85307
73648
87179
12209
1721
40248
2506
81040
22877
87361
84413
74140
29015
81908
52310
83914
93252
35372
11415
12453
63964
82622
16223
6296
73836
57727
30729
81274
67644
18593
22648
15478
38164
50158
83978
8888
33222
19167
6315
83002
68106
35821
34011
36881
37841
3363
75995
69869
50790
2522
7184
91345
67288
35270
95897
2685
57424
80883
38373
43994
9519
21231
13396
4283
64713
68934
35976
78857
97929
43422
50692
74085
29057
28413
44346
28142
48611
79342
68455
70473
81731
60859
30484
65121
11409
31302
48190
2893
54261
81293
51464
52339
80793
62321
73482
46874
22425
29727
72168
68906
67386
97138
71940
7368
51829
33099
62288
38875
90923
67754
54074
78082
12427
67899
62262
48659
90747
48274
92874
33410
20744
33082
24596
16635
91958
98353
93292
66735
54930
97472
5717
18883
7174
99549
3086
84593
88919
23115
13292
78309
69014
9315
11969
86506
27219
73381
39911
12893
59
24823
56127
74150
36852
38757
48161
34304
72542
55304
15410
53476
39806
95552
83944
93451
62037
35190
70908
12877
64813
77669
59740
67631
34982
14564
64395
11429
21113
38089
89415
18576
58441
80398
66676
30107
41344
31566
82031
68416
51388
68782
12050
33614
7705
59815
38503
73461
25370
18517
24469
92029
2473
27033
48080
22390
65082
88495
39167
22287
74361
36731
13190
34452
65888
96833
95035
59408
28876
53837
52106
30470
53159
2491
61489
96030
65618
26126
59925
75167
76061
90934
86058
2595
13619
97386
16102
31407
32317
44286
65024
52849
92398
59743
94054
14656
55591
77598
67725
10871
64780
79094
44584
71533
66410
93999
38870
99982
65544
52050
56772
38956
28570
64000
46226
83427
50673
10595
20832
68502
80731
63627
27091
84590
88812
99257
38071
93415
8436
46833
40439
88020
58400
49053
10386
96967
46349
14525
36184
19620
58515
16120
65863
80267
87513
26068
24278
28398
13517
10627
63982
44996
56765
99223
30140
1153
52003
59994
82721
67153
55927
45454
91545
18710
11610
68751
80556
79516
53613
49258
37077
36147
74410
1212
9986
64610
97764
46823
97076
62744
74978
9672
79898
97809
82850
95442
31255
59177
18913
9233
44964
86355
31803
69031
63692
13061
24575
47152
68656
18761
45512
44762
74784
64258
73549
27835
70585
55552
89236
65529
3388
5179
62917
19977
92174
46254
65556
93735
35860
16168
37496
21379
60602
44379
4294
50721
4343
5379
37519
96925
40035
50611
78167
78314
17232
30215
34888
15639
24259
55015
24857
75702
69940
53383
5845
39784
23437
11826
76857
17437
47505
30839
11292
52488
81265
24132
84160
30404
59964
22827
23491
65205
18033
92311
25494
52776
27012
84603
2745
61958
11366
49916
69475
80844
91310
61794
51438
7218
38534
64509
27284
92517
28522
20081
49420
9195
39319
25678
97049
93099
46055
4483
55675
1431
31524
59651
57669
77628
27889
53068
12772
38834
9081
14899
6071
97588
61364
30447
61177
19470
72693
76941
91869
95454
95543
30974
36683
97951
42891
16298
13457
1333
87553
9645
15902
6883
94240
68043
49320
31659
4125
73810
79329
85466
51737
88449
83435
13622
14010
51831
47831
8872
64500
77579
20405
69113
12613
60221
5888
550
22967
59717
34737
11590
39610
11438
51281
99435
98996
99187
3347
93320
81127
29518
15345
98883
97612
6403
43716
7094
47538
23060
83940
91059
68467
4585
36833
9974
89240
46788
94269
34019
62155
48769
8691
44407
39073
67738
45855
40299
37167
83999
14626
14822
48483
54511
27744
34982
62234
21521
71501
6210
16504
98793
53011
99906
75776
43677
43123
35025
74605
41307
10195
52207
4918
69328
31164
32357
20826
70937
59810
29873
60547
3417
69926
63539
8434
69118
42576
13955
76840
1850
47740
67719
75286
88059
17515
63362
95758
8785
68631
95396
24614
10830
65694
95860
73803
62418
9904
79155
23347
95387
14155
91296
61711
41628
45662
13086
28867
89472
91472
6658
1100
29168
58185
72754
93567
42476
76920
16858
51812
67801
36599
12041
2306
64414
5258
49717
37723
74065
89735
46015
59213
63420
90608
81453
87695
56443
6007
33658
42396
4428
34495
6286
17313
61972
94295
95446
52644
92939
2293
31327
85497
93045
27342
55545
58787
2113
88990
97297
36370
95945
75363
54801
99736
45456
47444
37680
38560
76731
85058
37123
36468
43262
74461
47383
33306
30313
94728
40333
70118
9811
97072
44783
71772
58407
60517
66167
36077
35062
22665
85582
67453
8710
97288
46451
29065
79693
6549
71856
14528
56615
56886
75912
7880
65169
94859
42235
18584
79959
22238
28474
7384
48656
27178
26558
98873
30579
83028
41328
84938
81276
1602
3497
54066
99476
69670
27757
45974
28010
18318
53613
23763
22871
25805
13503
52925
21159
36903
6602
63548
18282
47583
56118
12824
94190
78197
18796
81532
70729
47578
98486
96665
65220
86918
33251
55012
53388
21846
8403
95499
67101
96261
90573
61640
68625
4711
84512
22851
13674
73633
77713
93676
76426
77780
66655
33692
45483
90673
59876
21279
50873
46225
75244
80432
19832
56948
58542
35953
92553
58491
99536
99313
28499
11103
96446
22021
57010
94477
44198
89479
93685
95945
67858
97096
69864
4810
20238
87440
20262
99559
9528
62715
61970
87124
44625
20876
21016
10141
41808
11677
46168
48559
30297
55183
74096
78400
65176
65322
81334
44634
76682
51006
46474
70396
27594
54928
78366
78147
10567
15022
36709
71102
15690
92994
48962
36820
37342
41374
66477
75569
1004
46868
52668
32521
43311
45125
65647
12675
22999
91464
39633
54916
6105
75628
22876
58522
16240
91573
59530
89697
42509
42869
99573
26786
74968
75065
32868
37303
6220
37276
41057
23802
98845
5764
43629
29813
98337
13953
27085
82468
89280
65691
55147
19103
75388
81792
64997
40061
70117
90439
20580
45769
81843
76780
33059
58135
47295
25881
57552
68245
12257
28344
6454
85723
50406
15830
56071
340
31999
93062
60184
2286
64488
77062
417
76818
87721
80469
51397
93175
10068
92806
67185
15780
16695
95288
41958
22064
72705
85493
82518
72455
56401
58839
70210
60935
59236
69424
68697
59558
25721
64656
8061
77055
30254
18293
81281
4781
76363
56241
70413
66825
74484
64377
58177
19450
61159
90674
69027
55117
73871
34006
27635
46506
10544
87729
45885
5648
6851
39481
17581
18297
11772
91839
67453
45411
84745
90130
85525
98402
14007
37177
45701
16464
15079
15692
97971
92024
661
50760
99776
68562
396
13579
85686
91715
37021
61555
66510
42525
72408
75632
97929
36881
38659
52116
55053
82644
96923
12766
34705
71029
5148
70625
41110
36694
88304
11170
31426
94851
89757
53861
4986
56091
39704
49018
17901
98192
6152
75738
8389
23189
23619
43000
25993
38374
39247
8819
77804
62963
60639
15327
95100
87895
16055
28747
63414
29770
72469
48992
3410
25851
30129
71659
52768
18547
70646
41838
97176
89640
34215
56860
76491
21184
4376
11515
47409
62148
44632
2736
97446
79484
33365
68462
34212
74430
58760
17091
40035
10957
85604
88130
25723
57160
72327
82538
93059
51960
90231
7445
67728
97408
11643
88163
28747
3778
38835
73916
83518
4539
81337
1266
85138
69732
51545
23925
92485
61666
37446
78337
59787
53554
1803
86219
4036
46084
31137
19331
48856
21838
18456
95449
71916
37186
35008
37
67841
45201
39715
30434
35595
84843
33573
35496
29620
84337
2992
55990
5614
48402
90053
31393
14513
11894
47658
14173
95605
25423
84127
82663
72640
19503
25059
61679
86083
85887
29349
47951
34724
51507
56084
47283
21951
7012
42742
74943
19981
66306
56598
19699
43092
75146
13716
454
31785
87063
80935
60021
89527
20834
4431
42417
61074
57051
57793
16091
59784
71893
49413
43732
54987
55040
21265
54107
92317
42770
9441
7501
69151
72714
94191
29299
68825
64428
39570
97493
5787
24604
29894
99019
4951
69327
58423
13890
47076
13666
86208
64899
49218
26651
15159
48088
16893
12865
64711
88052
53881
59609
8136
89014
77621
73434
90870
16813
26643
75132
73592
96646
17481
60299
10303
35179
41998
50393
38781
85659
96616
7375
7030
78651
56561
44541
58282
42500
57555
46103
12405
55959
99716
51517
43612
46178
16468
40879
21398
31516
78457
41610
87246
71943
40074
89561
47418
88919
16347
79980
6089
66499
74084
79051
91436
46505
52578
29485
32453
33079
15152
48369
59258
80539
62726
17633
96929
65963
16686
64125
18711
1118
28995
7264
7202
55005
20128
35087
38576
66999
97123
69362
26153
77574
40013
45906
81875
20665
60081
97107
93599
86982
8426
88318
16364
30088
82352
6706
9217
22441
92631
81454
72232
52222
61269
4971
37504
66819
71849
36430
26376
17491
90908
65453
35956
45789
22216
81683
40526
16820
35757
76264
5882
19579
70525
31728
92692
40676
90899
77113
72652
13421
25869
16135
74367
15669
97129
73930
16305
35042
8401
15055
48816
23650
70730
76108
96073
42972
52362
70575
7872
669
66180
92396
86683
16367
75572
52653
81696
29540
12278
96827
75920
94735
63777
12954
91621
74772
91085
20286
48659
48285
65377
5484
8419
20702
27447
82231
48848
94416
35655
49719
88314
20323
69241
71983
47241
33473
29452
58000
40097
44476
92234
86765
22763
11573
39135
54080
59872
57775
84487
21300
51887
32075
21916
59586
35291
60695
83977
65980
88920
93340
3804
87279
93884
62559
8513
55596
25494
91794
65713
58148
45319
33085
80189
4182
56051
78612
82721
96845
81567
73366
22358
91073
9929
14354
97832
56239
98407
9654
36692
86545
49495
63472
69080
46756
40672
4954
92880
60204
3060
83539
28586
68078
92062
26338
75980
18801
51885
17734
3535
56679
77974
87131
84413
15553
70981
12731
77350
79530
64726
52273
57189
15839
55101
79167
8653
81847
64005
33432
63510
51097
85731
22517
93785
98028
44779
54280
99010
83590
38373
79030
4353
80673
6119
80012
8571
62363
79059
53526
75775
27940
27603
13350
95477
50786
26350
12747
12976
12895
17685
94133
54796
18452
54223
52437
70948
55457
93346
86385
70773
16701
13720
93759
41156
85696
47919
76515
9719
75089
70595
46289
2788
10478
57657
35569
23493
72380
27040
42998
71678
32032
41303
86114
65904
44240
24234
85900
26449
53681
9064
53114
69017
92674
82752
59074
14219
33844
72194
9780
2866
49834
3027
37887
42299
71396
91345
44317
60795
18653
28944
98567
28417
50347
14706
38741
75397
27606
27854
96916
61462
62018
50066
56038
66025
17481
77272
10113
27726
98583
21349
89649
186
17259
40132
21844
29005
3416
43814
94508
52894
79916
25105
7795
24737
10496
24696
18669
77967
44011
83676
86613
5989
75277
48318
40847
99767
46989
71862
24818
94123
81231
16591
62211
97304
39294
98380
11157
10215
92862
9736
71981
83791
33346
44021
81545
36913
42270
31300
55528
92784
58602
32146
83714
14907
34735
83660
24908
68941
99284
22076
82015
31553
18996
384
71662
63324
62893
10491
85443
12116
13538
8453
85104
34274
11694
2822
72643
31256
66772
3934
57497
15688
16334
32033
35520
49085
32876
47304
62568
55633
73471
42216
10931
70786
27720
40428
64794
32961
72358
18221
74019
31779
45857
43411
79246
50148
47041
49439
3212
31913
11017
93652
2168
95349
64579
66327
15219
86963
64864
22577
30448
15588
47923
29809
38644
71321
97522
14318
6554
71266
38027
39681
58897
48551
29914
25717
69830
72922
52787
85371
2043
83436
44092
30654
44616
79819
40048
15581
6207
61392
25208
77831
68097
49781
87772
58431
83856
16048
4767
7924
52626
32723
42885
31945
93885
71335
34754
53617
65434
38861
96496
42296
34175
79492
20533
47011
71496
17268
85192
58825
31273
81940
8111
45161
46057
60195
71584
9116
60778
71483
41861
53782
68155
44862
32745
69320
40551
12146
36768
73281
45064
86431
50146
67345
64896
82912
43656
88604
29247
40761
86935
66587
30855
45942
76650
70685
24612
97723
85888
33690
99750
25638
92838
93951
96999
42714
74141
89312
46746
51212
6460
59349
80499
11911
13760
44842
31794
40765
80265
63145
16539
82979
79868
20017
84548
75273
22926
22212
68212
62059
44708
42827
26258
3078
73530
19426
93592
56195
70346
22181
8770
54343
41858
78035
34301
27585
86088
18944
32181
31808
38891
83847
17458
22743
17150
16771
45769
72821
9403
21725
19787
51928
21100
84686
6504
63632
33091
77420
38381
94334
51250
75598
70419
58083
54374
62196
41121
1833
85715
56962
89185
3982
90031
36403
23168
60861
25369
3515
85927
56758
73656
20770
46792
48620
2394
56841
33242
57171
71530
70668
94494
8667
80562
37847
80557
63292
13427
59374
68368
54954
75649
43935
87106
52440
32540
15804
61897
84696
61518
45643
38263
29576
91492
81622
20677
30480
28806
21799
55689
97532
28953
83950
30302
15046
62468
80517
23420
52183
55845
59875
47433
65994
35146
30973
81109
29720
33664
94352
16079
86589
94944
48545
95652
25887
32405
64917
17175
98940
17170
50077
34485
91628
3685
70835
26000
91699
13633
72059
89971
52023
92384
9713
28851
1642
98209
72269
94429
60519
513
90956
96815
34454
5719
69099
2588
80408
88297
4415
82641
97551
63342
24479
35013
5768
25390
55804
62308
64311
4972
89409
16087
61604
4380
64056
94205
85231
19694
94009
27677
60136
70488
56655
98426
26213
53261
31
85909
34586
68247
45592
3401
9217
89417
92420
88680
67904
74699
23082
76252
42405
9960
30118
55546
11103
74868
35211
30073
41663
74894
17357
60713
94287
76737
22505
27062
6686
26053
8800
52506
25358
69895
27721
96064
59380
86008
6870
72187
11960
75375
26300
10531
96611
17757
85272
50175
40369
1109
87323
51344
18050
69957
44245
59692
50890
84878
9113
32480
66912
65357
81994
41851
65899
70576
50893
72509
82238
34054
96165
25095
67998
63023
18112
66287
48593
6825
64102
76530
91464
72329
86693
5577
38730
57455
34455
55401
25649
68029
45173
74502
76894
74390
5275
46603
93381
84448
44631
26035
66863
12763
67936
6315
4943
62227
83346
55026
51844
77957
11098
44064
20775
32583
41015
94582
78664
76417
3121
8443
36120
95492
46859
14209
88880
21663
48201
93608
57748
71509
72906
64144
62193
38067
9666
78701
4393
80377
633
76502
74109
79428
3556
47692
56930
1109
53726
44311
33374
10692
67939
16964
81327
36188
89914
71371
65903
53727
17435
83280
14026
89737
97278
80335
5050
46954
81870
82708
22916
62313
90189
98286
75783
26618
34334
56691
91935
99167
57278
87770
67936
3890
60233
47056
3569
55942
82817
26005
48152
38295
12797
50665
62941
17352
62476
84372
82150
23221
42641
9976
19239
71018
21394
71060
20503
69653
41180
54708
1853
33222
79436
66736
96448
29664
15344
10135
29503
50221
76766
49108
64137
55864
34556
84620
49515
39523
35344
58431
64142
49962
74540
68713
56526
47302
68531
96917
82495
89173
26552
33916
14762
28108
24152
14929
58859
46061
54216
33277
2008
52340
54868
31928
46455
93532
45838
63374
36462
36774
21544
80980
34308
82749
90566
51891
58681
10722
10209
49145
61133
18426
27640
40330
23669
42849
34345
36029
31712
19626
25761
3454
85306
2067
56423
11801
95093
42612
22258
62993
1464
5157
60455
45720
67628
45572
99607
32013
37541
72260
56248
48136
35852
5071
72144
83581
24699
14538
8259
3605
59187
9809
31661
16836
11012
18090
95673
32240
26325
78765
56797
16069
88464
47215
47681
55975
57970
81919
72702
78096
43241
2332
98487
59451
63378
77625
67601
80235
29923
72841
87101
80555
34352
18652
3806
91654
73495
43619
34708
49537
49899
67367
5687
58776
15463
40178
59672
88636
57389
16168
25610
42780
41836
30162
60363
56854
11322
72209
53458
33387
50489
15438
2317
53484
91663
76242
81717
69811
43409
56027
82480
14351
47211
23164
28197
75874
96645
39710
43988
23199
17952
78965
22846
13755
47231
44321
38719
4189
58289
46951
80332
1286
90161
1321
99048
34460
65049
52203
67113
39221
58461
89861
45227
1361
33688
11259
95568
18671
1965
84488
60209
71611
28220
30258
15434
71523
92591
88562
6252
47341
37523
77527
11521
96457
75695
81193
24189
45890
24116
93736
10825
44441
72596
4767
64738
28090
33738
21484
80067
35972
48752
20047
2224
73800
86742
8720
73065
59903
85886
27524
41869
76486
45950
19771
1698
80933
78339
48769
25666
52494
87069
49678
94555
8228
73663
15767
99015
23453
65519
87343
37785
71106
8495
70280
98588
17475
75302
37721
9715
66975
8128
64286
60003
96591
51867
34338
98491
52825
3069
83804
49751
84968
95818
27573
48902
99074
25491
93996
137
70974
9705
49611
94383
98542
89738
70762
67991
75669
21182
84222
5630
40618
39054
58691
44365
22783
89674
97964
56360
39324
17276
46189
20384
81715
37592
52816
75288
80922
21378
99514
91984
81306
37584
38741
57269
58516
69902
61461
6852
81105
66347
22822
31642
18846
78173
9133
45914
37127
83207
26119
9399
27527
37635
60812
53697
63515
29227
12668
60949
36921
95473
87069
54291
21668
92238
24324
3033
313
1421
85848
52880
28213
91111
75255
72977
94454
14547
1537
3541
28459
6902
38161
97714
95259
90115
64456
43671
76772
85043
93754
29289
57234
511
69930
85631
79278
68530
9974
26608
53849
6099
45601
35705
97359
73238
81186
36415
62379
87834
59243
48968
27689
9126
32490
30019
57312
89354
59031
31552
27781
80653
26261
15269
7666
56558
95645
27701
21180
89624
93699
25923
4572
74928
49692
22360
61301
2455
355
22020
8928
28040
81291
88937
25799
44786
1599
48108
68021
39911
28318
89923
9499
78421
98827
73195
79837
30331
28038
40800
77592
53484
15234
72754
94135
33320
44395
52760
59434
10130
68718
54856
88998
37010
22624
99740
99361
37324
89469
62880
54959
47537
59680
81269
61305
3775
16423
26151
76101
76496
42523
30969
74416
59555
44427
55444
12805
8536
94802
92479
390
48838
88673
57890
71192
73462
924
72488
55797
99086
73834
42512
40861
65158
85841
30055
93803
33965
11449
90359
16896
18244
76659
82938
67606
37749
80439
29443
92582
67179
86934
90825
42522
96990
62489
6120
58864
1789
10077
87843
2850
43935
70353
77015
2661
10
90107
9258
73713
14372
61640
78840
97087
4442
75583
82146
72179
5734
90283
33443
93023
71481
79905
88617
12151
83008
99990
43871
2668
79720
71191
92013
23887
23605
87508
72960
47891
99644
80276
67596
47641
71180
55729
78210
5538
8093
93737
38079
21406
80343
33940
53129
11505
76633
94819
31369
64029
81735
64863
19653
20
46235
6589
93992
43181
69627
54953
73481
16934
2623
34255
72535
25458
22687
85801
21842
15751
1695
83079
4057
89271
61910
22465
22325
45780
18061
80507
47254
28785
56138
8931
66155
34780
60623
67575
1406
64591
61736
35028
35911
53140
20255
21145
18783
46088
61405
27671
88818
90831
72977
15617
62333
98656
60805
30381
38110
23769
84264
48212
25119
89119
7698
44695
60795
93691
68099
37754
64834
55111
84395
57251
54014
66667
47167
50916
69015
40764
3682
76236
84375
90390
91689
56422
55808
40520
46597
67498
73975
30241
29465
77636
80326
13524
9908
46792
45441
75560
60350
25091
77988
23650
62836
33706
6436
15726
61603
95666
51489
9888
61366
97345
20087
8027
63837
34729
97429
51276
88887
20274
47093
601
63779
34592
25645
6759
76924
40490
56758
375
5474
93455
80413
78590
98248
60724
27554
57982
49985
40082
78917
50931
16009
64086
68875
32119
57549
72298
49686
75179
49362
94165
86672
40076
77997
77387
59871
28243
8060
99677
38801
21112
38908
51113
4413
67911
16932
41496
9779
3113
7175
39447
1290
48805
41356
96162
84591
99692
65717
93526
49210
4625
90804
81578
51013
11309
6782
40337
593
20860
852
99310
49921
50308
1280
57805
12022
64895
59673
964
15187
16052
62519
46573
68004
9915
92874
37867
98720
81834
92795
60179
62526
14534
50467
34175
30308
57329
100
93104
61128
76595
40903
88918
2260
7864
89525
50982
47524
83550
84139
19696
40019
64752
78338
33157
42106
44231
13573
41097
18435
68914
41617
18758
28065
40672
36784
35387
99841
67104
27497
54692
64794
66569
39835
38592
75149
73600
44312
60140
20390
41891
90342
15169
97694
73098
20160
97773
36195
17309
92069
86076
43756
59002
74668
92214
34977
22144
60852
61588
71080
54137
51140
80420
56053
29447
54901
73450
24916
39746
58008
68505
99919
53433
20707
76543
78571
26448
21063
54966
20512
39010
99191
82531
75035
41420
10936
5792
91900
47621
3614
53004
12747
82723
89059
66252
90750
9922
59115
68247
18197
46710
72857
96449
59301
23563
86157
90322
38295
98124
13642
8529
1081
5885
41075
32069
54946
68609
5384
14633
18510
49109
81549
77294
36131
5003
55757
17195
64373
54455
85792
68649
67332
52815
36769
73802
66153
2741
23230
51472
55262
20614
67497
93775
33979
95084
51923
6862
41648
56990
11305
22141
4537
44482
49737
69087
65160
95562
60317
54298
67805
68962
25948
83839
12331
44993
41197
48265
69116
67273
65916
52204
45378
53912
59370
97895
81612
87773
43315
41046
53079
48895
75546
7383
43149
63651
64111
22850
3077
67681
8641
70590
42424
68932
83666
86299
94665
83657
81444
88985
53887
3657
37745
74375
91073
59101
76762
50625
85111
51842
87475
77386
52246
19270
1218
18909
93416
18565
40689
48680
80882
18347
45187
1434
58631
95326
9780
76446
70246
73071
3230
97954
6329
54329
87159
49422
11149
1171
16310
84048
86888
13486
37738
51235
80206
31254
18343
23153
67713
64756
92883
76100
42968
32763
8103
35540
58469
36311
15743
95747
49320
315
80378
12040
48612
89520
71057
97917
32111
51795
7759
92244
2255
56640
61791
67396
80608
93951
21227
27376
76982
86627
8733
5489
80187
27129
54986
73565
46225
51618
90952
74838
85427
20563
34728
86573
33107
25698
2623
90685
60197
20426
91042
15917
56997
638
73845
86327
70972
40707
54932
64518
15083
88367
18764
62693
91582
74889
31852
21482
34534
97491
51691
80492
60843
32921
6816
81692
21912
75218
34289
54910
91328
30542
67178
56556
95584
92815
48492
79548
53284
68658
2593
5518
96686
26434
59754
97060
1798
72034
94990
58217
93845
81141
56151
62706
68734
10549
55074
24075
93821
92153
64415
95753
6418
21
73190
84541
21188
62208
67108
98767
26397
52304
68198
65875
94897
46173
83805
34409
73166
9756
79893
49877
80227
76071
61064
10186
74390
4472
87821
85035
37741
24416
85726
61130
4243
6839
99100
96664
53244
75213
75872
39589
4926
96223
31820
41541
12943
90276
67808
22561
26743
20664
50909
84065
12259
14537
15526
30346
38957
63003
10151
16715
74386
82073
61025
1980
66577
7067
61631
88057
47073
87141
81165
97952
33884
40304
44951
84003
44250
19523
97243
84113
36663
65260
58291
17076
73506
1661
48871
89705
91313
68753
57707
90240
65062
59156
65202
22853
35197
29839
74963
5876
28644
79751
75488
39602
39499
52956
50181
71955
69586
31522
86096
19433
65759
26037
80052
9126
23781
43949
28473
64915
58195
71926
96744
78319
29433
90924
32890
74727
75101
22098
48806
14410
44559
91367
55469
56912
89771
18688
77577
20549
51480
76916
20119
59791
82657
38274
24480
39024
79103
56075
99071
91248
1366
10048
47680
56718
83006
97168
10169
48574
20066
75453
96854
47488
82716
71685
74873
74392
70568
23140
19355
5092
66371
7923
13435
81279
51807
36953
95662
91159
66443
93865
95624
19025
23026
57557
13044
34511
43687
98750
73905
92602
8519
29003
483
76026
80062
72630
77075
10972
63400
50088
68456
55963
36720
93978
24877
93442
96612
66400
4911
46053
1505
19010
82130
26200
79829
77828
24461
25158
58640
40362
30705
71817
49234
26752
96573
37368
7440
37409
1217
79176
59878
84690
27758
16355
25409
39660
82305
29047
32680
19602
37899
77286
93839
27851
91097
89509
46872
74282
96197
2233
48169
51916
52331
23038
19382
96639
6728
9967
97405
87508
86001
59203
65183
25734
86175
16815
91251
65774
791
40168
95523
95413
92477
39037
2462
53419
77978
21383
35655
7063
90495
33157
41211
98983
31007
7961
32358
4720
96973
28769
32932
72337
31641
45171
33601
78696
12103
68104
41675
74281
98257
81097
73491
56029
6710
52755
59438
13294
20575
65963
18660
85345
74312
90342
97013
52844
17991
66199
94727
78214
84456
86531
68801
72021
7235
23185
63771
47305
5436
23766
41316
9873
79707
61373
8806
9397
59666
85182
92273
78251
48522
19064
84144
31009
10109
47587
98024
41299
48158
80757
60704
45903
73376
63461
89825
11725
12296
1469
48793
83524
88983
12133
7858
96809
24647
8787
5637
12938
81535
87615
93177
32809
73926
16476
29691
65392
2387
37791
61912
59648
25161
22472
99147
24679
63062
95412
36496
16246
71548
97080
97101
58197
36388
8748
89267
36389
11206
87335
6362
1321
41949
85085
59764
60542
87579
27894
71977
56900
33769
24432
9338
74504
39556
89145
58363
66511
12985
83178
33747
29234
72290
89391
41390
84454
90514
34980
96421
65177
27208
93302
54186
15052
31429
60590
17698
40075
62707
38604
37099
35167
23435
79596
82476
47116
87742
22597
18640
47243
50385
22756
23403
28027
53587
77128
29031
52558
43695
75309
70028
52599
31473
6799
29692
40467
70246
94285
43075
78965
71446
18287
3803
74381
46078
98580
5798
92694
6915
94274
96711
67917
16339
49178
14791
4451
69899
26158
61464
54300
31559
65139
96379
87398
68575
84500
3693
16635
49903
42009
76869
93457
79521
39674
75796
32097
18952
49022
81948
55007
71329
36337
45643
49421
78597
2111
36260
82295
92007
25240
70567
44087
32820
88774
47406
6306
21908
16405
5805
61578
94886
89163
42790
64905
17404
3254
88395
76664
73381
82694
85498
20877
44210
6457
82970
95221
19496
46958
8800
66464
48239
21398
24627
24662
71441
32781
60636
90746
92268
69489
10189
2547
43216
20369
60121
82166
93546
80737
32016
75343
13716
59595
8913
9313
39741
49690
99877
26363
5804
52185
86810
74950
7604
39341
13338
73488
64535
18127
93464
84622
42618
97648
84396
3892
72505
82951
77660
23840
46335
803
1674
38758
14941
33457
52748
88643
12484
15314
84921
21750
32904
34272
84942
40083
82679
35239
94943
3875
7031
86633
17631
75418
87273
47394
32724
16067
75199
5021
36808
56790
72030
76037
80028
5000
50510
48051
60008
74146
86593
24694
61003
49221
33206
71714
51718
8345
12705
44313
21213
37266
88008
73785
16809
59702
83172
26256
51485
67547
732
36680
13444
7463
78505
28130
49720
56867
54244
79941
89572
34627
75230
20796
17282
82336
25629
68409
42212
15558
95675
24379
3362
30886
83807
99542
68782
98244
59228
20325
21828
24254
96565
92461
73414
49912
11250
53539
70715
5076
21994
94850
54101
32763
54740
86585
62035
67211
56503
34472
34073
14762
84043
35926
71871
76353
33318
82557
23656
78963
59348
51475
97639
33918
58113
65318
38061
82769
47382
67369
71085
72090
97693
37136
93564
825
70277
70598
76146
97221
37506
1570
41741
24755
86252
7065
40210
60638
20590
97060
16594
28693
29883
91752
45727
70518
97211
20182
74650
89421
48524
79266
19829
89134
63386
61982
17069
46907
42362
71046
6075
62720
6411
26434
41456
57777
9733
72883
47666
51048
25108
77422
62178
50321
50774
42392
42206
5941
91408
23045
3613
50094
95947
86724
48697
58240
81741
52607
61368
24269
89996
93302
18276
49543
90984
53874
22282
3448
50295
87950
60785
24328
72516
23601
64312
71101
17087
69508
38359
20994
19776
11127
55499
19316
67433
55981
66772
19686
77737
83216
76036
57126
11515
23396
61052
31805
59146
12634
59336
96899
20110
38757
55645
3458
62260
79284
77578
72346
22412
77596
41152
12232
14247
40374
4493
78868
37803
98960
82110
35003
87102
2595
25711
67078
11913
3659
12813
49119
62549
32506
11955
4452
10171
41459
883
81018
55482
52041
57056
88148
78402
94425
97274
140
42064
63803
42878
71140
18903
82184
94002
60185
30524
24333
9797
17514
13045
88566
91544
58601
66471
28459
9797
89905
65640
36699
2061
72788
39490
23474
23386
85762
41904
93962
56601
92676
5321
25570
25014
48109
60781
41672
30215
80365
38504
51769
73928
85838
31662
83369
67972
66915
60496
98455
21677
49943
84628
7368
34500
5364
61742
70090
31650
95428
58797
8240
18281
36561
67731
17120
12192
87475
63552
43434
97820
24798
98243
29431
51400
13871
62770
16223
41125
56121
55502
56470
25265
43448
72285
6658
8047
97953
91070
19650
86367
90690
10021
34786
21567
30264
33487
37367
18106
14541
71176
80497
3363
17061
634
96878
51699
55196
55968
20628
42593
45519
28964
75529
39926
2326
82974
74832
64276
61073
9073
14239
96404
43901
57067
7129
14777
63457
7864
21136
80383
25403
98116
26584
84944
75005
53107
8203
42814
75406
54958
52850
41985
70441
77056
40848
61726
34492
94860
19240
47289
58654
73090
57032
5468
56936
84092
59461
59994
93505
82101
88242
47332
34831
40244
17189
47402
2380
90585
64921
49219
74770
32018
88869
6115
56222
72254
25962
66845
16218
45402
80284
68596
88624
73846
21729
52313
41084
21115
28007
90912
93646
48209
49308
93305
66716
5518
7153
30196
59866
93445
59346
43906
29939
70021
72519
26635
84220
50917
49245
84682
58130
92615
43776
48103
1816
19645
58707
60984
18515
64876
6318
81264
62577
74009
55572
26561
82710
95564
39398
50703
65101
95766
6979
22773
86056
36377
38657
18603
1327
95094
68092
90166
71869
43325
32782
1030
4433
1204
91489
47070
46810
46168
11681
94989
87127
78081
81329
55930
14448
45958
43924
88656
11519
98542
19580
62363
85636
21003
62046
65438
80988
40104
59657
23421
96783
16152
9395
19251
41227
54541
22128
81506
4075
92327
3892
18932
84085
11989
35645
7975
55048
82727
4154
55368
51169
79436
78647
73327
23744
70418
15394
83430
39157
26050
66082
6706
86510
88259
98205
70975
68686
62078
14702
59906
23830
62418
84580
19191
94649
648
78278
73646
85357
54071
10390
98260
35949
4289
72251
17347
37504
36067
95506
70808
39147
38698
42348
78024
26244
97186
32421
95825
13783
64670
39289
92970
68024
44248
31538
88750
94855
59456
78678
23096
92139
41747
98072
85086
15660
67821
70757
82221
16008
80858
33470
32618
66571
43894
20759
85132
20070
6556
92946
97462
68226
82453
59863
20686
14782
17420
30236
91700
72750
83500
22491
78048
57389
72409
78669
97399
40625
57262
62364
58423
26429
50199
79816
32925
31200
6670
26398
24130
23489
46406
68680
88299
66509
81215
54870
9685
81884
77386
70303
98240
37585
79056
9471
32507
58366
55422
75228
94161
65224
23359
44507
62808
44191
34523
71033
18026
2637
26937
89485
8111
91021
6105
68211
26344
14820
34192
11538
76173
17539
68983
15514
63238
86958
64124
20837
47373
40728
47309
74558
75778
31442
32237
58905
129
1899
5872
44107
31986
10182
36843
7048
54946
87901
62191
7218
31479
10844
83126
17687
24173
43883
99054
76621
96240
7844
81268
75849
80067
13685
23660
77298
55327
52379
13707
76669
58784
47200
68081
24445
8947
90084
79552
65991
80696
61935
60567
75337
24767
56905
89358
36528
57601
29621
50384
31895
32387
55615
62665
92285
20630
30023
64040
18300
86522
59545
51720
2567
74193
85521
48434
84279
42763
58681
8739
34089
64330
33063
95925
34305
47277
5931
51081
23161
24327
87131
19696
25705
1994
81812
44282
3168
84534
75796
3815
78924
26044
61251
79469
21151
10214
58000
1143
39245
8470
5079
93764
98920
20882
16295
67564
99324
59690
28360
45008
14698
78941
40878
93973
99390
39849
26014
572
92381
41238
45265
99744
66967
54866
29815
8044
3079
53593
74774
24090
89276
4788
11836
14690
19248
93367
20775
4823
85699
14247
44958
43478
56174
30788
89116
99983
85165
67277
80079
81301
84199
57427
8761
98006
63204
5334
26797
44053
91067
8250
64485
45730
84916
4269
55731
9909
67104
26187
74725
6022
19073
21190
14873
78133
96280
1787
43570
36178
65749
29831
22878
35801
73514
93472
39890
31849
96027
13829
51486
13913
66569
76721
13756
77448
49762
99227
58561
51904
75056
79207
32878
58978
92552
74056
62228
63009
42554
30627
1726
61417
61763
90618
78304
61235
85372
28683
72216
91444
64379
23882
13882
53275
74701
60811
39453
42351
7433
37425
28371
97052
43225
91666
61121
86542
96952
63900
43248
99457
31243
76881
89294
65399
12102
90068
52149
75951
98417
52521
92076
21078
27011
67117
87524
51174
65324
79603
84276
31740
34603
19877
55575
5128
2256
4673
18191
70097
29496
91762
64282
21471
85434
72758
60200
87498
34587
48482
41172
84632
8661
63501
43934
54912
45349
7292
70041
76108
4141
9947
21217
17349
79623
11508
64854
11366
21306
84165
63143
7429
71877
82052
46454
6655
88238
70604
35643
54252
6916
26
16587
16841
38430
99644
23078
71101
75943
662
59779
94963
34632
42083
65956
19549
70544
46933
41848
73926
7904
48834
66192
50421
85339
33743
12755
26609
17047
37278
66674
74744
71648
15788
69191
4114
93360
4376
78919
79979
88429
93753
35422
20643
24386
68179
72796
29793
16096
26904
36110
41305
28755
61717
46348
58081
33834
66165
31501
4686
86888
96469
54053
38664
33988
85035
23315
18844
72892
61841
26189
66168
68013
61869
85496
14150
13412
45548
26035
17160
60947
82961
10513
90142
1167
25369
45989
9931
69439
11109
70280
27194
72874
74233
93090
91960
39699
96758
86655
39351
44863
53951
56901
54254
715
69942
73291
66885
76220
32197
44669
88286
40130
14340
43738
3927
85955
63911
37496
8618
39045
13383
49405
61782
91561
98994
93293
93780
68779
93536
74451
16654
58892
86684
72296
6995
26060
56258
89426
31225
52077
79103
33711
37241
66439
81994
87064
58533
30494
89162
6004
75787
59261
78036
305
31480
4546
95118
62693
1720
76648
79511
98106
82684
57746
28015
29393
53445
42044
36742
77867
29696
74484
6271
56541
59942
79672
12163
95342
9566
11930
34760
63285
79616
87531
98663
57392
80856
86379
40816
2449
30941
93565
87706
54576
72566
80997
51026
79494
38424
52600
33618
16489
93752
11295
76308
1303
52989
21495
40363
51807
92382
99775
53126
89789
41888
16225
18489
95153
59082
70622
48537
67066
1227
34293
46925
36131
86778
51695
83974
78944
28645
32668
56918
56965
78311
18271
69532
68321
11222
97359
4402
59360
46015
89009
10066
31165
40438
97916
12688
56341
62507
55873
20412
67801
4063
66552
15262
59458
64369
40176
14525
1294
37521
61418
23161
59713
42857
96161
11477
23616
46692
50168
83930
61722
66219
89176
21050
12217
24226
15760
95692
88861
39006
27633
16437
72772
12256
89117
52901
11759
3009
10073
3951
71046
82834
3108
21839
84597
65847
50352
88307
44277
86438
89071
9648
12338
71943
58689
1581
14887
45501
3044
35232
48609
44483
25664
62287
9888
44980
50389
47457
53740
43259
99718
20607
36618
46217
12884
78888
63111
67336
36452
46369
73873
27452
51415
2422
49935
17985
4098
828
53567
87535
38014
66258
99964
74841
55342
26562
57170
40820
11951
39616
15458
2895
34567
1018
86720
68463
73029
66121
59059
79801
38470
47550
9048
56674
61358
21156
93068
23241
12352
91903
40882
49561
93889
66204
5245
33459
20643
61777
90874
86322
21718
22290
55385
96836
30911
70977
92884
50397
15702
81471
44955
37976
41769
73766
49065
90463
57209
43290
13483
34185
33493
33929
28468
20047
98734
65897
9005
68362
95773
53260
47820
11252
75246
72737
58082
16179
92165
12212
25762
90380
28271
42671
7538
30880
46947
2905
7791
20123
17139
14781
76250
77352
48294
56689
52828
87789
93821
35337
98101
65014
61971
24522
54623
62441
33650
33703
62730
69031
15683
32885
98298
44996
17527
23102
5913
90822
26390
97587
73100
95829
58105
88882
51223
80991
77010
70467
62957
18557
19908
70293
22357
56827
14111
60748
28408
3749
88047
45096
97229
13243
40175
38760
4440
84254
16483
31253
59825
25191
50775
62006
61398
96234
62237
2271
6909
73089
73299
73632
85431
63182
70745
44172
49122
45389
10527
41471
30885
56779
94693
2164
2774
81293
357
59856
55654
19345
84441
66968
64508
45756
10642
37766
67781
57902
8895
26123
94589
11839
53838
55319
30450
14415
59665
34047
42498
96002
89637
59051
73726
75012
368
3045
30497
48610
59231
80105
95876
2380
46617
87563
88647
6330
9123
39675
52540
32979
76391
91220
36493
84404
46881
19045
2940
39374
71714
88359
21628
66310
17358
59652
29708
25390
93242
89496
45388
7596
7268
19170
98670
28789
30247
92209
65222
66275
66671
24119
5291
19989
81507
9518
19611
98416
22557
89321
28130
81322
105
91122
76896
70872
58477
29565
85021
86964
57855
63257
13087
19627
94287
44943
25710
57220
92549
7703
54157
54672
53822
36665
72703
47594
83067
1638
84803
7840
40041
31291
2832
3921
61365
64065
7491
16145
42274
27798
70312
681
7187
78258
8419
3413
11032
85664
25702
36563
83807
62391
5866
14853
35164
73458
27499
63440
18419
29301
87804
56838
44761
77181
46923
26564
60424
9166
58261
30221
37451
9565
14945
64751
37391
53475
47484
75564
28246
69290
36562
97403
75936
48239
24032
77650
25424
87979
68756
87907
36566
44051
97726
12972
39994
13474
55920
30005
31334
81854
42988
1866
27402
95481
99112
74242
47445
41115
77462
81689
25973
51934
35193
49128
92739
90400
80902
96521
53149
69273
1139
72445
40409
70354
93655
93400
11838
1973
24757
23916
97555
17479
44230
46391
26301
34696
70000
80455
49127
49789
30204
84309
10516
87067
61933
84631
8857
48597
20232
49593
32572
59398
76855
62061
80715
70543
61456
57048
1825
5711
62404
45471
16357
53545
84134
8494
7704
88802
22827
58043
20399
447
47394
3360
39068
16829
61928
53342
8421
9023
84543
63241
81740
75164
91344
38156
40623
82169
65675
55758
73239
12952
78629
43416
87384
84732
67952
56970
2933
53438
76927
20054
25770
62189
29193
32125
12003
73494
22992
63886
8614
8113
48627
92802
21168
99163
63731
41193
62201
45977
67870
25535
23127
67068
84803
7447
21817
3978
15976
54335
48877
4957
50409
54982
32096
64488
37470
19551
45970
59219
26152
67129
59176
1789
47144
65125
64325
85827
22247
88221
21001
26758
94769
56955
85568
51392
96927
58701
77385
21746
10307
8025
57518
68656
15008
3656
57704
93645
60705
56680
61692
44179
95222
2982
19824
741
66358
21337
19924
19677
43122
35990
81730
27754
33334
22119
10188
93453
69413
80704
67560
78769
42166
24224
48912
18127
9610
90520
86780
43488
7421
70680
25121
65567
26528
76822
31535
91787
37131
84827
85033
75589
38777
57707
78624
74316
26294
29763
35322
92889
93467
64250
24231
80000
89119
82923
2013
70998
54069
1697
91130
75837
34557
76435
12256
72442
10868
16163
1226
56511
90583
18401
56322
84586
95670
91971
39991
84458
45600
74595
91832
79846
55197
93890
50020
43170
46448
45121
76448
43605
74808
60537
37717
35434
93696
9195
41031
62341
45451
6181
63447
10131
28537
78810
2306
75066
7928
39644
84329
97147
42932
17555
25397
79474
9864
11283
20640
40667
26415
69085
25993
65747
39714
57621
81703
30046
