77200
25140
14164
50373
0
68352
75572
48466
22069
68284
41121
79245
30906
18278
24452
65954
10984
90172
40585
38190
37475
23159
57813
79017
46787
86452
15902
57056
94405
79337
4785
65707
6806
870
97483
84851
85563
16948
15355
93605
42647
2797
17952
41181
2137
23267
45770
46055
49311
41367
56638
67986
37240
99250
51204
54041
67326
35146
3586
13548
52449
18516
54061
42731
63498
75413
72438
30036
20794
39601
80391
94035
74816
46979
95542
34677
5207
16632
76879
23519
40681
69847
7744
53038
22699
36798
28467
7555
49665
43442
17524
50416
13362
1807
41155
24131
48736
75220
77682
26724
50828
15734
25261
9710
60975
62602
93170
90260
3708
16527
48834
50694
58267
80066
72867
82602
10771
1023
20032
26699
46945
64882
80370
77351
22077
29974
80673
73009
5823
71411
85941
29986
38950
50155
72691
24946
44586
98034
92062
60097
43628
38207
3847
33138
94608
66829
92149
33295
28939
58553
13360
47712
55187
50982
79778
85946
35363
47909
87632
31001
81928
20160
84436
32296
30585
18847
11744
8111
7375
47921
38016
12736
8961
59934
83071
8738
61034
47232
82743
55247
37825
47377
44070
47270
58051
38228
74798
87967
70377
86744
89582
96676
10402
61060
78168
23467
53770
71550
2552
75760
55085
84037
25920
81018
20536
623
38751
95253
67910
71039
24912
88131
65165
32385
93176
34551
76090
37165
74245
92356
44048
23776
37734
20630
58338
41339
2334
47900
81766
59603
54968
89483
44679
6983
161
53787
21457
63051
26734
57427
99477
79545
20056
99337
61832
1451
31510
78016
67884
43617
47377
16605
97304
10195
31711
31309
46303
5289
22680
79196
98289
90850
13486
8307
16071
35428
43451
58182
32223
39389
13094
13038
10431
16818
92878
64502
3719
38397
58798
56886
9828
24317
80016
38148
12226
38362
92178
34483
75271
68852
7484
16167
40371
47537
59138
8627
66059
11749
83265
26404
58000
73328
45793
28495
30523
34338
6173
80486
17316
67208
27589
7905
46491
65793
69367
73971
10833
75338
96081
77708
43249
8967
82911
63370
31904
96926
72666
62893
57680
84251
98443
91969
55131
32393
98886
36500
78524
51521
7624
77887
32188
11692
17166
8062
41263
99578
69675
74578
78170
85166
97793
90720
15668
5557
83154
49032
90416
82422
96590
33596
61671
43280
22806
33065
68765
35619
52774
14097
66907
32866
95446
59312
67713
18193
45519
31556
91800
74849
22107
32326
27251
98088
84722
72513
86457
7723
76301
49573
49239
49853
46084
96102
54931
74028
16215
88908
88886
84101
39297
5643
46803
55578
7670
45303
89719
38481
23007
97474
60037
51597
57232
15567
60314
64263
6345
63583
58558
50292
46607
61041
59318
3200
64858
17053
86782
99344
4380
93685
1978
56611
42670
7699
35552
16463
85523
71673
90417
39418
82794
47976
84715
78826
89536
97641
92621
30516
35787
90668
67682
52632
30350
38594
37493
78255
46325
43602
90719
90617
58521
90374
34100
29322
95496
3425
8927
49533
80015
43851
78740
34672
73165
19139
67497
98631
76326
80491
13664
67217
24432
56265
63557
13712
26002
49345
26261
4076
70205
57296
70138
41920
80953
99800
80897
92419
13875
55393
83330
86110
88713
43087
50501
91936
11927
33009
79466
11210
71096
38862
1928
65833
29938
23502
66184
2255
26817
20387
3319
46150
77164
4850
79327
22718
73713
36819
53719
73364
38241
75078
84755
20933
97161
27553
78503
81344
5764
71620
1784
92992
69878
15050
32979
31342
55368
4304
11982
57451
33615
78642
65601
93487
52073
37179
8946
83862
63759
27782
18223
75108
79290
6102
72969
96018
54106
80995
68672
2384
44998
84840
96490
55196
18602
10327
76271
62113
71871
47985
67350
69408
24837
96268
39749
59598
9476
91267
68860
59981
18607
94640
17584
77981
53397
26676
13702
63776
42081
36961
77236
74372
35632
9597
12452
48775
82152
10404
74884
41746
60908
46832
11991
15774
60432
48814
50271
83022
66352
13371
86541
62838
12135
8690
83777
50357
67255
18508
1799
91926
96625
12494
20032
34909
70748
92977
33776
15239
83815
90973
77446
99071
16382
27114
99073
71774
82649
1809
17549
4583
76405
30679
97424
28709
50419
14397
62237
26941
25820
62094
81519
63643
8605
82958
45120
48413
26800
77082
45026
67455
15038
35031
99206
75378
35925
87470
46455
85020
9616
12002
67708
65445
959
97216
15520
65945
15070
91322
84490
56351
30739
6834
89418
21721
9454
13802
90466
33424
81993
50660
44974
5566
56783
50094
89544
41373
31472
22045
92784
62949
67941
77217
17325
13817
94385
16074
62684
11389
67437
79175
33343
35477
92591
88674
36715
8203
45612
77485
65924
22122
97003
13031
3027
58956
67028
62141
8662
50865
7671
74147
34472
93024
98537
21540
88410
53522
89509
75601
27335
93380
51118
79077
65986
2817
17316
9496
12974
68109
13378
81340
95760
53987
56120
70662
65945
54909
74189
58368
46788
32243
7412
11818
3717
93290
44702
40318
36940
71051
264
83192
18694
70011
50149
72544
71004
17926
47045
209
41639
57532
49166
40552
37486
26330
78386
80484
36904
27875
55595
33500
79333
31140
28812
95091
85968
39299
75359
72695
58114
76998
72555
41923
67845
30186
62646
25748
3837
83576
99657
48018
7864
73979
16729
89256
83076
66859
74332
77387
14903
64218
3414
9065
15455
66763
3859
87554
41199
55058
86576
31705
42566
74349
42095
64640
84976
7242
72707
7300
63684
52637
76647
53327
28217
7576
25636
5353
14410
39555
12014
19108
64966
97972
57792
93896
73584
63490
26468
1082
26326
75091
84549
48779
96999
67952
5451
33515
31884
52088
4279
75834
94152
67032
13702
62266
87570
50086
80847
7878
41126
98505
73143
1643
43043
67467
66738
44594
16557
48198
91056
21486
80774
71625
80973
88592
68088
27867
56328
60264
2125
92121
73469
62322
35276
36180
24956
97934
84269
95526
6325
23498
82642
18590
59955
27820
1947
82905
5736
29531
1214
60857
16957
83685
61031
82792
95059
22526
86058
25109
94177
59703
93758
20582
5753
49005
25036
10821
66367
6862
42511
68804
60324
21031
41872
67558
38843
62184
11669
53152
86645
85183
22131
26796
59050
41268
75163
89783
1290
52483
41120
2429
11875
59160
1348
46622
29739
62060
12837
10950
2784
91126
16537
98873
87020
32410
532
95926
41812
93473
43949
32875
10857
32906
38464
8993
37571
66961
61532
64485
73841
35252
9530
13883
65741
40081
56928
1164
19682
95250
37818
76783
49347
719
50367
95518
68645
23258
39775
26640
40735
79236
47970
7816
8533
8245
91572
78969
20695
92354
9050
62778
527
48351
37108
67532
81596
2653
33131
46938
75481
99367
76244
46562
55655
67166
83528
10137
82538
42946
40348
14313
27186
34892
23749
94604
87281
1713
5349
57496
48509
77959
80469
27327
86199
75040
76255
995
63610
82835
13922
65991
90127
92836
51158
41367
2992
1408
52161
41367
24717
81434
96431
77749
52006
94737
35591
65635
24602
42503
80251
79882
97303
75634
98429
97522
18898
48916
60363
80614
90910
82533
46526
99702
29023
74356
24185
34349
83733
82381
91611
85873
49551
63982
32779
67074
81527
2720
75321
91461
39448
10620
76392
21107
2584
34039
68687
14492
94407
53636
22469
54076
41044
71546
50457
42184
34907
96728
48725
77649
70552
1242
81901
42220
50891
94377
30330
33321
42855
31354
15994
16178
73594
68902
41166
80289
6140
25419
97118
94983
5668
9692
39941
30096
59912
37535
44829
78004
13524
90595
32167
84799
53995
97671
20909
38205
28719
34172
70215
8206
3709
35366
71637
63052
37642
6291
80481
72142
30380
70168
36043
9488
99610
53741
71980
60859
61300
51805
82308
13356
49548
52325
19797
52260
99187
31195
62183
75923
47993
2960
51570
71968
55204
88911
91274
70302
38055
76889
92454
53621
57053
72686
47624
43356
54551
22679
85188
253
25690
60049
76904
76914
51864
56859
58657
51383
15568
19377
63864
6447
44107
4558
24148
27419
18598
64075
54283
10698
62466
1678
22804
84411
59350
28686
56302
76861
4701
76441
97708
76508
46006
61929
50232
87943
26056
74656
20103
98345
30253
39891
54733
18677
13024
86006
9513
52495
48538
20204
24757
90475
68395
74489
37786
24012
37245
92492
17563
23177
556
81796
46682
39127
21668
87355
60440
82178
54325
36205
1363
43942
43971
55938
80444
22575
46944
4126
71387
73344
19173
3806
28323
84497
51683
7233
8113
71516
24142
26220
50697
33563
57092
96926
97788
48457
93209
15606
97008
25668
25565
27335
98170
12332
18840
80815
46503
12456
94044
15211
77068
33119
21105
44218
4004
96750
53472
62184
87444
14435
79242
88924
58035
28104
85508
67800
86849
47045
58150
31987
29366
31338
7117
45718
47778
91837
5636
15991
65656
70867
60729
95656
77471
8931
49152
17578
12457
12874
92922
1038
94985
31024
28161
82573
46426
36641
69299
70065
26824
51040
93966
99458
54306
62057
85844
45729
26001
75387
96440
12166
91114
37481
96528
16576
53705
83585
11452
49104
78952
67929
55343
73975
54123
57111
37002
98342
3176
24543
99292
11136
22538
35570
89166
14616
76901
61271
41349
15414
23086
3422
91576
37069
16433
80755
9924
57503
34495
11584
28867
62840
25188
20195
91112
58894
95697
19990
45335
97194
25055
87501
42553
1457
76095
85303
89628
55543
48314
81912
39675
92434
42235
96038
26017
75530
76353
18273
57541
73367
47187
79498
63847
91591
95676
36451
85948
2342
44457
30272
18918
56910
15936
44155
90358
35584
60868
90118
60974
31130
91127
54380
9189
52582
71909
36433
20604
29150
94177
15582
82540
77424
62449
71967
50007
45556
23654
50962
5781
39643
99355
87285
11085
18041
62993
82765
76497
98080
5679
90432
14661
86235
57298
26411
82240
92806
70309
11264
19682
59242
15846
56797
8164
28875
47732
41494
94461
43969
94147
44801
11930
9906
84336
21331
31775
3841
43295
91147
89589
89144
59936
22523
23470
3745
921
96304
20125
36037
89726
57200
75247
12390
31280
46539
23796
42557
79120
82209
70309
21499
88303
32528
3933
60877
78502
4754
1899
35967
94636
78399
49510
79162
21675
30537
99306
93323
33326
4419
27954
51427
21368
58423
54242
36947
69554
99539
78626
37796
97534
89217
24720
61085
20837
68090
840
27407
18590
62592
25243
96166
94405
84158
41401
11327
7689
96085
90715
742
47233
30473
9230
74701
54255
18882
130
29880
78286
66986
91323
78962
26128
64102
38432
5418
53678
88425
58324
53585
29697
71898
74732
70733
79176
31787
57021
37210
17021
42914
29257
73469
8824
77883
90563
67061
79986
50019
6830
1954
67959
70959
49121
51604
71269
46280
70037
30303
45726
35982
57649
19264
37760
37130
71045
75335
55741
38497
95524
22467
61861
62919
12859
35371
37728
17853
70138
48245
73538
71371
25432
3658
81595
56369
85625
58737
22776
23127
99464
32895
61750
26717
91483
81038
85265
9992
35708
71694
6838
15228
11319
41489
54494
84362
40093
5039
58100
13749
13875
53415
76142
21792
56764
74354
10550
53990
37669
81391
51504
12307
52558
32613
39032
62629
60717
35143
71436
31820
50106
27736
82145
98443
41406
58310
60051
83943
49164
97232
16275
80585
637
9027
9251
46048
56753
39958
69953
17129
70487
31274
72322
54317
20189
94531
62670
78706
2456
91865
23645
4950
33603
26279
63643
86139
71270
77698
80385
98453
14303
26607
4826
40436
65115
70919
11669
43531
23361
92984
5876
20758
65190
54306
61332
18831
55413
27828
78254
46875
95640
81345
81486
57298
73587
11325
46981
74358
45383
23112
74777
79054
59572
71499
2826
43880
26448
31886
89201
49270
82861
19139
55344
9471
85989
2886
39759
79297
64946
44812
30726
43442
99444
33510
2813
32957
45120
47527
66849
53789
23937
37311
98147
249
18206
26821
61185
93690
51480
17452
92382
23527
38626
28984
64013
76500
26001
72014
71308
70701
71566
67684
9411
571
92386
31335
79610
26062
68685
69868
98760
78920
65037
35412
25332
45550
20991
55094
91265
59167
41700
46069
27816
47494
52429
7198
4816
70459
69496
26312
6955
73105
76218
96147
82223
56252
27899
97575
7863
86871
47211
35123
25004
81611
18692
13462
58490
3213
3651
18463
55509
70907
80749
12141
29001
25496
39868
61917
48142
85187
26519
9150
56566
42373
62912
25654
2701
68889
53189
69079
17650
23415
47230
4393
11956
6577
21064
46204
28802
38967
48708
1602
66808
51032
70803
36048
92355
64077
67146
56726
16384
65982
49433
22676
60352
38061
78556
82631
18699
93037
10760
89600
50024
34572
812
32093
23676
76356
184
22424
4432
93664
33115
9175
36478
24916
42342
5533
71569
26864
33298
38623
1743
96462
52694
51668
73982
24554
44041
73895
28020
38432
27505
35764
28206
59107
51578
32235
50220
38710
12372
15999
63893
44722
52294
22720
32866
40258
86198
35436
95718
73023
11061
91834
59739
72136
87857
53561
81877
49144
58110
99122
32314
26289
94403
65999
66158
97351
80968
77370
73337
10106
55313
32859
14492
17298
74730
57021
44168
29974
18802
33723
38355
8605
78176
54996
27371
35670
76024
56070
71250
98017
50358
1075
80599
13249
83685
37604
50318
86294
56561
35515
59290
8827
62098
85612
17710
78202
77342
42440
97405
30836
9392
51903
30342
24387
60766
23709
48112
39406
38628
30488
21326
24897
6120
75320
59747
54237
52260
1242
33613
37126
6702
57873
73412
83287
74433
29528
46506
92563
37286
49168
58327
33584
58664
40414
88624
98455
70733
56212
52482
59975
89491
10911
47666
26073
14188
34392
2707
86778
25864
63472
25942
76100
8827
60279
24133
51519
78490
47054
49953
31238
77202
55548
2120
89459
72161
87742
66233
65705
86695
61292
83503
96047
48759
73637
47635
95791
10206
47339
69098
40041
26820
59728
66699
73814
23226
82227
24756
98384
16280
37105
19964
23678
6258
21244
82772
33942
8791
58207
53912
26445
68158
37001
82
64571
79968
29894
27340
35189
12644
28342
41312
31151
77956
9912
4417
17474
88849
28305
66232
89933
62985
67848
49425
49590
41327
59825
89789
27515
90864
13692
86999
51998
93426
42652
71882
89819
59646
2127
93845
93332
54886
89567
85740
87937
95792
88813
45722
96345
16826
65298
45093
80485
91975
63978
63460
309
87576
50491
23243
20143
40104
99825
44324
98951
41342
89313
37724
35303
38030
14598
57827
86721
34460
72899
35046
73418
82108
61487
53798
52514
14102
93443
10688
25565
68599
6514
60023
29448
79192
71572
2242
9155
78883
73702
53227
55061
45242
86788
46595
6478
51088
10419
58315
2228
7471
58371
46025
19075
28931
90041
18201
26088
96692
70729
6040
46661
89136
18758
30352
34827
29290
8276
56110
66457
12355
48672
7838
60757
19672
79985
28176
95320
14892
47319
1426
3683
35128
8459
18094
10228
60489
40948
516
89151
53371
76154
12462
8154
67661
6566
65925
26483
56435
11767
77188
42811
54308
91857
89873
58798
50532
85267
99402
48946
61864
22881
11196
49373
69302
2357
11533
80676
664
20124
74338
88341
7760
66959
13086
36200
36210
99683
93096
13106
14059
1692
38884
3124
70130
58614
49375
43270
18586
59296
59695
75221
41545
51569
27286
30490
64957
63088
38851
65303
95033
85248
25819
36311
37428
88846
35051
87348
78771
53672
22588
50848
92171
86296
34886
60171
83996
8071
79242
10688
52982
68262
62090
41368
60428
99117
46796
56190
39673
82596
71243
73121
60832
27792
18072
28811
75873
2572
65696
81284
23562
62026
64499
64914
36707
8846
83049
55248
16682
67114
46493
56886
83846
28163
12321
26770
23157
84451
75883
38311
42050
78861
47675
96174
82429
49466
90016
64379
68223
6075
84298
81423
42375
97958
87125
90955
3763
97176
4660
51582
16067
91548
39507
72558
36102
14356
89274
32668
15470
91302
5653
91421
26689
27384
39233
44701
14351
68324
82484
87240
18829
18670
87024
10607
82816
65069
14510
85888
41037
21366
23007
25981
79791
24301
22243
50502
39354
75116
60071
68072
60192
57347
48908
76921
422
92876
54734
14990
58724
42424
76603
35438
14691
17419
32752
97397
4523
28900
89742
71033
99846
3386
91630
94104
68294
79671
11630
2388
5141
88731
5347
39234
8252
14412
27048
61481
69761
10102
10185
89939
10335
99520
27163
98613
44762
87569
11289
62371
91548
24846
45978
10454
85374
89038
68226
56805
65716
54804
8627
20750
81245
52345
9849
69993
37076
37369
27185
279
90371
71270
27635
94420
18714
99802
60697
325
76223
93017
49341
80725
68382
49259
10839
80294
42752
94893
53860
19214
46185
70243
95764
14956
1475
89434
8694
57989
89671
57170
61536
7393
60383
11010
72000
20278
97210
51558
91739
85572
28341
67900
80582
72699
5462
27901
52368
31985
41506
29554
27240
42183
83508
7971
54093
20127
75505
12678
92944
29280
91107
2707
10654
19052
31480
41948
20341
57371
77259
90560
83083
91194
3153
68288
90872
78285
89661
23065
9493
73573
37066
76708
16483
60116
29929
19353
23884
52412
56916
51872
44773
84531
58613
62458
94464
25633
57246
61529
41219
63514
7560
94996
54726
50945
46470
36045
39029
15220
17098
75808
30466
52440
3185
19370
92213
14399
86224
50537
89123
12127
18063
67928
455
25386
45787
98551
32580
40694
73823
65239
21038
28132
81845
45979
66013
42070
21981
65537
13646
93883
80323
8664
35313
81108
21405
92332
81346
39242
70245
80064
39408
6708
72405
29092
45450
39631
94541
29339
5157
47918
3465
98334
41396
51859
54769
2334
70594
57205
53357
50143
92417
20686
36891
95239
31803
9399
32614
19346
3981
53454
17204
93338
70449
93759
25830
14329
55726
52753
529
26381
47528
92641
60380
65727
90418
81988
67267
83454
26338
19071
21738
24141
85885
20102
87646
18721
69817
77166
97288
36050
7017
75194
25358
51702
30713
10127
27885
47637
26028
40440
46608
17841
56676
26976
2614
99776
60306
71164
4820
49815
42132
49159
93008
84909
31716
93063
7452
50347
6112
7109
44512
78559
55464
64479
19364
72334
67282
8677
35013
80291
54102
19630
57426
85898
72462
3896
67465
58909
17487
87870
58415
98653
72345
47472
93917
57857
82185
40448
19986
37650
2674
77538
41524
18918
95927
68048
62376
92196
7611
30279
32493
51628
36150
24528
95713
22502
91733
7110
12446
27819
25597
48542
32859
18242
48694
45858
6213
7991
70561
61507
90148
26834
88691
97362
77617
76564
78105
38507
89970
4414
41520
75268
51297
87207
55377
6786
62502
47817
51759
71415
66123
75075
28001
92166
12052
54131
44678
23282
70224
50068
61834
54385
21635
46104
40131
5659
62937
38787
46911
19148
44396
53225
17139
8032
86299
50329
97245
45652
62864
41907
83356
58396
56232
99145
95383
15072
98832
96524
85309
23485
31886
54823
68283
39901
42579
87134
53632
5193
47076
49718
43848
23714
905
32611
27019
12898
57936
19969
5867
61723
56886
99026
60417
28316
66712
3438
98153
22489
50721
25058
6826
66413
53478
23425
87262
89572
84941
77238
65453
99164
96696
92051
98575
13146
98059
59641
57491
23620
72126
82484
57136
78862
90656
23586
66599
32860
94406
39966
73188
39141
88981
31142
54471
22017
42891
77435
70236
77479
45349
37446
27956
80698
54515
6702
65027
64834
450
47270
30257
7071
45947
74532
50363
68237
67922
27964
75756
29891
56826
54402
95166
44975
4049
26312
10182
65553
37580
76558
70255
20623
89404
80011
78271
34680
54527
76438
24347
83953
58559
1764
32409
47135
9708
66117
93194
14449
80779
86234
54095
14927
1678
40344
20653
90947
42280
82981
76648
28203
96520
99473
27254
23892
77015
9633
17666
65935
96260
15682
13709
91483
3616
91802
71332
55061
21992
48030
35266
37931
33117
95733
84773
51345
22462
55328
18945
49060
59358
87324
92400
71545
99789
96143
87433
59085
74510
8517
70120
74
48450
27258
18188
65097
72524
62612
11310
9876
69011
65591
68954
94249
47714
38716
95085
787
14700
75909
1429
21687
90688
68606
6577
8936
23282
42163
91693
7473
4369
12247
80551
13475
77909
35192
89481
5859
77544
19676
78820
59850
44017
9069
80048
93766
18369
98150
23831
61073
1057
86646
44385
98601
7087
48433
9386
79844
20681
9251
41815
30361
70918
3837
5507
56764
85039
55479
16340
12522
49235
89226
23242
95023
97088
41579
77669
81619
88558
12810
90566
25131
18332
30620
6415
17722
67862
81950
6387
29476
25805
9637
85178
68292
77861
48459
88931
40180
3562
23284
8727
62890
81810
11309
11837
11831
63403
49361
1512
65508
70764
27766
91286
7870
18685
16683
12029
40298
97421
87784
88901
3089
49091
86863
86716
39598
4048
54949
17162
48629
52647
37488
78057
65273
4083
27675
43320
7022
18782
94584
54318
18501
80438
40879
58711
98039
18351
77307
49607
61177
36430
48633
42758
15777
34382
5638
13799
94946
24593
72239
7783
8454
32198
52882
12861
33275
49709
26012
3787
91009
73362
5006
21516
2837
33465
70400
22650
8211
28152
88677
21246
26740
5342
55984
12199
4013
94730
62279
30890
98445
13876
48374
82429
46542
86800
45864
86302
27555
28018
25436
48329
92338
73520
58598
87814
31423
27117
39921
82312
63982
82987
5587
66794
35915
50992
81042
3112
76213
40682
8847
38545
87429
95121
5341
77133
24988
22576
74973
16036
87600
84098
95094
80193
2715
40347
28908
53220
46743
68170
80775
76896
54808
79966
66908
15457
8288
81579
46514
95549
5758
42752
10088
86873
19170
86891
60899
97217
68178
81465
62826
8847
52143
23884
94712
79884
87892
25394
64078
95567
22084
27822
56368
8043
59906
31950
83736
7462
28213
89884
68845
43409
76062
79424
10278
44847
74009
8221
61023
15824
79448
31690
85041
65278
5344
71928
24753
30924
85254
87023
27565
82894
17500
50946
73464
77935
86384
2044
26966
87219
3154
53436
69003
78294
12620
19416
32784
72719
13606
49864
5874
79671
64370
48254
16119
90394
42781
91089
2699
87978
7197
52812
22208
41189
62319
85950
25908
25116
5959
32342
58463
71965
81255
73803
12669
26011
62687
6746
52658
85927
39143
52034
17318
35390
81148
47893
18523
69245
34826
83070
35154
95294
99344
38988
80022
50342
31228
27813
15975
26669
93508
7668
66759
81263
91401
33909
98415
90567
35584
90107
27706
36034
38431
16772
48834
55163
35493
86817
60041
14425
67427
56662
90289
22889
97188
63168
72620
42266
93781
62327
94783
34873
90771
25989
92419
31475
85274
36055
43989
47238
49477
27956
33661
44718
55363
99120
56863
82572
90154
24858
14848
44410
67772
1550
59241
36845
17378
43870
84075
28232
61289
56149
96785
73257
95324
92833
45263
12441
24353
17358
69888
99438
42828
12802
64947
39471
23001
45571
67525
98067
6305
90047
52112
68922
47478
50372
67100
89220
66747
55573
14096
41404
51979
15756
85949
93328
31170
60403
49393
62530
53857
44421
58219
72795
54969
15410
1582
54970
36603
19770
13843
71807
76344
86007
21927
71241
4036
27862
25779
44951
25732
56042
45694
68779
3262
28484
47458
27071
26853
71618
8301
62598
96177
4995
44210
61883
31828
79317
13953
32068
48790
12130
52617
46977
41730
42289
65060
65972
93829
14707
89292
3307
34624
4441
36797
97814
98727
89439
69533
26485
67951
74510
28117
64985
11469
51245
75630
71348
41796
60043
39413
24718
13909
93711
96161
13602
3425
98716
27048
60972
63424
81486
33242
12145
82325
4993
27973
91735
68197
46395
63155
42388
9784
87467
64116
74280
84013
87632
35507
90484
66658
93711
24175
33785
75293
64573
89397
40912
8280
23195
94389
10
62391
8560
63061
86464
41268
15971
82659
6475
23271
83894
3150
95401
96888
97024
14934
26442
29594
21881
29588
15792
63209
36564
94313
69712
57311
99456
36852
17751
15596
87060
83454
45002
52006
63144
79997
1223
24406
77652
33011
68041
4972
29032
67212
82763
90560
28774
36897
78268
49639
62955
11318
86399
93606
78597
36801
25826
14246
93348
29153
41812
79119
64907
90879
36210
440
58148
43394
33743
17027
13710
2035
51942
88869
61547
10819
34177
69351
11550
79152
28536
62558
58583
68112
52640
75742
97055
51395
73409
26343
54170
86977
31058
48498
91199
88922
40065
38152
31001
82323
32411
85379
3154
61241
35928
60920
59376
97530
32059
67777
2624
56475
2696
14196
616
79254
20536
96794
38238
60468
3385
6753
69985
7400
62856
26732
70977
3443
97669
72625
70754
96024
38349
29226
46740
43157
59403
97341
32183
91720
16365
99525
19336
5631
23718
97695
84281
16861
47881
11945
68385
43270
99914
70533
78938
25658
15393
95754
98384
9195
89942
55932
99860
59433
97023
6599
18125
73469
67455
57459
19850
23194
64611
46517
44102
3859
87417
64354
83681
65161
42451
54115
55561
85724
4239
27483
96110
67816
50287
21081
27763
63648
98956
22988
1778
60433
99664
59902
8608
17118
79570
10811
49405
90422
92094
45190
78659
53396
26430
75078
38241
51039
12072
33223
66744
35827
370
14136
55193
69539
10489
50308
23182
46373
29695
56201
24238
41622
44739
83669
4195
27514
55745
66563
85590
31640
4709
65139
93629
59049
48824
42714
41386
75209
82840
76724
51576
65732
56243
65950
60062
85528
4708
39069
6629
29261
87629
3031
60726
35892
20952
37036
8656
42761
70883
10726
95293
45509
47633
35104
31117
35231
20506
96144
20715
67775
8922
47972
63533
52971
4625
58505
85379
78788
23606
18667
22806
16676
59934
56329
44010
1677
4413
57736
38096
11787
34058
98625
4325
72113
81430
6066
18099
21139
34833
24831
65021
8563
18354
38854
20338
39656
39498
7754
31267
62446
51657
29867
19154
52216
87920
78617
85575
91303
91093
29439
30817
62770
58048
8927
33716
10297
43646
91419
71540
98559
40406
64239
43955
98775
53645
14242
98322
21080
35990
4354
62179
96658
26469
75650
60130
4190
79470
52109
84193
2813
20490
26796
30046
5393
94013
2251
50515
9426
5137
10041
96009
48079
36214
32708
22040
87417
85911
20379
98570
73677
80294
64495
55312
86739
67260
34159
36300
82397
48797
29526
30826
91537
7225
68727
78068
13610
34193
38561
4761
51394
63727
88896
15942
25949
8344
14100
60444
93761
53609
72712
18278
59091
53539
10516
22518
55995
71483
43306
38133
59854
65950
68117
60628
75610
79214
4472
40853
67487
54639
8430
53224
47350
15617
47176
9950
91398
48552
29362
78395
53160
73714
42539
28788
76085
11247
71734
37998
96709
46208
22073
42126
90886
427
44906
85443
95609
28267
40332
46735
3871
73246
92957
39121
45179
19488
70928
43474
6362
565
31120
7442
42121
64911
84973
86140
23410
39329
84543
64363
7479
66474
44143
21278
32566
66303
62337
46922
70711
61732
14340
63131
8220
82627
74523
79913
80757
3418
83609
56597
40319
28260
31635
96143
15088
14630
5
25975
15454
58766
62033
56280
43723
75969
39255
37397
29102
71678
6554
78875
57150
24005
72762
44630
86225
67988
99222
59493
90388
5059
5382
19992
55720
27946
24043
79219
34839
47999
6190
17936
66298
36362
31468
11945
99699
58060
19407
32251
43371
37126
50811
9079
96863
4733
99446
16313
55497
87005
9918
47099
15408
40511
35587
10394
53383
42040
559
15777
51925
60036
2557
81102
65488
88618
12576
20788
92537
60817
44930
28164
48581
66971
16122
53261
54248
96303
23129
50986
28500
7729
23721
47833
38081
59090
2528
25787
774
21073
58561
57658
57500
3629
80325
83334
34568
69708
43590
8244
92157
78657
23776
94680
42074
81754
98517
48436
24388
82325
56146
57080
18911
49573
87277
44195
36315
54724
43021
6397
86090
86789
20013
71464
2256
87272
70664
44951
86645
32788
18693
84540
52712
14885
58828
49842
83953
29041
5758
56326
60572
54091
1398
18449
64926
1481
38747
7926
16352
36129
47018
79844
26686
37193
22153
5367
58643
52312
92423
54802
11090
53566
61791
91600
63632
71606
4367
4025
90744
37434
60242
7274
48965
86694
45824
31999
85391
1564
6537
775
48524
62737
28599
50515
85769
38849
57853
15518
92731
53461
91198
31641
36617
50956
45236
7006
92300
9798
54817
93320
97113
34721
17182
78917
75887
39744
30878
39991
91369
90153
19976
57079
45774
91648
6278
48352
24966
11275
5831
24783
13752
88848
11293
37283
46236
28600
70657
98009
41458
38817
39699
75593
46747
13216
3661
13802
45555
49681
74628
46024
7970
17861
24149
2578
33484
34118
85866
44968
44677
96883
82039
81024
3966
30033
79568
8264
23428
79898
32681
47286
69087
32868
98533
52551
50454
44383
10332
32557
87986
92476
2797
75284
36647
59806
16812
95890
64699
8715
3799
12117
42734
25688
53332
44574
56777
58674
71626
16713
33648
95397
90374
65656
17000
27341
76937
75101
19328
71597
52123
89100
23786
53308
56982
52201
94086
6755
44377
44160
13220
83677
43565
14712
76099
20564
4552
43398
79536
53959
95774
91779
72757
93619
98909
92589
2101
37141
58284
9305
82868
41711
76562
93102
56591
14698
88330
89425
68706
1130
50488
50022
14297
27465
3492
49971
51832
75661
89557
96436
22788
33538
95564
65368
75823
60344
16342
30167
54399
64392
50099
56945
48470
35071
61292
71509
7114
50462
58120
61400
32233
15127
74692
78406
3471
45751
77482
45292
90126
48938
40757
26440
47583
61847
86517
49329
46146
11194
17278
96247
98356
58163
35026
4313
51030
93542
1551
79225
66172
31982
42856
1369
17540
28157
64203
7661
58846
17158
61896
30072
82862
71050
40040
5461
23635
23659
9361
86622
48554
11962
25363
95920
33184
61873
63043
74070
80101
70378
27375
9928
44199
98256
79119
58143
6081
39388
8899
19426
97644
78856
90483
28987
49297
87206
13384
27306
18122
29564
80678
27371
84181
14928
30671
54210
6619
46936
68185
55667
65113
90132
27559
88467
89782
51968
85872
84606
91930
81896
99379
84246
14759
89934
88978
69697
21479
96375
46622
45977
48488
35737
55947
50536
89699
3
25747
29270
67584
24909
51524
59145
71203
53232
54313
7511
51296
2015
39204
97329
1334
28778
35375
36225
30185
96432
12612
94246
25950
60973
32730
10243
313
22207
7178
29375
34185
77023
98767
89779
26221
56602
17021
67021
30371
40234
13043
61526
35621
81466
18401
19464
57170
49293
44643
19710
362
19722
20351
93267
87391
31500
3319
6611
92179
41281
58832
48995
46054
24937
73326
74272
3247
49425
71108
44731
11757
68354
5853
89950
83388
51085
58624
44484
42572
13266
53072
51019
77564
87468
29012
14463
56672
5500
2387
94720
53282
10410
74842
89090
81402
64048
15472
10683
8140
44128
16216
7744
78185
99911
7952
32008
13868
30400
9879
36306
72875
58835
64038
78912
88208
7812
71431
58586
95924
58863
17600
97747
47038
76387
91449
1347
93512
16762
8548
19340
35612
47940
36343
98443
97050
45328
72833
77652
79515
97004
594
26271
95620
66081
21845
94446
46371
95929
882
73589
92616
56886
14758
49276
26527
18469
60706
1798
8461
6604
38495
97105
21852
90539
693
24934
22491
65594
81862
42880
34978
93778
79070
98920
58268
91329
2126
80956
54542
97002
54976
97582
15880
34958
26723
78726
33182
87067
71916
78580
84621
71035
69190
72910
58509
3489
4419
5081
65388
96910
71955
80776
14066
58002
38610
98837
77816
15838
91008
35198
16342
79750
47256
11458
51628
40912
81224
86893
63815
21966
91752
35424
93678
3281
58258
63943
24587
6159
40410
54779
86910
97044
15568
57631
25047
74199
83516
57878
96348
27885
910
17343
96059
36717
62238
4870
23779
57731
21282
17596
22264
17525
41266
43421
5158
36530
87097
10785
99743
74667
74249
71656
75427
36228
48288
19298
64182
89624
86411
77428
57396
23346
90545
35929
21056
74409
39365
56961
41043
53387
40163
66855
84877
22814
32514
69384
55777
72146
52473
88517
87102
72730
58135
21681
53636
29253
41915
59830
88429
42939
40688
34154
71320
43853
60199
98918
26980
5337
22365
30749
97165
30136
69741
46355
34503
7394
86779
52613
3714
78903
63520
92035
37151
97893
90326
84665
65211
68864
82293
91802
32493
79535
68532
98103
12699
6008
95534
41023
62614
33596
42404
50440
49780
21723
91352
56965
2988
11779
87177
46241
42473
89302
56115
9525
79419
48653
97003
73427
53526
75533
33706
58116
23044
30563
98255
17629
61604
71638
33656
28495
11859
45755
89999
70117
36499
13080
42254
15427
6541
33360
81677
53431
81686
36051
49328
43191
23419
59006
18684
64045
9005
22107
87497
87080
99889
84288
27396
19217
23468
73722
95361
31350
78123
58682
34382
96718
99302
85998
73026
66338
6398
81575
66885
20165
93856
80275
76429
86992
81234
55063
94210
2597
52953
69610
19489
89751
58258
2918
70227
52211
85684
23036
91959
32819
37999
50326
75308
23004
1668
52610
43888
37421
85980
52345
57647
27429
55222
67331
93223
19614
7858
40403
37983
68404
79512
92764
78397
8512
39192
44631
38459
96384
15770
20814
80654
83361
89615
34066
82166
43530
4967
53424
85324
28624
11175
56788
16616
607
11963
92060
34529
90927
9694
50613
44352
45281
85053
23555
53306
45234
71929
66795
83812
57036
14151
47504
21650
65165
71691
74285
37814
21155
85164
49693
14646
54434
55078
9359
57228
22723
76147
77789
96549
47132
10102
47531
86689
65156
76462
35373
98308
66060
80759
36931
71601
38172
69612
28287
14472
63671
35138
51450
28916
37677
54245
13373
5762
60001
35967
89918
90202
75693
66326
30583
69087
94139
70245
36679
46934
66619
60814
56494
88703
36317
75977
71753
40396
48232
78091
76474
84821
26791
94886
93557
87585
24696
48873
58872
92886
96729
41768
26687
29189
86544
45171
22614
99733
50176
67844
77461
67926
32932
81353
47853
2856
78643
62747
92598
61700
82492
72976
57529
81909
59492
5096
63411
80807
72768
42998
44390
45265
11373
43793
50204
24850
34126
27304
2158
91146
53362
72020
90220
80388
629
8547
51889
45437
47033
90701
8941
61949
56275
97171
10394
23752
84238
44778
69696
81448
81759
41807
26964
7177
23454
32196
56553
89138
31148
23002
68729
51338
60588
1451
8338
10472
82756
77141
81279
50945
53207
17973
33773
82067
34056
82441
88990
14201
33399
26452
40611
89348
57607
20710
9386
11554
45055
83042
56933
68433
51993
62750
14289
24031
21971
57602
1360
54824
88833
99922
40995
7097
63498
18751
28241
63786
8034
44896
73121
41013
43206
42352
55739
4695
82390
79381
93731
39878
92064
96783
65416
99714
20208
12846
98951
90456
3684
9741
60096
76453
81080
34165
25368
33477
85457
33514
25850
38856
92469
45600
3520
158
9921
15919
25227
9641
7011
9593
41640
42590
63871
61482
62759
92049
34505
41280
86888
50652
19799
37784
60101
98292
84800
96667
59932
9040
16983
22261
19238
48875
53530
54874
47408
46463
93263
65258
89793
4288
87618
89310
83445
94091
68100
17506
12582
19598
71406
33318
98972
44176
46625
75198
19056
54685
85499
5227
15358
13253
55987
16187
92657
84749
90354
92764
89059
8996
14073
16296
98786
69246
51487
82600
63033
30489
54339
66010
30191
67294
84084
40334
37633
83665
23289
75062
2250
78332
35818
92723
60964
88035
49900
76539
48301
71431
96652
98695
3736
75336
28446
3585
5524
55110
34531
29725
92688
64025
12165
88566
345
19488
75036
48063
29169
15653
78553
8992
61459
15291
90514
10727
73178
21350
55331
10751
19346
74947
34299
91601
33837
55643
62274
54855
38847
80499
34809
82523
49134
93564
82374
38225
66166
47251
92377
41476
12998
1836
47370
32647
92877
87660
37236
88444
84821
17718
30407
84174
99778
23779
10378
17740
29725
20563
54729
44702
57214
20180
9216
48669
80843
96029
59858
67894
32917
52289
44560
25926
28973
13855
97752
17510
27577
1651
98724
46176
18406
73829
70034
21129
50091
50634
82745
25354
83186
64633
8499
45603
92521
47674
84262
92818
92619
98700
51804
96848
27802
69341
55527
32531
73157
4480
55201
85923
26027
92867
90163
28074
21839
8553
26295
83384
50146
88086
98577
30209
13284
34503
84708
68283
43789
98957
33405
81298
29593
4934
24890
28876
49847
1875
18374
49065
18301
37502
47971
45611
95433
96822
99327
90318
74470
80425
23764
83968
21379
877
42671
4533
122
21594
83564
93298
84632
87243
88742
74200
71075
73903
56330
21092
67976
61286
78226
19963
90178
77230
65083
12644
40115
52966
34775
16462
35176
94389
93813
63364
75192
49436
59918
28716
62263
20357
28753
28252
18311
25076
64432
31058
48760
73771
74536
21530
40492
78234
22342
13183
2199
3801
93789
44149
35793
30027
64418
47156
86819
67101
58121
90243
93430
25377
99008
21638
13984
27614
58828
47618
32532
49974
1651
65102
12797
34024
63884
66344
78429
13245
75970
56941
72047
80629
61165
71390
55646
15769
92922
32236
55939
81597
41433
51209
66954
74189
37628
23382
74763
52897
7545
12878
19405
74723
80650
52224
2150
28687
31351
1769
66142
98074
68726
73573
91131
1179
18195
12800
64212
27617
65991
98214
34691
26592
91679
50935
8540
50441
98147
38608
96396
40501
91581
25531
5700
63092
37535
97323
99978
8940
69240
26959
84417
91153
66093
57865
12870
67860
60078
65775
55993
24827
59169
47145
86906
9330
78186
92813
83044
29715
43684
51708
30539
92743
5372
25640
6493
43195
67873
28039
63643
20872
12821
55272
58376
39032
13796
43538
60499
33813
38064
40680
90363
32372
82614
71568
81332
44435
38625
96369
84905
44722
14279
70263
65255
17532
96419
91674
85780
40452
51372
69675
99986
32038
2131
35121
12006
3896
88769
47873
95533
34647
32314
49230
91650
3003
61345
98167
10129
33803
44308
62058
4569
71503
43133
18920
6592
42558
90016
40844
42612
22122
57757
20046
82441
68389
40693
58325
30240
47492
59562
77435
55665
90752
835
50258
12408
65048
78612
62252
56186
98252
81544
51977
96144
89314
65106
28482
88904
83210
28529
69448
13880
47925
5260
73411
76889
12267
66788
23260
62310
3020
67926
62636
74240
66872
6392
13817
70668
92875
6512
41543
63945
27764
84657
44360
40577
5780
23902
93127
3283
12210
69421
47029
18963
90114
63555
7739
85491
27424
73369
141
98259
55351
99942
53166
30325
18908
77737
29271
82921
51288
57814
96028
76698
86985
5502
86115
63267
60900
32833
71108
88364
73661
19977
50099
33599
20896
43673
84126
3316
98652
28325
43243
19505
6370
43284
8593
27822
31491
14034
21669
28043
94630
10205
51994
54396
73392
70330
31978
84611
77440
44472
24591
94591
2260
11776
24598
35374
49842
19567
9429
75234
93610
25954
84268
22962
14570
76523
70328
43700
96909
58293
31776
46865
11163
43065
93733
63455
67982
95702
60206
50565
11694
99514
25876
54180
3734
48652
17245
94593
18685
73219
77979
11923
4605
46434
34432
68675
25936
29032
39825
96869
2
88277
87701
19147
12695
77725
83427
59194
18042
61142
67391
54140
59360
58863
63540
94095
78
30088
19228
65917
59277
75734
25014
23690
80313
19853
42259
64729
8633
25058
37518
38950
55877
63337
50563
23417
11813
6729
41485
26008
65225
58050
76551
57543
5827
23839
52563
45742
82894
40336
68597
95848
9804
73907
37591
24268
63262
64011
38833
92842
35465
18697
50561
92984
23623
28441
98262
96022
8300
40123
82282
93348
88603
93219
692
1227
99183
67471
17863
56474
67289
96517
81834
68296
56460
41670
29146
81969
25746
26294
60154
47801
67896
48643
90542
46527
7488
83566
33919
77386
25576
56540
37441
42771
58053
75248
7244
16584
73215
36364
25085
95791
46147
82359
25552
38948
36862
82265
36523
81952
99294
16293
70276
82005
79968
34480
25452
39960
2676
54164
93738
15616
33551
40477
30897
10749
59075
39063
10242
81212
34425
12561
8754
89381
1209
64363
1653
85536
23090
51594
9665
25223
47042
51967
78091
9283
86264
55436
62802
23572
49795
67284
13908
19051
42626
9469
62239
5670
51461
14802
79872
97799
72022
55311
47527
86732
7538
80894
80796
15605
32827
39915
16869
51081
44499
68514
68573
81584
62385
21613
24485
3639
76260
86670
31416
67141
98653
89703
46755
91740
2123
95983
34075
8288
71722
11865
53201
91730
4440
91358
1744
5369
74639
47197
90745
9880
50415
62826
74552
74111
40895
80654
43285
29847
90317
76232
21538
85352
23895
80385
88079
17835
34138
89056
13481
36843
5840
8581
79359
32633
15312
76842
77144
71027
19868
19115
28999
29063
95924
21536
16726
35827
15150
72643
50844
21469
52697
4227
17970
95489
90327
67849
67835
24054
3279
83909
71230
85583
33715
53901
4039
41833
83466
41918
58798
64052
3510
72258
9979
71201
47232
92475
89427
2359
63659
52251
2684
61494
38211
92012
84146
1613
90610
83869
42305
47463
9007
53090
67747
35959
47884
43416
95347
42022
17496
74892
52361
73232
13845
86792
17958
80439
94248
46768
48256
97852
78422
65475
60394
51027
81224
9736
47371
41703
69755
2426
51222
99596
99613
11335
55044
50419
4510
74019
23317
3816
97127
47404
84863
88766
99890
29452
47649
51418
74053
3706
7365
43842
35613
44453
69041
43532
92695
16720
54735
38148
96044
53643
72266
15070
23669
52764
73618
2509
31748
67539
75929
20229
23451
44440
724
31017
80612
71627
51136
51771
62086
95952
67649
66049
95061
7380
63983
55159
42294
11511
57724
87789
19283
85168
7771
43483
75137
69792
65097
47126
55833
45140
19670
6514
27777
87136
20390
91172
43728
38024
62920
21067
65583
2964
76062
91
85994
6217
20009
16289
88780
18459
60215
20236
9814
88139
945
38283
36668
57240
55879
10819
6530
4010
95937
16945
76282
61135
38272
7924
86990
72811
11430
4270
48591
36656
22206
16318
9106
7680
57489
68920
49783
48807
58345
37374
84925
99434
96699
39637
86190
82107
54503
86488
82144
52101
14537
61573
7026
59116
23809
24858
67945
12084
29298
15969
7028
55944
71644
73158
65932
84626
29176
28988
99750
86958
61035
57722
45664
58563
32020
76848
64435
98634
21734
4882
18307
24942
22125
96490
22119
60633
9292
49989
83871
32630
975
37699
19508
42375
30345
28980
27789
23541
73704
1563
52930
25515
86737
95186
91065
56814
15908
48463
27096
46961
60423
69310
90349
24416
97662
82086
33819
75154
51039
5299
75334
79187
45117
67119
85983
23336
38213
3289
28217
3040
49058
40894
24929
20171
51952
92791
38204
26938
5424
65304
44724
60828
22893
36909
72207
31664
47349
95092
44713
48259
95160
52635
72502
68405
26228
73743
80398
19617
9202
67729
18600
12619
20246
24056
97902
19529
44381
70178
72464
4871
43881
6880
69729
85734
60574
14505
56294
8207
94912
54319
75986
43121
58575
79957
7879
96423
68392
56524
93942
78208
12392
18587
17736
37695
46704
32105
40582
98837
39007
52678
87282
77171
22628
39841
4378
88279
82905
86767
7830
11723
17449
72191
24705
54883
91743
75479
54043
40288
16176
1478
51137
87857
76235
94255
92478
25293
89144
32034
39029
28469
73923
57456
69199
42233
67036
98814
20492
18734
75578
19599
13518
81624
48693
82219
60759
40201
93881
62852
45951
71225
78062
293
82660
37528
1541
99425
935
28373
47362
79084
99135
50871
47737
79361
37799
59992
2991
82471
87846
92929
54986
35308
64710
96576
87960
69512
39163
94016
33495
52277
31412
26291
86082
67804
50406
73629
74795
31671
40692
67611
97878
92118
71371
96493
20464
62647
33886
69332
44419
767
37209
11410
75006
53022
16238
42753
35583
86084
49567
32028
60261
6919
94878
95085
47672
72843
64788
79933
28954
64170
85196
71320
41778
20235
95050
62867
63937
68216
76111
25313
35625
69830
49596
32727
15068
20001
51285
33060
51565
7653
38045
88711
82103
8664
7349
90958
97240
76285
48821
47621
97858
53953
40378
80248
15570
65889
69631
54771
57971
53370
78815
67367
9972
24254
96402
90430
57322
62150
80017
27670
21557
31728
28367
21301
26125
96485
89216
33114
12885
4092
65627
87651
19394
28489
27455
81672
29452
69348
17157
49178
50370
96514
75088
98195
28837
70678
78738
57849
12261
16918
33636
35090
96268
21150
26063
66130
25585
19076
54123
19085
76672
36517
41885
53879
87743
91164
47972
81482
96798
14729
60978
87974
44993
30838
77300
25043
56639
30172
92464
55447
17746
31367
20852
95966
70456
30537
91383
98244
2426
61324
56086
10376
15224
98071
72506
13852
54628
21208
10451
37673
22705
97255
61050
97531
55940
45661
90096
65430
43850
1020
9490
95413
26612
98676
1339
45305
15664
45918
83423
57205
99780
49728
79056
35474
58643
50601
72750
46921
58331
63447
70415
35430
19720
54791
32741
20490
70316
23321
40026
24794
40440
25953
54393
1405
51834
60673
83764
16547
96732
27201
98188
8709
37785
53245
37892
72976
18199
25576
38888
5338
72911
43175
7098
80402
30605
74059
75692
71821
65935
80848
74989
92343
5892
58629
16765
73827
95334
77650
83639
97970
66837
56202
50189
31130
65259
61705
97645
66474
16898
59764
2291
44739
84432
34687
51883
97265
18854
73990
70800
77774
84980
11942
50612
15884
52212
5844
2817
79156
36480
64064
77641
40548
41937
40918
38501
16708
92986
75967
15143
68899
76413
9217
54922
6170
78556
30249
7910
71205
6745
19500
54972
21343
6849
5864
12989
54894
5589
34304
78918
59414
58888
18489
29994
52833
82122
61743
2802
43514
96186
35174
4278
42887
58847
1901
1361
75762
57020
44442
37327
21962
97934
31612
72410
16979
9092
56297
33698
36072
27928
83606
11119
58681
97048
55728
10010
57923
79223
2088
24047
16813
27446
64396
75018
71570
15221
12085
62496
4948
4503
37226
97874
61147
96977
56956
61480
27276
46079
13014
43741
25825
28044
66730
15585
12579
24055
45597
45838
3118
91890
43437
96539
54932
20395
20513
94515
33537
56593
839
1758
97006
93801
28750
31568
90701
85732
49972
61703
40092
94248
82734
11844
66208
58346
98222
88768
60716
48810
62438
47514
69624
66246
59377
13057
61066
40687
42941
40751
76463
62440
27942
70683
45239
11256
46735
32023
99294
35161
24883
26847
74083
83893
5746
8870
9155
31592
30331
96585
22173
31745
33798
84727
94154
53325
32134
30760
34423
15692
70502
50014
42790
9220
85240
77652
66305
12051
66605
54952
11611
66198
89473
25555
23926
35591
73431
85730
60500
50507
3901
29473
10356
46356
18578
44718
28641
43215
76528
91913
79122
15974
97599
83602
64658
74869
84057
64863
98653
28093
42564
97104
64986
75378
84974
55974
42271
8243
60800
58563
79893
46403
70259
83915
11790
41028
39657
96434
90641
40521
49011
23090
35522
74691
75830
95636
68598
5871
60897
49057
51534
8567
87077
32406
7943
6797
64487
34977
61381
62604
2446
20398
82415
17965
12020
32718
45715
13684
71812
23629
35211
87623
74221
58131
79082
19474
61581
90294
99548
89338
87375
36400
47346
11743
7029
71326
59325
37853
75972
4992
76541
4680
35052
28037
38075
28612
40674
17557
62671
43111
49921
54914
34058
37267
13845
63910
34346
28946
53324
88468
45215
74192
35428
72043
75228
66046
73051
70672
10935
40693
73393
7862
37711
66819
47087
30531
52570
46184
20055
50469
78799
44023
27623
56437
39416
32461
2341
10078
97897
43118
36980
30378
84528
87503
59777
2349
69251
63008
52808
72029
55560
70002
6622
21977
69717
42059
17203
67239
90179
83314
11340
88161
8891
2854
9669
1192
46569
78991
32626
42767
63704
62973
72774
67817
3713
43015
23333
50207
7042
44738
61279
89561
93375
48026
94908
8797
37401
5645
86720
97357
15258
35102
19899
14583
31778
48818
21487
81674
77834
58584
55780
90260
30382
10041
8325
92587
97227
38804
18263
26702
18726
66995
60196
45441
22034
21778
94786
60864
7945
871
63790
40924
92270
35269
27509
28601
43074
58191
36039
54895
21527
41658
72373
48457
88958
71019
59179
83333
39701
2321
11570
98596
87381
60018
78631
48262
74906
74457
92549
9999
54031
60622
73728
76963
94794
14855
97989
95113
82532
79723
49513
39035
2765
63368
5174
77067
94621
11739
56482
51014
62599
11452
21163
5624
89300
65194
53542
32252
56637
79246
53695
68616
65642
26039
863
60905
67929
95410
53663
74102
73029
64066
801
59977
52808
72535
95831
24013
54844
1564
53641
63166
17974
41534
47400
42579
39459
68104
87662
29600
61313
65737
38475
3285
26028
80896
73393
76725
62504
44268
9137
99211
58075
82380
77984
98532
10650
61185
52816
16765
69362
29529
77408
55073
25605
90528
50641
24108
78639
58284
21445
99825
7747
24063
12789
7292
25590
97516
33948
71911
99141
19105
61509
10575
92427
54429
5090
35594
63549
48867
31928
78273
15288
70897
60237
31783
88328
83402
77680
35500
30255
49284
98085
4219
22823
9311
91464
34012
69590
70691
72941
13134
27236
80904
17623
50257
68020
66833
62645
71175
85437
15046
60558
29772
26356
43171
84536
36850
63826
81005
18964
42188
19835
98448
41656
49856
21019
57289
87751
83115
62965
71078
66003
92857
75925
18793
51037
34383
53273
9979
63763
21495
20756
6504
50062
15208
88726
68313
77862
79651
24775
54613
70186
88585
51727
30753
93299
28788
39248
67766
29237
10730
79081
79530
8210
14359
49042
67701
53846
7563
92134
50152
83576
53846
17242
97469
21431
13331
48385
26447
61130
52706
79426
8100
58340
8351
891
77418
41130
45172
25494
22248
95135
85507
80742
53032
42413
41226
98294
35703
66165
21025
14466
70299
87516
74622
71036
16340
71342
54258
9321
79967
80402
12800
6635
76531
31303
70981
21190
99858
13467
71624
26570
8674
82069
69885
55017
98069
73104
64209
55055
80205
15037
12682
60282
40105
38240
9127
20583
83717
37314
84551
6076
86871
35850
45526
41846
82334
78871
4211
21729
71432
20035
98435
22236
94541
94454
5791
88230
17630
19604
72967
43235
7132
99203
29115
64930
67719
52518
66530
38291
22176
50397
37472
62543
28915
65547
39699
72824
36542
28039
72682
19198
68893
42480
83622
60169
16601
90445
65741
45650
32448
20896
2953
64112
64347
41315
98943
87668
6734
80595
74126
29816
12340
65920
99552
21035
82563
35891
93321
28993
54754
32967
51687
89591
46922
53768
74342
64652
15580
68945
48329
77274
86777
20879
5842
1279
47444
73359
98196
87599
66604
52030
66089
55947
53912
42866
6858
2973
42928
62587
77606
80709
97124
36747
90895
99480
69209
13361
17190
10578
66973
34291
72088
37788
32265
96852
43039
91460
60077
98272
73591
9203
37695
5721
62389
2723
66878
95739
35679
4055
46910
71369
21724
52992
91339
67619
80149
50029
29984
6361
32070
34082
56168
87617
20626
32313
79942
28300
23682
57059
99826
15397
42895
44655
88996
68402
43014
91402
74358
88171
32602
73469
77682
13134
63668
95603
12567
19096
46449
64645
16703
93009
61476
53715
66202
39508
53035
50077
85095
30076
22781
38577
72057
78619
4229
31512
28473
77068
63995
22936
24605
88746
75671
41812
73759
58601
56400
43033
23949
25022
19745
60846
81850
59036
40356
6816
53921
89180
78452
49488
15367
92936
6307
44282
65390
94025
1411
99062
8905
32155
67129
35498
55100
23513
40040
27956
17338
19664
79956
7600
83107
10001
26128
60073
10330
61934
56726
13021
38263
97412
77591
39293
98615
14507
7569
31669
82439
31388
76421
79734
57190
57338
34127
91793
57892
84247
5746
58337
18995
12400
89477
34257
9224
70852
66380
5365
66807
46234
33952
3455
37298
88389
60798
11493
54564
27836
36882
40593
15943
8371
45516
85950
43242
222
50410
25769
75873
34335
2180
26082
56188
98389
94026
25863
7934
43333
30069
27763
48126
2203
64861
36205
97436
72965
42435
68801
96539
22634
37228
30056
47365
65152
42393
10624
66883
3527
91014
9002
20442
40610
29491
32472
44053
7870
47267
38909
94363
34935
3558
11230
97766
9118
92466
13740
43510
9311
88513
70277
57786
81608
29230
53238
97106
72123
78717
91035
55995
83401
58979
4406
52319
21067
7321
7516
72711
32388
92151
89566
25698
3526
74437
61603
19076
25998
32290
38246
72686
28653
67114
57571
15014
20736
51215
38833
11379
76252
35366
71930
29152
56231
82913
10961
75955
99151
58910
76699
1797
84950
41028
11121
17160
98947
44579
54260
7170
67627
34162
71108
39833
40470
18349
27342
16287
1408
89392
31582
69851
68487
96136
96458
97022
20220
60413
69466
20612
63476
85647
19924
67087
55591
36448
87736
87625
55992
40410
16066
76157
96955
31662
43752
42090
64257
32096
88681
37881
55571
94674
74547
9759
27328
6847
33310
88813
44569
14099
96940
38533
75112
33647
43694
81980
14238
4021
84242
4022
30613
39717
60294
60998
73325
55425
72896
36825
52384
54368
32764
88123
71731
31585
65040
68801
11099
10164
39759
48744
3138
98922
43055
41893
43470
77533
1045
63307
87967
61772
27851
60236
47854
84659
7268
15854
34379
13549
36433
71902
33950
96484
36429
90200
81334
8816
66801
43527
68606
74892
70880
4073
64261
35498
884
31690
96661
18401
17527
95792
54379
9588
48857
90612
26517
72527
40269
87072
24316
49186
34422
97550
73730
67856
14793
6653
62493
52854
60559
34654
10731
57518
94700
13074
90891
23777
95974
12355
83774
75578
19193
15978
96021
40641
17522
24361
47627
45817
63683
8806
68546
79729
19210
19420
40470
73329
30343
96405
20704
94230
69196
43806
57842
82873
85061
96861
14887
35783
99720
2739
76552
27913
3297
48738
29992
18443
1529
33089
50333
90431
59026
16676
89171
51752
66107
31001
38307
75280
72603
17562
93434
99569
91651
89544
6381
75386
58136
13147
55580
20661
9473
11844
46096
60943
32253
40632
76432
70472
89427
22027
71800
97254
46071
30272
35204
52520
54635
6089
16765
54059
58554
39607
63179
82157
9305
76983
36262
13753
42357
54606
60307
88381
77508
29672
80958
47182
70579
28227
19498
25474
54569
67835
85852
50576
45762
96180
53497
61378
54340
53860
20751
52046
96381
1521
62106
69866
48664
63939
51638
55270
4370
62678
28115
34821
61719
83418
19745
16399
49314
88021
81940
26407
86590
91291
99489
90719
53755
12602
36395
13124
23485
74884
59412
88496
33854
8260
91999
75987
67565
11092
98517
6640
76588
64228
21104
91890
39720
51030
88857
62343
76434
37098
12063
66318
71919
94343
65455
5090
2031
71387
16110
36062
27543
38513
31784
29486
3265
39618
967
53458
91419
43758
48834
38222
89504
75300
49818
22362
70186
7598
50999
2724
23745
74052
36690
86387
62820
93094
16576
39510
42805
86908
73955
96177
94981
62455
79097
38075
32443
91618
88624
101
50063
35398
70924
32675
88264
73841
76814
96619
44525
43093
34904
94432
20388
13385
12317
53491
1823
45397
66665
10171
23041
61456
10653
4510
69803
52656
43241
27048
96203
11743
89918
78567
18974
50897
52661
88347
3127
4014
98123
88979
16279
19957
94985
99712
52004
79522
75788
81595
50137
25605
36251
87046
24953
78453
77059
88606
24744
66413
62872
35607
30599
49765
415
32781
53174
56336
75458
69491
60724
23970
50363
97808
47274
77686
93891
3083
66470
10941
52506
90280
76868
61645
76911
70597
75492
2872
53614
40521
73837
64054
63602
36714
41142
62515
58379
66514
19542
62204
46537
95667
4064
6297
20871
26167
75242
38443
39772
47267
84561
73976
22136
13802
13907
72591
58739
68953
72854
29818
57289
50301
2721
34937
95653
96669
60367
13649
56665
84758
19306
27377
83541
4266
64403
56838
86216
70571
40774
50743
95355
37048
63100
6347
55960
99861
41918
49799
22806
68550
3776
89425
93659
89723
4915
96236
92945
69127
10643
24202
65800
61593
81777
55013
27960
57183
90434
17870
49399
57069
86375
88168
28179
22110
34462
20240
87201
96374
78977
95792
54750
10567
90842
88115
80981
29880
33718
93817
99350
68167
63892
17089
59927
16572
84943
33762
55271
8086
78386
98776
9426
24048
400
65736
82175
15608
61246
71548
55261
84675
9034
96571
90149
14850
69451
55232
70750
93661
74032
98080
23465
96616
18519
81231
93177
69286
28240
11606
37167
700
64968
79115
17987
80200
86365
30702
10167
25106
5939
65373
68633
62169
38556
14675
59132
67320
26939
45077
47121
29711
63011
61609
34054
80306
75311
12810
5528
19168
72559
12888
87367
49640
34381
54560
19706
29919
78584
9949
28485
38748
45064
45643
87722
8658
29446
61295
58059
3844
22098
25856
42347
83163
64485
7456
37688
3358
45061
37680
4889
73555
25174
90999
52546
93051
78005
18993
27787
83996
94968
29213
88736
16989
16591
8372
84646
17367
73887
25395
50859
14015
54750
1684
97069
46702
70541
4204
85154
26925
16871
16348
84857
40903
5060
54929
13574
54065
93096
94671
30652
10453
33508
74063
8875
92885
37120
25357
66571
56113
22809
20320
29470
19665
86821
90873
18805
23489
93929
5844
22509
73801
33838
862
67125
78620
44356
47833
11929
61662
94797
30581
24271
79216
94743
40405
80507
80686
92809
4184
9582
45183
37632
29041
4116
96550
86877
65192
54082
14186
36124
90085
60136
87252
72161
56850
76615
32645
6938
30254
48529
89287
13428
4908
61315
92227
96049
50254
24922
46415
10366
38118
30680
89744
96262
77326
36168
4796
96746
70574
91743
79163
93750
97742
25538
4712
70445
37018
7055
37892
63790
47861
73748
62554
55655
20295
31754
32723
67726
11888
500
36623
40269
7667
3820
98005
59404
70391
90990
94834
20681
71819
35899
36363
38511
69365
95536
15686
79370
56603
21782
59031
43198
87029
82624
62504
64370
68126
34089
75966
45572
3445
37070
84857
70074
55119
38893
86083
93922
27533
45307
53
46028
12220
17210
91971
11962
37384
24042
86290
24758
16068
53353
11122
90105
41469
93424
53240
25042
41315
33634
91278
36302
15023
49262
17236
34749
51041
66289
83392
30471
9452
21764
51837
11295
21728
13003
30977
69818
90653
50542
26985
44084
47799
51208
29504
50091
25947
94752
28604
61694
85653
61041
52606
93898
54029
63751
31004
62958
99974
57222
60920
71095
40650
55818
15306
94303
1516
99827
68376
28465
62447
83421
34389
90773
6649
47193
88502
63815
19758
67144
8801
56289
37684
21697
44817
48411
69158
57939
57265
57977
81998
68019
69844
33431
89621
55890
3434
91980
35901
35200
48575
26119
26375
139
99247
2231
26652
61832
87248
6835
75248
67188
43200
32829
48420
4631
33410
18952
11001
66894
25145
43576
42561
10399
46466
94428
13577
957
1152
50759
43759
96522
27913
84558
18569
82682
29913
37545
22449
42585
21759
7325
70690
50430
82728
14810
24818
37014
85011
84989
22479
84481
80978
69006
10054
4998
83558
15976
53672
4819
88654
25694
60680
36489
63075
78725
39275
58641
14259
65738
74717
95864
96503
68415
45135
17820
72886
92131
27671
31656
69609
76562
15946
16162
28279
59278
15544
58906
74503
13570
99123
13937
83873
17630
53931
96064
46645
34200
87354
4002
75534
66177
22755
19272
10271
26614
87978
12563
23871
92233
32111
91427
88304
22015
35210
12091
9747
44517
8210
3797
63181
80368
84137
689
66614
60780
11991
78872
14484
49070
71175
38686
4776
23668
56121
3432
53807
96673
5890
1664
71300
2980
35035
82270
81458
7696
25632
61858
82420
41839
86317
2127
25990
83556
40820
95166
82039
22065
52658
49491
14623
9105
98079
74800
21058
93425
86650
64636
65893
31778
58284
13073
38626
6546
32497
60200
45332
1867
19230
58917
35147
50133
96452
72644
62753
69047
12696
21219
82847
60955
21392
31741
44015
56399
87040
62194
4901
60234
61211
88033
21046
60996
95964
50642
83555
73243
63501
19443
51059
80619
49833
80171
2835
93741
14343
64490
12652
25434
12047
52011
80729
65430
81788
4938
10385
26542
69058
82227
19505
70302
55298
85098
40656
31197
37870
74151
54168
45810
89089
89510
5545
93252
70160
2227
11121
41221
28905
50273
42055
22550
49542
79467
48187
9199
7303
55616
79207
91026
40256
57012
4184
81274
99938
80757
25321
64735
39515
71638
55870
40192
10322
66842
36345
22536
46465
87477
95270
79560
93816
69164
97637
18784
40171
96954
20760
75831
36910
31456
23893
82254
94943
63141
5553
32077
85325
24271
93313
89403
76906
46385
1705
57267
94403
1862
12228
82699
43122
25650
62734
19826
60345
99646
97209
71092
59374
85399
41102
2984
59996
49489
27824
8058
47745
73615
45248
47180
61288
4267
37211
22194
94163
5867
2653
47430
67458
40370
24381
38309
84725
38060
32709
11260
68722
4067
21909
95296
65931
34461
72702
99926
83169
90329
29406
27417
18561
93647
9522
20788
56613
65048
21411
38854
88439
40539
25662
54478
96993
49779
3634
19004
61018
2793
18258
21935
16780
16564
39335
43677
51706
49952
81249
26827
31565
37284
39024
3834
76460
75236
28869
73810
30847
3592
81695
19677
16649
93855
22820
28182
78404
67430
98303
16152
30826
53697
38907
80376
72070
7471
10637
1996
54311
65844
69082
6661
83799
94584
7288
51154
1515
21827
78018
21756
20909
29823
88157
57425
21097
98580
5286
22925
93743
11153
65272
84275
51648
65096
96000
77868
98377
58648
31764
68989
64599
26873
19499
65003
34510
75033
35878
22064
86566
71666
26667
56577
89411
76547
95243
1003
65540
81482
59278
73489
2184
87712
8253
43157
571
84806
55013
18702
98583
29420
52777
42866
90062
9029
57156
94036
10323
23153
22915
46064
62702
83221
36358
22077
84486
8695
94863
75100
69853
94997
12327
16895
99370
58274
66804
76887
18619
76341
64431
49703
20020
17176
23481
57145
18888
83800
66514
80382
19390
1207
90679
42386
58566
13214
10787
18962
51353
86176
58671
91876
89943
79912
48849
3585
17092
35882
43496
31787
42224
80269
75416
33982
58721
73211
26043
45525
59740
79212
3188
685
42180
14481
55710
68646
4318
69940
58328
86155
47487
47841
25534
32443
17669
72555
59760
40107
68327
19895
40053
83006
40303
34726
38157
39121
25791
56697
83665
85354
87170
65261
59222
72140
82987
57986
49695
75462
24202
80202
99267
47151
77553
57340
84300
94383
54734
42972
16312
86165
13451
85935
77198
39844
39159
20181
60381
7454
76323
16588
42855
47620
86275
72973
98985
82226
88618
53393
49455
59683
22860
84298
15905
88124
20627
92901
5452
82963
50426
43774
84386
82818
40385
97499
71902
1234
88062
19378
32981
62805
97604
42241
99138
7613
37347
51646
60876
4580
58355
2073
5764
1341
93516
56628
63305
29153
70030
89074
19216
46258
14729
77418
57027
32548
32201
60036
7235
88775
1071
97751
94163
69240
20412
86649
62078
80618
85159
8291
50776
68980
32024
872
24607
48352
38010
83045
89301
83756
34194
42749
31204
98988
161
86722
48076
20185
85213
66589
75412
77311
44411
72100
3508
60604
7910
36523
80929
6866
94549
82686
43993
61738
38298
50236
14233
13857
52810
8675
94538
49156
70734
23478
54581
58321
66546
95175
69079
33689
38573
41893
95405
18569
32879
73464
24569
59923
97363
64003
40442
1486
2116
82434
89206
51507
98756
69465
60690
49925
72488
34219
67375
76538
72051
26256
6576
20932
17518
45187
94057
12734
67444
47239
68293
52656
87281
25423
28859
64833
25666
54309
16493
88807
68233
93052
47039
88299
34272
3074
59565
97081
34485
19154
61200
4354
74518
18866
46518
6623
66888
3637
42404
52175
69946
27707
34041
54876
14141
36550
64225
73332
40606
95856
24258
18178
17725
78567
8305
78998
79216
18277
86660
14444
85622
96975
78248
48290
86038
63939
78138
68414
78904
22235
97944
22028
11904
64317
18860
40525
59011
92162
74158
97721
38849
86232
56474
38628
94895
43021
86628
95950
10561
67520
27406
48611
16977
27960
66553
72971
49458
85751
68838
50201
58411
95810
94427
18370
97911
2229
6273
53407
59707
67779
19987
87053
44118
88938
75595
99389
40500
39620
53395
43016
77310
82188
57853
11384
94828
49333
5051
83944
97764
45889
91066
73259
23324
23956
39309
43038
91805
38104
40716
92665
36748
33221
36242
42781
47533
40353
4492
28038
52365
67164
32470
9838
32355
25821
72891
76223
37957
83043
23541
48578
97178
22329
55642
13818
76713
46727
63728
20162
49628
32556
7584
2396
98903
60729
6268
44089
45946
15071
63851
54475
44841
77013
31578
30600
13418
81227
40904
97502
51065
63086
5081
8761
14562
92138
95487
14418
77578
22423
66068
805
76624
84330
78409
19809
59579
30073
10935
71626
19553
28801
30276
22885
19192
69066
3737
20165
90751
25042
399
95485
5823
66226
69096
86542
27474
98822
87834
6764
65242
91849
66511
23522
49003
63045
77851
60510
98603
11769
71020
83345
70292
69277
77949
22263
32809
82196
89569
45496
88401
75321
23667
52535
22023
70582
94982
10398
15233
91867
92335
60757
42239
4170
6383
27703
62290
6754
73882
56146
91215
43226
21562
78981
54022
17054
25193
36545
88276
46833
53732
45278
9252
42337
18363
89920
68182
13975
1498
78420
68062
67452
45277
6735
19434
10263
41105
66121
62894
50246
59972
26055
8313
33423
54281
45175
53759
44685
98513
4969
45388
58437
22121
68399
38135
47056
51504
99901
85807
16462
59520
48315
5255
95461
88083
23762
97948
14826
59547
43758
75949
59071
73650
38030
86860
27676
36964
75829
88056
73188
36161
23496
15461
96529
33031
9625
45330
76877
68599
72377
58758
41203
80314
46431
90725
11657
20800
12852
45339
30518
47226
38932
85137
54754
29019
86316
84786
84091
81539
10458
10092
75675
11845
12619
80301
36024
32853
8725
62429
78457
78431
21071
46227
87170
85000
34745
78757
27218
47304
75203
6876
24112
30489
57537
25961
97228
38359
60706
67510
46714
24839
61238
95338
58140
62285
83082
29358
67695
66130
54701
78803
12075
50422
66882
52086
26155
92705
97967
69754
94274
7559
57567
36787
6335
3582
85979
45186
54307
86657
83073
97664
72147
41215
15715
53618
17193
25732
88086
24885
1918
5387
11062
61088
92603
96399
94801
73689
63607
5450
99806
4523
40392
90952
73235
39155
67272
24451
89002
54558
76305
37895
75050
81037
83057
57036
6656
70859
34707
13263
34893
422
4618
73081
67836
88887
96497
96479
44183
9935
8780
12290
81579
48857
86851
78550
57272
81194
67979
76559
86346
92741
36730
33528
48580
64022
30336
30024
78031
35566
89743
23941
38982
50343
70556
99383
99904
67310
23116
84348
42658
70792
80267
79066
45777
64014
56316
26193
94186
4507
99763
25461
2880
58147
26917
42152
63692
71090
24501
3813
58550
66473
18448
8616
20192
84839
73307
31236
78300
87468
78645
89962
58078
83630
33901
15553
12473
57663
87750
84565
7705
4143
35837
73523
35802
64281
21060
80834
23425
28404
35691
28813
42809
19302
25798
76184
52344
71650
58874
60937
90707
25080
47893
6718
25861
9801
67383
19249
24246
11364
29679
6028
83340
39935
96107
54406
30635
44924
72814
55910
63778
92473
7810
49896
51776
49832
47152
38776
57832
57716
63208
40822
98789
26812
93858
82625
56250
29119
47662
26001
96898
1810
56588
12060
98725
29662
45473
2873
23194
71391
45549
7420
98836
2964
97159
98233
17269
97997
54941
76029
62649
28606
61417
66529
48156
88856
7239
56527
46077
13482
98156
1515
97262
46812
59011
61967
35885
95749
51170
22113
4358
44279
15581
86440
12166
55787
41985
95824
29653
95624
65356
58253
74178
71632
63351
68291
40393
90058
63904
9868
22423
88946
56796
9712
73235
44034
10158
52023
43952
35191
62348
21519
46826
32827
71671
18370
13025
74976
54362
92368
46870
11414
26873
50452
48126
39903
27337
25629
83461
90719
21574
45826
31845
41302
99690
15412
87482
5869
13205
68132
45629
89961
51872
94461
33276
43836
11427
41350
99961
44981
55266
65416
35695
71536
62997
11008
62072
6343
61585
33331
16697
84528
68562
53232
13617
16522
89674
5524
33137
56259
30887
7155
61771
86230
46738
56908
59541
32412
17176
4289
28476
85986
25668
38479
35453
56157
10130
60309
78304
88681
53339
81139
44284
79873
51434
61101
21398
98639
80844
16753
54162
5902
8213
43702
14094
48111
3645
49465
24797
6088
51466
29659
89167
57295
4855
30710
58859
30083
17779
57459
6391
29365
27219
44455
2919
49747
62871
81897
34795
85637
35510
60902
51568
422
50127
22573
77773
81966
24384
87341
52512
60665
35511
72215
37214
23679
91972
86988
75017
20724
2241
91315
80859
23384
10362
24796
78683
63757
40783
64346
85240
21747
14669
39159
70578
90564
78091
88744
7168
82282
52936
76893
5698
30438
4946
45726
93853
55004
7241
79239
57775
75883
6879
14071
83396
44194
80042
28183
90060
25330
43889
14015
41183
60038
2101
30765
45995
96352
1636
46649
45587
3227
79820
92735
67787
25347
85616
50421
18437
64635
30943
23679
56516
61543
6570
9357
14867
598
55762
26384
10521
49908
98684
81837
38392
38921
35710
45660
28336
74181
99731
97500
53367
60591
33651
54547
96063
14144
46283
58049
58578
29620
9745
25424
94387
20210
57498
79639
53467
92744
15897
45396
40589
75252
36128
95679
4543
97982
54342
28866
89636
39956
22084
44255
64904
33442
70311
95925
27892
52022
13294
723
54315
97713
67806
80900
40162
73259
87450
18182
81422
56071
92192
35592
58284
54334
56911
78114
24463
37972
50004
98080
59801
17417
68412
18621
7536
65489
60520
60944
49898
61573
51746
1445
79450
15174
91081
42875
7446
55227
55516
31284
10532
36160
47443
33565
47763
86492
85971
10570
76531
92197
71462
89920
2018
15213
40921
36897
29301
49184
73364
74673
12739
26505
68283
19849
4324
90747
56141
43110
63252
14035
70667
69235
82455
18720
87548
23641
69973
34846
70857
21043
79518
49950
84413
57701
90110
61826
99426
64236
74252
54183
13574
58262
81862
80843
18545
84026
67877
27594
29241
57016
30350
42860
47317
62495
21529
2226
7464
83297
27665
17279
66924
94454
78326
52321
95154
62788
42092
10581
29738
42497
91320
91905
68857
9068
460
12405
87373
1612
175
3521
55764
42378
5605
13841
90692
36657
2632
21917
36172
87883
54362
16128
36571
56972
87259
19120
79935
29540
85688
55756
41934
57295
97856
86743
65695
38445
74002
38249
62034
9123
14852
5851
83122
24143
61515
24545
88849
64485
61629
58496
60155
20174
74409
41854
88135
75191
55333
11884
21808
81340
32469
57833
15924
44418
61587
98469
44522
18861
48145
52246
62654
64383
59882
27048
73031
48510
33005
12427
95457
62713
30270
15450
67911
27191
95600
21759
82886
56001
98607
90503
83112
62117
16440
80693
76653
57019
89927
38704
62556
63046
80023
69987
16339
9382
95842
95772
60291
47360
68823
39625
42185
42906
16427
59095
51069
17019
89922
88732
48818
39828
15582
88520
20254
57641
69134
536
47943
79189
50394
16011
58582
94301
49871
32411
82690
60283
99111
58528
31349
99828
61467
35525
87177
58982
48317
40205
45690
57344
29623
59634
67097
1195
89885
22727
47463
91502
49733
58697
40247
95305
47828
81102
96965
52812
81042
47884
93035
84016
76405
90786
17908
31393
57382
48989
78361
80057
1343
61271
9323
28928
54846
90598
49565
90759
48914
57386
4416
27143
84947
91187
10550
40413
18280
36044
51999
80364
38559
34365
77939
433
47170
61674
80939
38837
41726
35704
43812
40895
44366
67405
90159
88461
49373
11319
40458
57229
31537
6206
3897
23655
43467
65891
99068
85217
80235
77494
13112
21338
96990
97996
41498
66977
83331
8890
81757
93172
9659
10727
49032
13210
13574
63520
82776
17542
1028
22088
91039
6961
95585
94770
48826
32353
30467
54283
56965
81278
62606
95722
58601
64232
22591
22474
43905
46370
25907
23182
5129
40483
29561
47286
47570
20810
57173
90687
10081
79947
83115
81525
84189
58146
86455
6150
25752
2219
49169
9144
36509
29048
51924
479
30565
13936
52125
84800
90618
91099
19614
36406
91634
77845
16959
50555
77400
48298
47199
28016
75180
39780
44201
77017
98163
81080
11532
454
77776
16441
96722
41685
97200
16762
86672
76081
88559
29082
16720
33633
68684
72372
69
18982
60333
46709
89891
6343
41187
35899
28750
77453
55020
21153
33964
96729
84846
74906
2315
49485
2404
51670
7024
74176
94377
77928
39205
74872
91173
40877
61996
48317
31578
13565
59332
2807
39710
25219
16684
51453
91189
5189
59267
41877
87691
19268
86665
76047
82797
89942
91234
13652
26766
67235
31229
17014
65348
25892
24604
82405
7503
15018
15169
310
73902
80432
45875
41454
61821
31156
57018
59626
58222
50862
58296
97215
92403
65146
86485
75108
91262
63158
92074
1230
49642
48344
21551
64343
82336
42317
37459
13817
615
34278
43949
76170
90019
58956
67974
7259
73393
45210
14225
51641
32923
31607
55430
75903
8938
34014
24610
201
39407
49495
91142
44345
22944
13939
50667
25558
58880
81532
59117
19503
93696
43201
59011
23944
6913
82125
7195
33446
97172
79226
1715
46051
48932
40433
68306
18035
92914
45647
55404
48322
17707
37258
74410
51119
43135
99604
53226
76079
8289
42415
48378
91861
86093
94722
57944
89722
72595
31486
68990
26812
26818
91163
3028
60180
47780
45091
95412
82511
45632
32632
32644
13233
26127
10795
1795
56438
68790
7892
80808
7308
28899
31116
25157
54757
30848
9854
59958
54210
82489
78583
45439
61428
76656
28591
21504
26543
34230
14230
3339
98044
4192
70715
30447
75657
9770
35145
65733
75297
92926
1505
20932
64703
50677
61682
97912
95702
66006
48271
29332
37925
85132
41201
21
67048
87192
71216
36576
97535
89290
75252
22208
54559
4553
82763
3116
58184
668
49499
44986
95702
44120
84660
61283
80983
57651
80736
10750
14974
30679
25802
60537
85958
84898
65413
12911
62990
70693
63398
88464
38554
98569
68198
86007
17674
79297
66373
60149
67913
58565
39728
95033
16506
3285
33629
93805
471
79918
19038
9397
6456
60466
21601
66856
63488
14715
36249
69661
39140
69851
40126
87491
37269
61035
6431
97133
75922
98653
43609
1686
91278
20586
42836
56409
90950
30768
44030
82673
51268
71607
12440
83072
51655
54001
82008
78088
76967
1341
22518
2959
43047
96711
21009
98061
18439
52236
57763
55471
96853
36496
17882
1818
36308
17352
18119
85870
17629
65192
75905
32719
70684
53576
18393
67532
57411
57053
35836
83268
79027
28343
20165
74581
76135
40649
58638
94566
99576
44774
37969
38714
73005
88559
85820
14772
53724
10621
46763
34303
35882
96137
60458
11775
25435
89798
32274
89471
78318
53477
40649
61385
16400
74495
76444
68509
16330
43301
25683
95659
58714
23552
86294
72854
27222
37191
59714
82125
67756
3621
13807
46790
10290
1533
47385
82889
67885
8390
49145
86336
8374
69166
16248
46098
4125
76583
22314
98509
12115
17310
98441
10422
84938
51104
75589
12329
9842
87604
84552
88244
30083
50149
21715
74696
39670
93859
51095
14867
27109
93554
624
7939
94156
39346
87284
89547
7304
40196
68729
50639
14877
61205
70009
50445
5179
3384
61851
59185
25944
35056
73046
80280
23838
60901
56252
58225
47450
41551
6427
10265
25488
7446
71400
18561
16685
90502
16266
45592
63820
86041
5024
69646
18874
33913
73366
68878
80139
71269
69517
36286
32008
91909
88922
92052
20507
20343
84100
33255
83093
29058
42097
65753
33768
58463
25150
7430
89805
51448
33759
14677
87117
16259
95365
39903
30032
3399
61405
89925
87534
87374
78085
76180
72033
70141
78257
33579
18524
79347
98053
96341
6401
83010
62498
34761
43944
39271
35878
60411
8762
65936
79073
28691
37509
54840
49168
15748
96543
49019
62020
17107
58938
94174
45721
95719
50973
65916
93719
63626
80206
91571
88906
10458
53395
37418
8275
4107
53761
60604
95958
90760
67521
994
81163
21597
8300
49394
38670
17193
20973
62508
37035
69504
17326
80946
37403
12227
37289
66778
83787
78027
45551
72252
80204
17191
77030
68615
75295
91
46565
45061
61987
35939
53060
71259
49586
57943
13011
24123
87418
1579
27245
76526
42653
17698
54535
19402
93131
72449
14
96047
66817
86982
76816
17931
45209
95269
20790
63971
44567
39685
74098
38578
70628
75912
520
1095
16443
46066
31359
79460
99216
13165
79360
82208
50781
69024
29598
62505
62655
57628
75483
2846
77
50517
78243
75005
59122
35129
26050
54317
37152
49039
79556
47732
27481
88666
5897
66741
17177
53439
2958
47065
41089
20553
96831
53652
7621
94608
67149
76185
65670
58284
1316
86939
64202
71251
38501
20111
97668
25514
41972
81313
20016
77042
42307
50176
33609
31627
54726
62114
63126
62857
45327
9215
54669
28417
61757
79524
53685
24591
67384
64514
67980
49865
88646
78868
47723
92616
83530
56229
50165
85786
69072
91662
11466
21644
27049
64046
78246
46654
20042
75993
39881
5034
13058
2813
12956
92100
32269
35784
9494
58976
66425
73077
58130
77458
13333
70151
88396
63439
2453
40993
48097
98497
11948
77340
93785
53665
97749
33024
1368
97710
1277
7030
4548
91390
24632
62945
36806
85833
65911
55623
60346
47745
46734
91188
19361
95994
33532
34008
8310
56898
75650
14806
44201
79049
27896
41383
93085
35718
9027
59291
94350
99245
34416
11784
57699
59395
68528
66740
52825
50388
33344
2562
97527
46830
80646
352
51762
20759
57978
97790
20132
63741
24714
44470
22059
86471
62829
25499
63493
83249
69859
1088
76805
6619
61272
61101
13328
34950
33489
59966
27466
66791
81182
57922
23553
73088
17278
97371
98403
27544
89621
72325
77739
11237
39158
30609
74530
89946
89725
71228
96565
43029
3247
69576
80528
32255
25756
90908
85558
19544
87023
16812
87270
98012
70324
53341
82558
66791
20916
48971
69192
65458
27096
35949
93628
97534
23349
65567
67461
30662
86570
23382
45225
62261
63400
84436
63544
11606
77393
91298
47331
26370
11812
78858
40520
72808
85055
79726
40913
85817
48051
7739
69029
40753
2035
31107
15932
67297
75948
82994
8906
60189
23446
54895
32973
63640
71587
25008
34612
85887
89797
70952
89397
29618
1639
42821
53645
48238
95428
20819
12478
43622
24654
81643
82610
78831
54352
4471
60225
32292
68503
96246
35657
94399
82391
87142
2924
56917
45884
76880
1220
60047
45114
55026
96020
77099
18341
39411
39114
59214
77462
67694
71868
55128
70515
65283
35534
41803
72284
54142
9287
67116
64782
2320
17383
93550
35294
94998
47226
14497
39897
96728
2353
18548
19598
52431
98508
69628
85623
5511
60490
14941
65356
1011
54829
808
24378
80528
23883
17107
51607
61120
84632
91741
67592
34104
95264
42794
37642
2469
41804
23342
92184
24617
19317
80734
65341
53319
35530
18084
66775
65906
56179
66773
93652
94346
1759
63771
47490
16575
69171
54765
71114
30118
62889
78776
12096
10611
50956
85493
57166
55714
31985
83154
63706
37147
22756
40739
81693
74095
35467
71058
44998
5799
50332
85700
4941
17858
98089
73246
32345
31493
95303
21067
33298
87039
52227
62066
61727
40541
68638
54729
2363
50036
60917
11060
33920
73025
3066
56504
71589
61019
82077
73394
81107
98112
9766
65315
79786
77188
73834
94237
12522
77710
53148
25672
60410
10918
49855
76667
84920
60690
79011
41152
5456
80738
68695
94962
44881
39271
51780
31916
14791
41585
1656
71325
49416
21908
39959
35185
77272
86911
82280
84539
66706
74401
42207
24653
96887
35244
50650
23001
23169
26399
71584
10899
82008
40924
67937
368
29417
14804
20434
40514
25408
41918
79445
70936
76053
81822
76256
38501
70958
14670
99394
98008
78410
94472
74445
31055
38531
44042
98074
9636
88621
28778
8747
88392
70001
90757
89317
8491
53971
39591
5767
62468
66477
41766
59131
24788
94955
71270
48599
15064
58988
12148
52042
8498
27004
73576
32489
87536
66478
36881
61837
85375
16729
10797
51892
96629
33170
91053
935
85296
92505
67764
84530
31367
8902
36926
31530
36644
35341
49657
36100
67261
95442
83010
50648
76473
76735
248
61387
96424
58268
1780
42012
17089
77753
20392
45738
55680
89873
62501
91617
3901
70334
63303
22558
91223
27617
20675
99596
90078
42046
95845
52195
16821
781
94576
89932
33719
60149
75419
19894
32922
29666
4510
27028
90725
25751
67441
53613
88509
91187
75849
46770
72839
58039
32198
96926
32138
60451
59424
48855
56060
652
71308
54378
62422
49585
25191
16307
83177
30460
12019
95531
14453
42606
58695
74235
65823
36275
31833
65472
60176
67061
11086
98890
66196
49074
79355
58782
68582
97649
57793
73268
724
26564
63834
32270
58357
50132
64605
41139
560
51133
70436
58049
79168
80318
32316
30233
99343
57963
31102
95863
28617
93952
88678
88998
89566
72418
88182
13348
70230
66408
47725
85527
72666
38750
94806
87889
78772
26425
15877
15691
71670
90694
64911
9042
96625
53036
19721
85877
16757
49121
59438
10618
66546
61930
44650
6772
37885
74835
42703
85939
61949
51256
70908
34151
3408
84908
85383
40418
85512
44427
51460
72918
42086
15411
24192
37922
29040
79635
92373
36529
52697
2304
96590
21108
6970
37106
18981
10735
94099
88033
50003
3937
83721
29938
53741
20413
19786
30760
5634
11716
67653
79303
365
72330
97661
86520
68532
51135
37738
6728
77732
58249
82461
6174
33242
59644
54665
49799
27181
66301
65927
74647
46318
97478
94423
47523
89196
12147
61669
3778
18136
98280
74001
80657
68876
73393
1939
24260
23447
20449
68574
67845
72997
87371
10301
91754
21475
77547
96696
94096
65747
69986
3578
39333
45789
93005
32984
2887
77906
50138
97323
56384
89466
33959
88591
79451
84248
1804
37297
59848
57705
30405
26351
6731
97727
98081
1650
58946
87176
2669
26047
11649
15451
67572
38030
48149
94701
34668
34867
75870
40408
99051
46353
73309
23126
12189
78379
39037
98779
30849
7505
19671
40249
36847
36391
35342
43634
96846
41605
47707
91355
74038
15710
75237
24090
85674
40933
21893
95928
40441
84749
49580
66937
61426
19439
58654
84051
53042
83605
85537
19702
62612
60167
56327
95163
6376
71399
78603
31181
2688
4514
97854
93062
87159
84515
66370
83341
71116
49218
37451
71256
56485
43109
58337
46099
57925
52734
78822
17407
77736
51290
90592
13241
56067
28005
28742
13871
59382
80073
17714
14274
62329
90712
93240
35926
86895
56517
79777
76911
53069
75312
12935
3824
46153
14281
63217
19502
1829
10227
37238
53641
92576
61195
53444
51397
13922
84613
36994
59154
55772
52499
23958
91042
31503
23177
8926
65772
49869
22410
59204
1407
72956
1911
64338
2424
38355
86767
67088
41786
64787
9239
12041
49155
42835
64072
21698
1133
37267
41842
22004
2281
19523
20622
21138
569
51354
21892
72320
22976
5355
97444
69633
79418
51023
35830
80684
90664
96857
51020
13042
27155
17525
95208
94366
46532
40457
74803
48207
67430
1478
7792
28505
8026
406
56922
81884
52333
80773
63768
51069
16463
14447
44111
36430
67343
39606
32623
98131
7005
83387
31033
4276
86247
28800
94848
84756
24314
26256
74605
60112
76551
73684
4890
21497
97562
68939
61607
79011
94100
53945
28350
9891
33088
99950
96579
12708
73413
58777
27023
6926
7833
76671
41202
84042
70445
3516
42257
79226
5558
72166
57569
26077
6168
3656
74518
42778
9556
22614
38868
98404
77998
53612
4031
53059
55037
21141
71188
86296
32221
82140
11342
65537
99232
67678
52278
99879
32482
20847
51051
94046
26681
82381
73453
21933
96376
2273
3723
29431
25431
53800
3151
50799
19908
28619
28928
54221
72640
88142
29005
49303
32327
55960
47004
23417
60823
92031
26845
38489
51378
74639
10295
88709
71562
44822
71722
95617
80159
82097
56683
52763
17418
41757
60864
78420
78989
60543
45628
70613
38750
98056
27239
44340
91841
1747
61718
70720
35376
50035
61110
4344
75427
65233
78052
50792
43505
14441
79236
75086
56897
33310
74062
90542
31458
76241
31885
90570
95095
68584
44427
280
46403
56232
99739
53321
47399
65955
96867
69814
83104
1001
60241
30123
20987
52339
77336
52184
63704
10072
34914
64547
81307
70542
13715
5439
23994
36697
12881
15600
69862
71147
75624
66791
5607
60830
57941
19195
65494
24731
3393
77550
17574
9422
91982
55895
73069
43938
69554
79119
98905
79700
26866
85023
33670
79880
18973
75860
42516
94299
29327
10702
53073
81267
99952
11956
25376
93449
24515
60157
94398
58141
86690
38972
6678
57364
46973
71884
78560
57820
32369
80055
67142
33761
16695
90161
44281
90601
33121
25727
41857
82080
76678
71194
95404
92690
24476
36306
9469
80026
30519
79620
19423
9397
84720
40763
93010
87893
78344
76306
32906
47088
97299
84696
61929
49271
43560
19311
64572
9790
67674
34775
60328
98787
18300
12317
81462
15495
43568
13988
32887
10666
62414
98534
27301
52749
60631
57744
49040
75931
97150
56387
12256
56815
92821
94768
84780
91982
9264
46132
49130
5164
71734
99679
12351
95743
19291
20636
91096
72403
59301
77515
44325
64356
43418
22239
84673
98765
57394
9180
88639
85815
70270
88640
12639
11287
22518
3513
5965
23531
27536
89480
6230
97435
64858
27722
38932
62735
86183
31557
33457
39995
66647
76637
16630
19635
12062
47900
13396
70582
10095
86015
34587
84
57493
63314
34893
83093
87039
1063
73224
15778
14670
67565
44866
69820
71284
46889
99498
15696
83307
21937
12582
25837
75722
48643
19167
93633
72010
93004
99225
74618
90116
35383
13435
41521
54892
6146
39942
1543
92828
55838
75696
85119
58332
17679
25325
99082
31771
46809
48350
65172
48401
97700
87275
88158
73432
8750
24362
8849
44146
41260
11082
94034
1838
98606
25662
79287
54129
3344
14928
65138
6947
97954
22867
27468
46241
27463
67504
58043
23318
20085
61862
25201
44654
34052
26216
92416
48108
25277
68088
46142
81784
31093
57397
51567
44755
81661
83280
59726
92017
46037
44953
28426
31880
83211
58225
50447
74832
59806
41916
45969
41245
66319
85530
24061
79398
85881
49380
67785
72389
33245
31178
28851
35255
68786
83354
75854
40556
71299
82712
64580
44182
7778
66025
77280
75131
33435
93320
61442
75827
75768
17583
88301
83360
22119
4896
15464
45562
33335
72169
58874
32280
15494
87337
58771
14859
16101
93170
63094
99857
82371
9891
3533
77093
77336
1787
33467
293
8249
48929
45962
92560
87938
91958
96620
15662
42877
45490
13136
63890
67889
30291
7221
99130
23838
32299
28687
20440
7254
62421
59030
40265
30226
61585
93456
65877
14050
11207
6024
20332
71428
15171
37313
84406
26206
66313
44342
23536
90716
43109
71982
70610
80033
99204
31967
52080
2669
4403
53255
45037
73099
13026
93039
45827
89899
5697
62333
26353
98501
30742
1612
31669
39466
92804
92461
52718
92977
22814
72923
57524
87957
5151
29723
64145
90439
88419
60231
31022
29617
41376
63208
9647
57952
60986
47232
58402
22132
91485
94506
20508
3979
17989
25035
59974
41496
40312
31143
87229
6742
79249
59102
79854
31479
95730
57080
67948
83302
28894
55388
1479
45466
31311
96735
57124
67534
91965
73716
78479
45571
34059
30585
1491
28308
52414
53544
69967
80116
69749
22648
50126
57275
73002
24280
50368
82274
83353
78167
62221
3906
79284
75099
93238
36097
93027
75042
72668
21253
67910
92440
49531
66595
52664
41657
72683
48663
57611
51546
79064
42186
87112
87832
13553
6245
5261
44204
72463
7031
46366
74850
84181
13797
11495
74573
66287
58960
37347
65393
35281
77372
80875
48714
12205
77309
73117
83530
4611
31345
51596
1705
24663
31806
99103
20035
16794
91452
61545
86992
30836
48822
2579
65637
74886
93059
8259
35733
55100
78090
75369
13723
11315
92217
16265
1692
61310
38398
75626
36244
33128
21730
39592
41118
55434
44661
50187
52374
14693
91459
57779
74835
97414
50355
34556
86458
74792
15238
73827
19146
69050
37383
28430
26521
55975
37873
90389
32445
15540
97411
58725
78396
15825
25301
53863
9106
9230
61460
10203
30224
42871
55884
21039
63641
20310
534
16308
60960
57660
29807
26899
46072
64570
56479
67194
95745
93300
13071
85143
17560
54272
17742
36833
17282
32734
79383
59009
72112
96491
25450
77227
13332
5035
43602
76275
13165
16343
64789
6210
55441
21565
29429
74785
85733
70511
12653
13825
59345
58107
58118
15806
96159
76317
92642
75952
25129
19050
3757
30906
40927
41524
44196
64469
32210
52579
13567
41037
20967
80204
54028
79401
28511
6861
29702
95995
24843
42956
51100
46770
20081
65557
99664
14005
38372
9644
81068
37014
12392
67649
51146
94115
12586
33882
65282
13916
77369
64959
42575
33154
56944
71616
92857
79141
4078
78717
87295
89298
46614
96647
51109
82172
67950
56986
10824
75369
41860
30190
26096
22566
71510
76552
28644
53317
29058
59912
66814
94628
41578
15785
18626
59883
381
17945
89826
48465
72700
20522
9926
59655
22348
91770
90399
15744
16540
68973
26165
55600
23057
89912
72056
47178
38863
20009
61643
80392
42971
39539
50082
44165
11902
92666
47719
30829
78021
91226
81790
50004
67159
62359
2669
21337
20263
66441
217
79740
86152
12900
36777
60084
33747
11214
71570
51665
43729
71447
21019
80372
56301
9434
5494
33160
70440
65760
47752
29682
44050
59570
37722
25313
87183
76161
88440
60698
87243
50719
26914
72422
19791
81902
94239
30070
2762
89997
10418
687
21095
96054
87100
6573
70206
1417
93702
57725
56864
69509
50897
54503
18688
70535
35690
26581
75177
11463
72901
57586
22773
10872
64421
93009
44533
48597
60580
74399
15194
75423
30398
80442
55342
47064
8586
47995
72470
31149
55107
85765
82458
30715
3833
17734
99821
72411
53733
49256
46212
67657
54893
91298
17096
52832
77914
10223
31632
94090
62040
21608
40836
19303
42530
81441
39110
70455
99160
71623
61948
87694
54111
44028
56356
87136
75127
92057
7038
46687
93188
72121
94864
11324
28186
47537
20530
39100
63345
2509
69150
98362
16362
78379
69108
33498
44928
63155
88185
22392
78623
29366
73250
82110
87307
58517
13546
10864
34941
29959
77705
85857
3184
84945
902
89918
26744
29512
91116
94992
60910
10
7109
96651
2473
63585
71331
75731
74919
22858
42207
11972
3871
84646
68063
63821
98871
12753
24016
69669
33991
9665
4158
33385
24804
83293
95178
31417
77477
79190
6753
15415
72038
93192
61482
78613
22257
76599
79637
23721
87185
37814
35945
12083
87752
65732
81985
18538
16881
37080
91047
13991
5496
21447
61001
51244
95851
73723
71847
19179
68407
39914
98254
95729
16105
26792
39933
10678
23164
89450
41564
22272
33116
294
82483
96176
73720
92075
45633
59071
1307
76639
14536
40396
88142
92762
9918
50591
32191
10237
82761
48533
4751
60457
55313
47271
39560
40215
95978
60959
25798
71306
95374
27431
95516
68775
80874
5202
38963
64824
77523
3776
28089
12775
17872
91768
25378
57857
7586
23343
16873
89342
78487
12926
6688
93031
17520
72659
44980
35212
56616
33504
96097
84674
33272
30001
81264
87104
44880
19367
11887
4716
11627
67366
32713
78985
20443
91976
42584
63545
21893
81703
32628
72635
44086
36456
92819
82448
20743
2485
51254
8214
60222
3750
8207
44018
7678
43415
79502
87870
10503
38273
12976
88219
11455
12157
77714
11120
80212
27702
72587
25543
30074
81434
13319
74913
876
23462
40587
96816
37181
98816
66361
42395
68112
3673
44494
7876
59159
88694
71306
77027
12474
54714
53041
83619
68726
44409
61179
31929
58741
81698
2235
93040
29897
25711
78139
78787
90431
33294
43142
84216
2827
82685
50688
11686
71912
70580
20107
7781
67662
69837
51961
91517
56396
95559
13069
75360
28392
29700
6186
56467
62282
8658
38074
55483
96581
73320
12498
42401
25533
65706
17445
25864
45552
87089
74200
29788
4025
41355
11706
98146
24301
53397
64266
88904
29737
10717
36643
34338
12642
2778
50394
60731
27107
86675
21934
94169
44611
95205
15105
98591
58082
77706
82248
1956
52392
26096
45965
69306
21359
83280
71335
87037
17993
8040
32165
8884
44392
49170
25745
85863
36676
78159
29758
22754
15311
56713
98757
58877
65155
80031
85177
8819
26249
13115
40064
46595
71149
62310
36512
3641
64752
67337
12978
29361
31442
63357
42738
19067
54509
13049
49776
95441
69460
29241
61914
79922
47947
59493
86644
95678
27339
87088
4150
41328
98103
62516
60788
4877
67976
85570
37734
82082
12658
22104
21111
69339
65181
397
91311
51954
13975
79690
4367
52106
30254
89736
39358
97007
51200
60141
98648
11656
75665
40833
76302
77663
63187
71650
31257
68926
2569
37860
51091
68939
75314
67693
82782
47355
8130
92575
14741
47549
68181
34689
81702
47648
82721
52043
11073
8367
23157
63780
53677
7834
86921
26078
6416
71824
45802
43448
6151
93531
69139
22385
49385
76115
28599
35427
76791
62560
6953
92003
88877
58624
45400
51098
43475
40976
59131
28653
94942
11143
60576
22890
45768
38788
84182
43256
82017
49236
61277
10958
1552
64682
86423
21210
78410
45795
85303
5587
19049
47293
75252
48513
1414
31154
74903
95052
62433
35823
82602
65440
12693
17149
48505
95008
32954
46249
76617
10596
91932
85342
53410
27554
1283
95994
90450
24194
72201
24190
72687
97679
55672
53543
9603
47648
35891
12063
21476
14614
63885
89130
80823
46193
66634
95836
98265
84403
16176
91414
88255
32161
69178
74707
13654
33707
93883
47697
47229
5419
40703
50708
22851
38242
63135
84922
9768
59149
7545
857
59117
20891
24772
62002
46711
2802
4518
7216
60920
5446
97729
6046
8018
80786
35935
40526
28501
80965
39888
75896
53765
88193
64833
16056
73910
13176
66278
42580
83058
81711
86068
39115
76857
15319
32297
67363
7388
7175
27995
10852
29188
86667
86776
41783
7689
34656
42690
42064
2307
22608
56421
28802
19261
31649
47091
70923
56058
8716
88092
33534
36523
61938
24157
79208
19377
58614
29189
92698
48489
68571
33138
21325
52969
29036
46707
67098
1416
23049
8366
39253
70486
24214
40273
60449
25290
57265
19854
45207
68227
61373
11305
98672
19083
94461
74329
67250
62509
7567
22405
49075
5467
49991
93575
33735
89470
35095
75833
90225
84942
79993
69506
33008
349
48838
63048
12309
21664
63708
53918
62112
38759
83981
24471
87115
57266
34466
2242
58508
54707
79456
4588
93849
644
59291
33785
20495
30638
6537
70979
90194
81432
29629
60265
88233
91866
78296
98322
70244
31413
62019
45585
98800
53649
60293
10315
21486
25520
6460
76469
55003
32853
17324
35518
5485
75405
75657
32363
41057
15052
42552
81670
15126
92729
63723
80679
9130
23716
36237
95248
78969
36143
31997
27095
92687
33870
5787
40199
40351
48975
12299
94974
24178
30068
15975
57341
64108
94111
54779
12828
16208
45932
57264
55191
88860
80348
30459
6071
89925
79613
1185
97770
89282
11211
97499
18860
855
90229
42830
71614
69617
35458
92012
92082
2753
47578
57492
85057
76754
6382
16571
15019
68936
23408
79040
33037
78878
76806
38235
12338
3411
99716
50274
60737
47790
14529
5692
12967
32569
97114
56486
73878
51280
83164
43211
80750
53920
65182
52438
41282
