13636
14292
16320
44303
22882
84133
57136
93308
82307
62269
46337
35073
76420
87783
38524
30038
20478
13267
18786
36503
34281
12010
88961
75725
19751
78294
5375
98769
70829
67440
22821
75884
89932
48501
34663
93426
12515
8607
24121
44996
15662
62134
35276
52453
33792
86389
96319
96365
51824
96494
6693
19635
46554
56694
99375
1625
25330
40594
24552
44587
78758
58366
22479
14866
39448
70453
45140
27919
53120
45098
17522
11870
89145
73790
20841
72147
76734
36508
41933
33361
81975
9009
46945
74335
60747
3185
29329
33238
49125
33038
68095
71920
84054
79534
66237
57295
39654
20409
13004
63339
41249
68399
43245
6725
78971
94822
30490
72764
35852
27227
24890
88822
98661
91190
62611
69749
11420
48144
54118
36262
41123
11901
78793
20082
77003
45601
27815
9611
7553
63545
32492
56325
23503
78593
92112
13575
65764
40219
95363
65925
72695
56565
97385
21898
8147
79273
73258
92863
16922
96488
45874
91510
66290
76742
22216
29347
89605
23163
29722
33369
67006
20879
65210
72307
94734
68565
65318
20067
99078
49036
3984
71201
52780
88193
63567
84557
14516
56895
11934
97729
72343
34951
92688
11065
17670
40982
90034
46761
56377
62765
23969
42601
10497
61993
98918
51815
91355
25078
27163
39581
13955
53191
93785
67885
92503
74673
38730
78096
13174
37658
14830
32710
11228
31992
61026
32054
28190
54145
54636
53752
78531
18556
63690
36313
25067
61383
60704
90786
89275
11751
93202
89438
29732
72353
83774
19151
41166
24802
18561
42997
2251
11937
33586
18719
47934
91259
31373
78504
967
66863
23625
37209
70441
73410
61050
95398
89500
57472
42818
31119
13969
47943
88821
1423
44455
25392
2978
38874
48217
41874
90888
3387
35583
11639
51500
66593
84969
44970
88378
33807
30010
82199
89819
22412
88126
55993
18997
56321
11302
88376
29650
83694
81984
87442
29027
54308
23116
32163
74263
22542
88281
92498
30286
59092
75975
20237
1626
58801
21910
94457
10428
44529
69093
9010
1109
31769
58124
66408
13297
88462
6395
46656
27572
59841
12223
7194
21403
48141
82612
97192
43476
52806
70707
65836
45526
37512
51913
30727
46437
67888
54366
60196
34410
16845
77947
85121
14600
72973
86332
97258
96184
56707
18866
85800
16147
41624
64926
70444
46868
68780
98834
53484
76189
24717
50981
57622
73822
3257
63484
63596
79855
27397
19971
45408
34095
46198
12245
10726
81893
27102
92593
48430
61808
85353
1008
86768
33939
84906
49689
3902
72586
81468
83858
77656
69054
882
84007
9693
65864
20325
11298
11343
9488
22736
17402
68787
36736
73457
51704
69948
29378
54199
88550
19766
76187
50404
91676
90835
23709
64212
23683
88915
53567
59582
91010
98386
43538
42315
76354
33213
62191
2552
44862
61568
15803
81250
38941
39072
67950
32221
50032
60481
33202
79741
74523
18387
92918
64092
1469
18649
9205
93171
85983
1651
96642
22383
57776
49906
31725
19016
25248
94420
97103
18491
7756
26825
9336
26981
3962
94937
11462
52604
22884
91488
14179
63201
55713
73825
85058
72623
5468
79446
40846
57704
24007
69020
16568
43210
64926
93420
23474
89034
7346
48934
6972
55611
63378
14711
71985
47697
9050
65936
60130
6532
7186
56601
70286
94495
87471
33440
66670
83950
64848
59102
13547
45801
53574
39398
94483
38735
10257
66125
62055
10541
71463
22428
45257
73950
84515
58568
99822
41002
1840
37360
63572
39532
19316
34314
50517
67406
98733
22073
55738
31486
26750
39523
24186
48244
35386
61170
2037
23980
20227
33249
37440
42924
3880
49588
35068
84758
11344
96336
9980
28903
33617
25667
82109
27487
95529
74015
26485
19260
88880
27077
40002
88184
10386
30569
83790
31939
98241
97012
38563
23344
56530
75842
20774
68590
99920
20648
35651
69727
99245
65759
56061
2396
12092
26835
97868
1082
57414
96699
52714
61371
34685
82776
35099
93150
93247
49256
32537
73311
65798
3129
86517
14331
57773
86635
72372
57774
4893
13518
27567
74881
38363
56758
20015
23121
71015
37605
76091
83551
32700
82707
74524
1542
44297
77191
88659
73754
40743
27623
75343
50663
88110
62339
3929
96115
79242
41730
44622
25457
54462
40093
96189
43896
69132
77833
23007
77926
62761
11978
22135
55641
73165
48985
40610
83090
28605
84974
70033
80582
97975
98618
17031
77269
38174
76903
86770
76024
52828
23899
43879
29285
92982
50633
29089
92607
86518
30628
32409
66464
54183
10732
10992
28764
5488
19701
77498
39124
21729
20839
67510
94267
71696
64040
27481
55843
23061
18919
5721
92228
91063
46983
25098
38862
68099
92850
62658
22531
19896
48003
96571
97976
52564
3569
26398
87243
87626
88266
71781
18472
99405
47646
54294
31989
56389
49611
57588
28942
23151
73245
69545
67598
24907
40181
75401
7199
85634
72130
60665
12638
57042
54966
19227
73725
24267
69533
41702
68127
37641
40238
68217
34794
47138
87248
92823
43416
92688
93108
82472
18487
35262
33716
99379
46651
78457
28972
73069
12383
28168
19198
1608
15496
27601
59143
61429
44438
28418
80569
7721
86856
7908
89460
91300
82913
5028
34750
20460
37658
47357
31984
14511
92525
89657
42177
77376
23326
55586
72576
95267
95294
96463
29318
39959
18442
38629
52720
7193
87995
25818
48385
14998
12119
85386
95616
10578
45801
42416
16466
41622
43707
8512
35410
65026
96184
4687
9083
25838
85423
81766
38103
88851
55841
85301
12427
90392
78589
49501
72857
44283
52307
27557
32464
11840
98971
16985
2391
7138
94041
31599
31574
80910
39119
30954
51560
86782
61053
64292
43775
13754
29546
26882
21769
6228
87714
59533
59157
26818
72959
5224
31988
96300
69558
72183
89314
16149
76047
23570
66055
79198
2296
1944
31797
53824
50192
57193
49731
24887
33740
25645
29338
14297
5725
59103
14736
25425
5787
26236
24125
39437
57828
75573
34178
88816
99610
35274
11352
66936
41639
35410
10734
37483
98237
64576
11458
27602
95084
67945
56036
30521
9801
34269
93077
47314
75885
17691
90574
10455
57446
63889
10362
49811
99444
26617
21370
26723
67765
42981
54214
14917
45841
82795
83247
98329
14910
91855
16060
41148
47644
87134
30341
37841
70200
93604
29635
23558
82495
86864
12931
81919
44699
897
9489
77750
25048
60922
38038
71619
43206
84734
59836
52103
13731
41118
84680
27006
51022
94748
32403
84029
1630
49425
62810
70312
33547
72521
79610
5840
96981
97812
44228
80901
30050
72295
70218
44944
73306
5497
73281
53987
53817
44440
97942
62909
27298
78238
24110
29082
8924
2629
72536
87746
54460
28901
80288
95273
38086
39177
44202
52526
81311
32198
74638
45394
40506
78934
22052
41436
70899
39736
53700
45524
21467
78416
30212
57190
51483
99900
43013
55309
48410
50528
96916
94351
25275
56481
26441
1148
92006
74944
6857
34128
61294
20754
72675
21619
69802
52547
22403
48363
56185
82674
58182
69188
48929
27011
66279
76044
98689
23098
43789
38186
96163
88893
4116
30783
35282
80286
20118
84025
52493
20904
49429
95955
32878
19571
84229
712
5740
8593
87387
98936
77496
94650
99124
65736
92346
27728
45422
98263
90201
50397
2459
68908
31154
68671
37965
72401
16638
41892
86337
89515
32428
38378
95870
35281
33244
62227
36309
29357
42782
65567
70303
90096
35710
44853
60689
1512
89769
38379
38436
7553
34864
21854
93823
2096
18444
80520
64800
64207
81606
11827
84073
63847
22256
97871
66507
39118
98780
63842
32491
30119
91418
16064
55481
24634
80093
12363
33197
86300
7981
36452
82632
78259
3455
78783
54651
10574
44555
93773
16836
52724
97426
72101
47751
30954
81493
6455
67839
37838
78346
21571
2732
25926
5887
8317
16135
18799
66373
69188
22002
6081
47322
78499
56226
45154
29195
5814
60391
43472
43220
55933
94563
5006
47006
79767
32692
19316
68312
24527
43141
73637
44523
95359
7954
86410
33719
56706
72371
95138
62648
35851
44201
75366
71771
10755
5401
18926
15875
2597
1759
75678
46063
24367
94618
22413
27007
97725
78919
26120
75624
96818
50487
41845
26046
48364
61557
51963
70545
69815
11434
72489
33443
65253
80824
7368
11732
19196
33235
36251
74366
13765
3440
65715
22768
67463
27573
20156
740
85540
59402
35993
77786
46250
19513
65829
85364
2355
49320
23406
49197
53437
48381
46060
91163
29270
42234
80810
43542
87250
10681
7811
64490
42668
51753
61859
93377
84771
19077
58583
20790
41401
51223
85004
10412
75440
94702
87192
45740
14994
22003
9376
69876
9828
87054
20929
65384
57380
74551
93497
25229
46763
76614
13490
74859
51591
71503
35118
94497
57653
72452
592
83277
90736
2615
7796
2213
63376
35647
15723
34567
55041
35069
28547
65246
1304
37934
54662
55614
30824
96475
35996
10220
25580
33354
74027
64787
37733
10145
58820
3937
59584
92695
88086
42542
21410
26099
79139
7212
79257
18715
2007
21733
58828
58930
70187
11693
48066
48243
73554
13657
16840
79504
63672
61178
36455
90372
57697
57382
28588
43008
64480
53231
76826
11785
74983
62345
46983
86005
43836
75205
58794
47449
76356
12108
94467
14263
51391
66649
63166
62333
16720
89489
36590
45163
87096
80079
29022
26907
6086
31037
68402
21757
78624
36249
54234
48776
44906
47042
83946
7841
64710
62061
4407
98349
54862
69390
3148
51563
66710
22191
38981
91047
94216
66254
26288
74991
16640
31662
24689
94903
33323
20075
79918
12798
6802
37037
68825
40107
57874
45691
69357
4348
82703
55324
97622
54659
85082
38240
90301
17705
76931
77458
60196
83894
92056
77354
27541
12369
9960
79243
32135
13243
22353
89042
74518
44635
82143
91609
91546
17824
565
63041
93689
21019
52834
34632
8343
38891
68632
71629
89909
78400
41361
6983
17972
55864
59878
96023
20741
29447
9496
56456
30146
78630
13556
56113
81995
93661
80806
52987
72516
93472
46693
72476
17140
13890
83769
39177
31060
57424
69011
88650
43737
38331
89334
53735
71882
15369
71070
18653
84757
86119
70868
62099
8328
44108
32894
15058
7462
96721
52637
14682
58084
15644
99112
96436
31706
68885
89843
4081
72095
20700
64963
63317
60436
20846
12719
91814
89296
59821
84231
66625
22591
62152
68229
86396
22604
84594
64148
73032
80995
68710
31715
34339
4786
54328
30565
28092
39218
92897
22028
2996
25526
66988
46558
64056
21155
7550
1662
87481
31388
41080
25761
47641
12489
86011
92091
95932
47414
12716
73832
47111
4737
16811
23086
3384
88985
30624
58530
6108
90281
84627
52595
96399
37792
81234
41099
55602
15593
4173
65240
15053
82932
76666
41643
39914
42948
84073
21849
18775
62237
34633
80677
26502
19065
74917
98259
8715
43901
43173
75071
90531
49020
95554
97200
46761
88485
29362
9848
31254
44912
36488
80338
43241
47475
58778
64178
28070
75167
83171
60436
4911
8774
39755
43871
55648
3950
26092
77333
62875
82974
32384
11701
72420
29101
74709
66033
87378
79465
94881
51429
13585
74225
90595
73863
25748
54294
37435
79027
60287
10738
70188
33547
60730
82737
70159
81756
9265
51682
41552
42811
62392
52029
46973
48279
12528
24787
7918
14140
72766
92744
76800
48605
80286
31741
46850
30686
18179
65891
18122
1353
66515
47065
17046
52136
12786
98836
50970
89682
58941
92952
56768
35695
37912
52070
89037
61556
27251
42315
61334
961
46376
23295
6261
67542
33938
21583
53261
28988
35887
39473
63576
43373
33560
40199
76295
15327
34982
94837
35493
13691
73816
18235
55198
79813
35975
41104
10692
28215
42704
85293
3435
75864
4556
17160
54977
43219
40804
49503
18198
91202
45575
21981
53795
19468
29376
13395
2134
97713
75774
73709
26574
32414
6822
47643
27144
28140
68096
26448
31566
92833
10890
25046
86284
50594
36038
87712
38816
16399
85221
33076
74523
85479
76638
44290
68116
51834
64440
35730
50437
22580
38969
12978
52440
68994
58719
71020
69042
56913
90016
26836
75123
14356
17936
25365
80311
20529
35697
3201
83430
41663
74579
85735
12492
42698
99186
41094
55775
62531
79527
75309
63699
32366
76010
8986
53863
97912
72605
17289
91874
65017
18670
81902
26383
58384
57952
60167
67542
51273
63978
47587
16137
61239
52300
8773
48001
53234
486
9741
69808
17624
15245
6510
77386
14706
63137
42756
38345
8950
71501
82399
47923
18407
11326
18412
22993
92676
59351
54107
84746
39019
73551
4501
98552
31940
59172
2459
80066
67237
60984
628
97426
62864
47481
74250
49772
12159
4516
11677
95247
15195
21822
58592
79771
81579
99663
97729
49913
33887
85780
55324
93883
46378
24995
30789
44072
10743
7958
45445
55533
60677
62690
71107
47965
70872
84973
85058
70926
37075
68640
10833
88159
47674
58860
69550
17196
14959
24730
16972
32276
61442
52546
46179
81456
5659
6745
51047
37869
16691
30178
39028
4201
59070
56143
34569
52505
50714
10627
8898
96606
14605
26803
12837
65247
74947
67165
46209
87518
55444
13592
29113
86013
90985
13169
94091
8130
16511
89651
42305
64127
33925
47189
54234
6897
29611
6632
29089
91530
24290
17044
66482
4331
15831
20366
17671
34639
39708
80931
6509
38494
60536
63529
82424
3099
1064
53015
13215
45901
62051
26438
35994
61062
68321
44771
62680
67415
72568
5940
35635
68314
38075
54678
63227
38399
47109
24781
70181
70619
95497
59452
68422
35579
83141
3810
3590
70396
64764
51135
5832
76595
93417
83187
29478
97851
81050
5419
36009
71059
57685
50255
62070
33768
45296
38195
418
5858
301
44024
55989
76283
82833
42596
50403
2599
58016
414
77921
64511
41180
92284
2650
21433
107
59039
74897
54887
25199
65376
57349
41689
88771
99121
12933
45242
97381
34653
90282
44946
3391
97732
70095
20739
95145
29549
93761
50820
32784
26879
39834
80635
27498
71498
29879
65401
47604
40637
33661
86256
63297
45530
80658
34924
86675
14299
87511
83712
29663
5161
5217
23363
10132
32974
61119
43448
22188
81910
26287
70557
65277
24076
22103
98320
25541
76713
14191
17273
69242
47531
97637
56743
991
4026
81649
57860
17073
35170
34064
80845
42038
10049
21157
27623
21661
16471
70503
94524
10378
86430
43213
65694
14350
63103
20978
39220
23427
82338
9383
9962
108
70238
14469
82131
7524
48473
22371
6105
51325
3258
26374
87017
47846
45441
28519
55228
2919
94480
76658
9070
6209
19667
6894
82811
4318
31943
42393
37888
83047
42428
34433
34735
25787
24101
80737
71799
95580
39026
20098
73187
94099
64397
43198
7120
60056
56195
17847
68908
34583
65750
36301
28946
5680
312
3753
80441
63343
31657
77812
75581
6080
84483
23058
8897
68825
91639
61229
23745
64704
56719
59648
63892
74381
3470
14970
41811
76468
99774
22755
48123
14095
73485
3304
17297
6126
5486
29054
25475
20348
295
8455
63922
61213
44517
67107
9616
41339
34301
38294
68416
94965
94102
4203
77864
6102
72409
54565
2209
85341
61941
3972
63569
8902
29689
61485
32594
81178
5761
2771
63339
62584
35754
3396
64408
48263
95725
2679
29864
36363
5354
472
42167
61479
54338
53157
19993
69281
25440
11195
33716
50921
26845
40133
58407
96323
44886
55020
31523
83032
34512
28437
35578
31529
74955
5831
59211
90705
39794
29600
10376
69730
24700
65845
79987
61469
61805
2089
54563
76532
41491
63313
55738
94566
69054
12417
35738
95621
44989
68085
3377
40705
71155
46831
1851
76916
64893
10637
86524
48506
93945
29288
29486
95839
818
63986
26220
61000
60145
96937
34518
42796
457
54991
41540
71199
72698
41012
62475
62537
70093
63590
45716
71709
26222
69671
98574
77869
63994
3070
96575
51167
15565
6056
82586
12203
33826
59898
93747
5067
86196
74738
35475
48051
33567
60580
40248
16164
5290
30652
4218
23881
48162
23986
78413
30355
83572
57777
69617
31147
65412
48351
97006
57075
362
83350
27230
94400
72404
29337
37372
12799
47264
57407
76341
95354
28114
97664
38141
65641
29422
82410
72578
33341
98852
72694
3005
91579
27642
52231
28630
76048
90281
62600
39655
37845
77732
78400
47689
50217
33350
45847
43759
75953
93279
91418
76616
90754
47645
83059
2240
85907
19636
3975
1724
83001
75773
63664
58222
27668
80345
35651
66758
20173
706
61324
22517
84664
17751
38495
17622
49714
49974
87924
32291
83575
38650
96625
40062
7433
96077
12250
43933
44583
49990
42723
56412
86306
60875
56653
62071
14067
20177
20021
69871
97698
79088
23586
75246
31955
68900
91952
73003
9149
65436
52525
35932
31711
71683
18149
44350
79148
23602
50788
31590
68095
91717
22175
70182
57983
4911
36211
23788
61097
76423
3555
29536
29953
18052
34593
4486
15064
21379
8107
38532
4124
39247
34784
79146
97465
6790
24700
14623
42726
12303
82923
90465
69388
88430
1776
5980
56913
53403
17262
27043
32689
68163
11905
32725
61881
22988
5979
13658
37089
13662
29286
57769
15495
12255
27466
28847
56933
43028
72717
51193
80211
21588
81062
48794
93500
13089
60148
41523
16276
28613
47572
61660
4116
81064
5843
35960
27342
2058
17265
74476
811
11042
77533
29063
83017
25154
74970
57132
60964
72928
49046
13885
80686
66068
46832
11101
87100
63110
39225
48791
62840
64456
97382
8476
66090
67625
53652
34431
6412
91505
1505
54875
25762
98240
50382
69168
44055
51999
65777
68345
38119
3015
80559
43347
79566
33686
80973
38048
34231
94742
48859
64231
62832
68474
11635
36355
13660
69056
62973
15391
71502
40538
50720
69458
71423
94171
88123
82445
15686
77663
67046
35101
97332
70880
10671
59825
83897
54034
28910
32403
86651
15603
199
11670
42645
37273
92042
57288
86605
14027
55508
74998
89025
50385
96843
97580
52295
11100
71924
85395
45563
98527
22361
56568
27696
13758
66899
91952
57802
51810
52457
59625
40146
30570
28740
55898
40339
39050
26812
34149
2128
30835
95840
1659
22154
92047
46076
46946
74037
13090
7530
72796
82110
43514
86839
88123
93242
43630
83973
28887
70374
90
99485
34795
61569
95883
34852
58455
21645
40944
57241
13244
84287
37775
83267
14728
2687
20702
34413
35648
67682
19952
17914
44712
44280
79661
77515
96631
43730
40616
62656
96709
55076
97925
63774
2037
31349
61045
40089
26271
57195
87620
25301
33092
55849
94285
88509
44334
60247
72111
85436
72539
9216
48325
61205
50422
82175
54773
90514
81908
18367
38220
14725
81028
78288
60531
58168
86361
74000
81229
83378
41641
80612
8141
78453
80061
94651
84822
88862
49994
91152
33180
36383
71618
55180
90116
87492
6751
36720
13352
19861
76576
70530
58181
7904
18974
72895
44272
54804
95317
36116
2147
70333
79017
88732
43794
91926
1074
69871
81143
55771
97353
65910
40519
90755
85187
1836
43106
25848
88171
73039
51417
49641
60648
61367
6802
71111
22431
237
59479
7166
50378
30017
93544
13878
89005
62846
57366
82886
11385
98190
86417
36879
55576
57580
22508
10665
30010
67425
22716
17137
29788
18423
66633
22278
84698
52505
9685
17650
81929
72683
69495
837
10391
73977
5392
67336
72366
26641
1750
22340
44470
60220
14462
89981
86621
14538
94065
3067
38859
96137
41100
55005
77521
42342
77378
31954
63384
71265
29179
36499
53161
39715
956
38702
28694
85580
26487
81599
52188
55172
38299
3369
65675
375
72666
69568
3960
76651
35657
70160
58440
6617
78790
85792
31583
14490
23316
68049
96599
73437
3951
1100
97461
65250
69179
4754
59263
75760
61286
1041
88050
12465
50879
83687
57838
37730
89329
77145
69676
7809
27993
86732
35608
59019
78059
46544
60925
15163
7118
14204
62264
58438
85000
78750
51220
37198
5907
424
31196
67911
10304
28200
15365
34615
82110
45974
55737
95102
27954
93852
25160
46171
98373
88789
45444
17218
65491
38442
87191
22635
43829
44100
68642
47081
38777
29612
27465
72129
32466
20639
31823
88905
45948
1764
97505
99793
71367
993
76908
32084
90806
65822
87209
13266
89044
16093
60065
96210
33306
34002
71707
67465
13232
8561
24081
66204
59557
68283
95838
52497
18509
83608
62635
7314
62029
36254
222
96608
91283
45650
45850
64498
61533
55107
31828
78006
56890
55375
58037
22683
69547
31254
38823
98464
48932
64358
75672
37387
77683
31301
40235
3084
5154
24410
13575
7198
3186
79894
51237
52789
15870
63456
4927
87655
88151
7209
5931
58125
76732
46075
9313
4182
10246
73154
82950
87254
44784
64171
58382
97670
60582
62835
18925
59981
5414
42766
59343
37122
41531
24630
74820
76995
4138
5247
6813
6090
26327
51167
10313
41723
58426
17547
60654
31608
21988
36053
92837
31999
41460
26321
62413
39015
21512
53566
92207
53035
44531
44945
82241
45385
47865
68808
16593
52102
71254
32317
43
4999
66341
76860
60926
93617
53858
16659
39244
43035
2180
87316
37993
69361
49928
27344
95662
15210
62216
35804
55483
50572
13039
53778
61558
81382
68926
64927
93857
89618
953
8552
60353
89670
36009
87838
65658
64599
65394
68796
85157
4853
14322
49172
50854
57214
6951
12879
95456
20520
73146
1382
89885
35450
76834
49471
91959
12562
15302
79543
24691
88930
22801
49626
42081
93628
26963
48323
33351
62089
61685
31063
49815
93420
50647
50629
36250
63867
2923
4343
74431
56046
69471
73336
16471
99570
18666
24902
12835
86538
95878
53095
49297
85851
44105
96226
82051
64696
7091
57225
30251
58628
79528
33366
58834
42083
51566
96465
84802
26204
13221
28092
9639
10959
5112
68644
19458
49464
33154
42510
74962
2060
35487
46812
66210
8590
81766
63964
49315
54420
68578
71553
56776
45697
74092
15802
76518
36104
14501
74388
48003
22201
40100
86630
73317
67786
43456
38337
80738
75460
76767
32586
31541
64580
82263
28190
23140
32715
67155
50244
60317
87602
47149
30381
57626
41667
71316
63941
36867
89309
92126
83354
34962
58765
94506
52761
61960
48857
73495
98424
65134
43428
83226
73854
77653
35991
40012
92195
63434
45901
92662
43802
68948
64257
14071
60401
75051
9718
29003
31649
96469
79515
1470
91428
83334
93413
97624
72775
70073
29502
66229
74282
59219
68731
85110
16889
4375
73294
52728
21634
1655
79120
506
90965
96647
48323
14405
70705
44694
34104
77709
52241
19853
41846
1954
85619
41957
91798
90520
84239
38367
67236
22121
33931
79672
18379
84583
217
79147
97182
56026
1756
56990
7369
29994
17349
79008
10505
94780
35011
79008
26918
28081
35968
51793
13987
54429
17373
66776
99490
74931
12576
82774
68489
83267
34419
56998
66574
11293
78267
63739
14187
91557
47511
78078
75952
95251
12484
11851
84605
6611
31451
97017
55509
5231
11448
39154
86152
82138
65684
63950
67210
33441
79656
22250
43449
18982
88501
24101
95575
60350
12433
99212
16513
71271
64820
35361
80569
57890
75840
18736
41944
5521
82170
92879
43480
15559
27265
63257
71818
95264
70845
84436
45609
14316
96529
80745
11901
25261
34628
56969
6750
88382
16276
24255
94177
32239
80503
84237
40410
76087
58584
28262
6298
46947
22005
61689
51270
86777
78770
27889
91717
25243
52282
310
89504
27997
53603
2196
74741
84075
23459
55308
23261
18870
11985
53561
89244
57915
98702
11240
35055
43027
22847
95731
36679
42583
78137
98661
92310
34840
29474
25123
46490
6738
65252
81507
36100
15965
34751
66180
78636
78307
9495
56335
52627
3276
5000
87427
34962
68443
72444
93355
88074
67529
92834
48690
2395
56551
63631
46920
49859
54942
9886
39901
54600
98335
8817
16522
53618
30478
17461
73279
23163
32521
32604
56748
33531
66512
43103
33403
37583
90710
63698
23866
62396
36119
37049
78961
13904
16562
79112
79548
52334
87830
16320
23693
68420
69594
1734
54291
94459
88477
33809
4484
50982
99165
70192
55553
34925
36085
15158
35882
13448
30228
9337
59149
91243
86019
77505
18480
61286
29856
2618
37056
51366
37913
20945
35332
16201
8910
88327
63937
64777
88811
38943
49105
56900
59214
72884
63230
65927
81495
44035
77818
1403
43229
66100
22105
78493
57171
32450
82401
92088
83254
93004
64602
85859
96753
53118
13069
78220
34859
39351
26014
47758
51220
71105
24636
91284
60231
2248
32029
13134
14274
52553
79790
85820
24799
35652
8136
71812
98839
56839
59030
76460
5925
71848
81523
95807
74341
63246
60147
6095
59815
85010
31067
42144
18021
30060
50183
72123
41464
30821
18261
54922
420
69266
77813
30700
13213
78782
61059
61100
44981
41256
79381
78020
80321
49553
41832
79371
89581
28829
16943
96985
42101
25933
53319
29264
21486
37646
67798
94739
85469
36013
30348
68017
38577
4107
76040
36659
94035
50823
82593
95559
2186
99046
61114
18558
5629
53047
61822
68468
88228
70811
82541
12635
13878
21275
12821
74486
15947
48549
9213
75566
10983
66319
75631
8968
10908
11363
39442
76213
73513
5173
85336
38758
46235
21383
94798
43054
64819
34761
23634
68438
75824
99330
6511
14657
53471
17712
54139
17301
91286
1553
20711
45485
41609
7026
84576
35866
23415
52146
7649
94266
13605
85608
94954
83054
85474
43783
66399
92494
26476
69766
9667
81186
24915
40775
99742
11652
59808
60974
55496
93196
57223
22140
84926
71959
84461
39851
97148
39209
36807
58932
19638
12673
27111
29368
54833
90215
4376
23456
29182
9688
51313
61644
90824
21520
91886
39525
20570
834
7283
72924
76058
62441
96649
14453
37042
91464
681
22994
98593
45623
46634
27190
55687
67544
50127
96993
54074
95546
85942
9526
7276
36352
31791
45808
41883
95579
31315
63406
80073
44935
19281
96314
31925
63883
82873
57197
16023
12658
92325
63368
89534
81381
24862
83558
63054
24123
5957
23280
71392
94892
85451
25023
14892
97757
65647
39706
30649
50841
72570
41462
60149
37274
42921
53658
26342
50319
95264
91804
84670
92930
80969
41416
3220
22573
19992
25895
11489
48232
82754
17760
89622
8035
92014
85181
59484
94258
81422
34168
98235
43167
26547
65182
40087
50863
3218
52259
38459
71204
57216
12734
28858
14153
38609
78461
13922
44034
21802
92318
77764
39752
28216
82417
68087
54810
51840
52113
45259
57740
94173
32084
68896
61095
93568
41503
66382
15787
1328
52357
19354
67732
87435
40284
91015
70019
88901
75468
69426
13552
71258
15449
72456
89104
56404
58482
14951
44130
97094
85277
99022
51105
6999
80719
77030
25132
43837
67763
20584
97106
12079
98134
42706
69444
72963
10031
52317
87932
91401
98067
65909
76371
82687
31706
86481
78724
59628
79792
4691
35086
26551
22251
18693
16051
53335
68249
60732
6715
63253
65883
26182
21137
54884
72320
1473
73123
72742
3011
16140
46372
6164
27019
52729
99026
19368
22650
68417
75293
94238
98306
65504
64044
63071
85498
70554
89827
79441
26655
16108
4713
49299
45602
24678
25518
71885
44771
21487
10367
30233
13357
5982
56616
63651
58319
28921
99532
69522
19666
96682
30685
99832
85439
12477
64947
378
62137
58066
69385
1766
11645
93682
46087
86903
11426
97073
60562
2340
27210
27140
74597
1162
58050
45059
80880
92324
8888
392
4752
56577
71021
20305
59775
29972
85423
4881
63859
33125
59730
25139
9748
86705
52101
8601
18588
19675
59894
69713
52224
61245
68359
97192
42311
92525
22085
29522
41781
40380
31596
72623
91490
61744
53313
12808
30744
91340
33906
16114
1479
6545
33213
27436
42609
2071
17391
87892
49060
49449
26471
61204
32429
39175
48168
43506
88218
73829
77993
67249
7887
55900
63099
23478
1528
87107
33648
48004
33391
39293
77856
27247
85768
43780
68233
45679
28032
40922
54582
40240
75133
34193
80461
92332
13909
70391
40194
52315
13576
9806
24590
56915
13346
66657
8227
45578
43445
9735
25908
55502
68422
69387
54500
9767
71592
99223
75435
88649
70941
2488
15474
47296
19246
37752
92115
73693
75439
70767
9569
31136
46912
81332
34428
23584
14703
20940
13901
19111
35552
22654
2234
18296
15013
99079
71817
5746
79693
70693
20739
14685
94956
51545
81373
11087
94332
77294
37668
75594
74541
34534
70139
72678
165
94771
8590
87090
34959
30915
95064
50651
85322
56324
53096
48287
254
97177
32282
20167
65935
86369
94000
4745
50027
94883
36180
95367
99958
23340
29252
37408
83272
38307
44569
1018
52514
29556
18131
20241
90489
84727
70787
48777
75629
70087
29363
38631
98448
33086
10833
97154
45011
17501
9658
88172
40533
65393
22650
5281
58591
13222
87131
11618
1662
57655
67379
47015
11754
52078
95772
70697
79046
12040
29678
81207
15581
45222
29116
79939
65520
97548
96919
66872
12506
32098
92397
65771
28648
56397
60484
87121
6905
12849
61650
77266
97596
59169
47115
17973
2708
82348
26876
46369
37313
40136
18108
32971
87822
28450
72590
95311
36277
42711
39761
61042
16303
20258
99111
69563
65258
1608
18366
55357
91594
8651
63791
66196
50389
52411
83611
56412
98107
11142
77231
83171
70671
50550
29559
72370
13990
59425
77948
197
83806
65173
50844
64194
73088
608
60963
77338
60057
77551
52715
1099
63981
71519
54774
28661
76344
51912
82581
35410
44838
16177
97204
25134
65479
56590
90370
65752
90698
26740
55573
5833
23660
18168
71550
26421
57807
99597
93107
49781
91448
6273
96355
20555
58427
76131
19189
99152
95775
898
96026
62078
76843
42537
55358
67629
67969
25710
98714
16498
10237
95210
86639
33316
21978
46881
77439
45813
99969
28353
70854
76746
58804
32799
43962
38565
19822
76648
66706
89348
37400
91218
69977
89800
30714
93494
28989
81122
62810
3921
58452
32097
882
76609
39543
96237
19634
63039
98577
11545
98692
73376
99183
67422
30044
19279
3274
44043
98575
16793
47806
91320
59003
9366
79097
19019
25233
96839
2601
28483
17892
96317
83002
96047
69900
38756
75864
82194
93255
47724
18931
56783
78070
55160
90655
64024
92035
2555
59756
11434
90220
84945
82546
46016
56114
67131
73093
91515
97512
20524
71004
22794
60437
70094
93653
2375
90373
3135
97521
91287
43415
21079
50787
50851
97862
91023
13250
3843
18710
15072
26984
22677
37083
91167
38262
32947
13770
36986
39933
2769
65663
84348
84682
72731
76719
96136
96346
7976
61507
88280
73651
88899
5034
68468
68019
69141
34157
31695
48154
65090
53881
69249
72804
82439
93540
48326
85711
69269
31832
60705
88604
53386
63202
94751
25623
59066
36396
78056
74132
1725
94677
5274
42336
30430
41421
38084
17643
68614
23147
69121
98790
82074
88832
74842
48887
96413
11544
2243
79190
28392
10424
27076
76144
801
99675
20264
25697
10282
42844
8953
32744
56100
57563
46428
70413
48607
26913
42374
41017
55456
30683
17097
46122
62710
61914
6529
64554
88359
45864
29210
47522
34153
98865
45739
91301
67601
29129
41534
30754
21157
12386
7361
25769
14193
36376
42689
24511
42403
4428
280
69500
69169
61225
23734
97709
93327
80953
13433
38886
93145
55709
37338
64418
13634
61431
98590
57234
11823
55127
2812
19477
85378
11620
19859
43069
23321
91327
31928
26334
19224
82018
22151
83931
45583
59710
78352
72927
75130
48029
97973
86647
15696
2648
37608
65448
75048
42943
12135
52762
37786
85455
12687
87276
1616
80802
84121
57549
41366
80664
74388
2000
49024
87099
19661
11127
33558
53407
18834
53924
83078
25662
82103
63793
57154
16165
3780
82730
74011
54411
68021
80377
79192
79166
88548
33769
69330
34874
82314
64780
75588
20803
31561
94466
73641
95973
37622
28597
82986
26481
31890
21640
24109
58211
69683
12123
3351
48894
30122
85450
77022
1390
83537
86954
12642
94010
22807
69858
98550
85891
41797
98683
71092
54053
78335
62275
94101
87637
90151
61180
78542
75183
99744
47530
22521
46380
56268
20981
9482
76424
30418
20436
4752
96864
87758
74197
37265
44607
81823
79631
73165
67763
30046
97094
84684
33206
50548
70055
79875
7408
18022
15713
58742
68941
6908
1838
1646
36007
64433
66262
37741
1826
60376
22126
55473
21360
93931
74228
66294
4137
25009
49493
5814
10520
88015
10779
45136
2650
62846
89314
95831
86213
41105
2073
58402
14705
61694
35810
89956
85919
72551
1258
80174
15561
41890
71339
7387
7920
41621
63323
39275
76320
3760
75738
82399
68528
9898
48221
80925
96128
56702
98996
73161
75118
70430
51527
60720
58302
63723
40767
59666
58120
84271
80374
31586
23750
69319
90253
68630
16676
3391
37216
61029
99522
50039
19511
82452
65367
19673
89873
4806
13472
54884
93827
29217
73555
28097
5055
45130
90362
10618
49084
44196
853
3657
81154
92048
23385
44152
58648
99208
19645
79591
64249
92737
19486
37967
73638
25078
50918
69075
95352
38629
73849
35961
46193
3235
90444
51157
58031
95653
64264
45122
78268
6057
54307
93019
60175
95865
68885
27462
59067
21215
61024
90665
85161
33881
90635
1090
9731
35587
54458
79977
94212
21287
15265
10455
70346
64892
57463
77918
1604
72228
86120
62994
34944
74522
1323
58191
38429
26466
77791
77773
56193
23456
10007
74137
77604
83184
50799
12312
12600
89354
41425
22443
41195
84286
50910
56980
90792
43852
22672
95283
38401
90967
25858
86838
35094
98029
55720
10639
32557
32443
62660
83264
57796
76685
23783
70755
11279
41128
32851
87161
14092
45151
65317
12249
30802
63677
21799
50657
23611
44342
67398
94577
3793
82507
39371
65226
97598
23168
39042
79574
27464
40160
79754
80156
26694
58161
64647
64509
60502
80155
45701
49664
11000
35510
81190
93249
25649
13608
56036
71417
76230
5062
87027
88215
65044
68082
79470
75288
37313
58557
73156
88110
2085
53276
59697
73932
65397
85160
85555
72641
99030
57290
90154
43456
98640
17734
83576
68283
1316
46121
39576
83989
67132
67625
3344
22401
53133
91538
15111
58611
78690
89358
27195
1945
6998
57591
47579
57724
75812
7258
27852
40488
28053
83394
72386
18940
14908
43570
89574
47310
84506
11187
73971
91192
18981
89167
20977
34459
49932
37296
20799
73858
70048
26943
93950
9672
30094
88209
36458
41049
70155
25852
92470
94058
18269
99088
55936
83737
95239
84404
7492
9562
1964
67801
74105
67503
15386
36003
82963
17831
36613
13119
7791
38516
86459
53993
70439
1109
89443
62714
88845
26698
7112
48524
77154
58653
18717
79913
72922
19893
33230
37239
39220
65528
29803
11236
71894
2247
52838
26447
94285
94090
5245
18627
4436
57035
18061
53953
7599
64276
28648
54827
94294
32524
95558
80794
2450
53439
90646
15451
48785
35473
63081
63070
84600
99373
73899
42262
8712
75222
82098
68192
48270
62995
68429
94754
21452
88484
44088
20118
40592
64763
72313
8646
91244
78403
42945
6695
69970
49009
8785
18454
11600
37386
77662
58811
31009
42175
34026
5062
83136
75798
45241
32376
82177
60456
6556
31298
64095
803
59341
13965
9351
70528
74859
84022
63159
54434
71826
6197
56428
67204
72292
59702
66437
63644
56591
10884
85333
9617
63745
79277
54458
39025
36982
64793
19521
39937
26469
30788
71846
11647
42599
69166
89668
94819
9103
41072
62526
93639
95651
76574
70349
27829
48634
15932
3506
85538
65939
18532
3864
95672
45964
54477
37058
80063
59507
70325
33545
10065
64500
23222
27965
41037
34350
44780
24604
3125
70033
71617
54541
15519
48357
91693
13965
87170
8928
26628
90391
21050
61287
33983
73998
7936
26923
76174
65682
88121
32108
9605
35312
38777
7526
52460
29139
72429
48609
29311
93478
3853
91328
380
15505
94322
63991
88345
47315
54270
40512
49887
71134
32879
79933
12495
48778
30517
49224
20029
14114
58176
79098
36482
71016
60428
36304
15763
7992
95896
62554
41536
38561
79617
33149
86538
29721
60906
18477
79675
43944
38578
28859
11412
47609
82220
38470
2433
58843
95031
3682
98622
23205
28580
15197
35302
24755
54845
29363
55077
58017
48228
80352
51418
91716
98975
11326
91517
99729
93394
82773
87871
12039
69548
76084
75535
29317
67685
88872
88796
21957
33871
56919
12961
92213
63931
18331
9980
64420
97847
61783
74875
31543
63400
21658
95716
58225
77440
19695
48633
70894
46953
2703
65449
12257
15811
86583
53657
52495
39661
5985
57069
65973
40567
33119
24145
91308
67391
59205
27784
80644
1345
27097
1881
31611
7897
56328
48638
47889
80367
17310
51877
47989
40238
17901
75003
31168
91470
703
76402
77348
64673
57485
24758
91862
4714
8902
90975
30281
97513
4408
90834
18235
91911
67989
69548
19856
822
33837
4360
59483
37944
5767
72127
22351
54107
9079
25734
22665
58116
92977
99837
66688
82802
50435
15970
43860
2338
10019
26896
98994
65352
18357
50376
75959
26475
33642
56078
72249
48353
55147
30345
57632
96343
16919
39404
58906
85357
2407
37754
95635
83168
68309
72165
4536
4570
24145
35432
41475
52018
25687
17517
90803
6940
5365
94130
19587
55391
96167
95875
20465
53000
53484
74312
2968
62631
42204
70345
65883
11031
57064
58502
99931
72264
31261
15826
97043
46192
45839
71389
2330
98209
14602
20231
22665
37630
39542
50692
90977
22789
19816
3514
89189
6531
17288
42634
29684
93997
69196
41904
62365
53800
69548
30444
94953
67185
17585
18538
75679
89539
97086
73395
9551
24778
93545
22256
38398
33252
51646
65337
23088
91512
79367
43094
91214
53550
69313
93399
54975
88627
86142
3046
76995
3935
9023
48529
28661
84158
25278
55480
20044
21004
75012
1438
25702
46421
93962
64411
12986
95032
4235
96431
42350
3858
18816
70852
74432
26453
39229
41402
97871
24186
63562
87051
3397
94040
96399
5616
15754
45015
93594
54239
7974
96165
45293
2084
16499
77929
17392
44793
59587
4902
80413
59943
84391
89710
60695
73136
85119
38171
74096
2207
44929
83875
57608
95858
57441
87961
98041
31661
50021
88346
48656
67970
1437
49995
88456
46185
58565
16731
54352
96503
9061
94435
81814
92969
43773
3619
2659
13686
33345
23263
20497
77583
70919
91387
9310
24098
38557
49435
44643
28538
79887
85730
94771
71241
56245
12442
58505
34395
1253
14510
14570
68387
83818
77592
93145
50493
2060
64638
52084
53821
85302
84355
98316
26758
67848
71073
97051
10050
40685
64358
7627
9130
72088
25814
16616
23331
99663
10573
36724
31331
45114
68263
12432
18835
8692
52109
93764
93326
98241
58817
22037
73918
97350
90821
43236
95532
87414
68013
3392
85172
15390
48454
93710
36895
6882
5440
96299
58004
60976
69814
50829
91487
27914
20753
8707
17038
71922
79481
18065
15739
77308
3725
11809
81867
42320
33709
11779
81267
82578
21083
35916
31650
7180
51551
15940
96659
74553
75536
11952
3251
55810
35759
32349
28427
7987
30550
46004
76597
82113
26197
23609
7933
49947
87653
7863
11665
36645
11842
94574
73173
93660
15031
75426
39893
33897
19178
84306
76362
4813
12047
42485
96386
67528
14813
59928
41548
71375
83382
73880
11770
87705
35182
99153
56380
97473
27983
81702
19527
43688
4275
60014
62710
80962
38779
9591
40778
60333
92456
94529
88808
46244
69641
71784
70065
83711
27223
40404
35133
27725
66314
40289
53263
37962
82804
85467
58478
15878
19045
42419
5913
37476
64779
32674
537
52033
79775
15424
28748
5222
19149
81215
78919
88852
85071
65526
18063
63398
29087
72668
70250
87579
46569
91802
77373
63985
6751
24747
98157
53311
51113
24900
41287
50036
88616
51332
81465
36967
71246
18032
3936
11799
11655
29910
8575
85099
61369
64410
52891
17278
67404
95079
86790
46377
72169
18334
90906
72976
55301
36552
45282
55027
17266
75436
54109
94249
39928
28882
236
33738
84061
81096
92152
11055
68731
58450
75923
16658
83227
92274
2615
42340
71856
80879
85907
56033
38109
94910
77867
70281
60426
8488
81666
34693
72749
48909
94533
36218
75801
14325
45170
32487
64173
19153
33216
86307
2926
75734
77645
13718
42410
74248
89749
63026
33936
2941
83170
36387
89529
98075
56139
45018
51015
29954
73312
75572
99430
57459
38306
19822
63917
39704
40857
68901
47103
70128
78166
52703
47662
99600
53106
62375
17264
64149
27871
86178
18738
18639
756
69807
65739
58145
46689
77725
58186
152
81472
34219
45840
57644
86877
45467
37428
57823
49800
2705
33390
20848
15923
63808
24774
30467
88724
89928
44969
93763
27753
86865
2083
87134
56834
80790
56702
68498
54082
5771
93015
63132
10714
46950
88656
43947
6862
90018
12722
7639
24947
59440
14348
25166
52787
97890
2716
36948
45032
35272
69421
56760
32756
64422
72398
94606
32135
58706
810
6086
88765
68929
3740
44028
9690
70258
10133
68972
75152
80827
23604
98706
77206
37330
68816
68312
72516
76917
34346
58943
78074
19754
23465
18810
36350
36254
30376
46292
74552
94049
11811
48155
89208
6636
18873
56017
55700
70319
15475
82528
87757
33743
61796
64205
11667
70714
79554
