68949
89274
9084
1633
75846
57471
6675
7608
55843
23968
22335
74809
36272
54968
23222
48503
15438
16965
86850
58486
15320
97404
31904
84085
20166
83928
41420
32130
46870
10242
14716
42611
5126
70348
13477
32396
6043
41620
39663
70460
50085
58625
17488
67316
19904
90265
42736
79061
33067
27345
33537
30529
57736
22245
32621
71545
57370
24999
81467
91917
16050
74544
60738
45600
9252
79723
69683
65924
41490
90825
42460
73818
77301
16390
8400
56695
79916
64587
64180
29900
41191
62359
99063
19525
76705
84186
84875
82880
37727
41932
75025
81043
60152
47745
54410
75541
97886
71887
58064
40180
20582
76812
37571
42241
84884
59719
53228
41346
13844
75925
91629
92783
60818
51567
50726
53690
75481
41212
68895
25066
94848
86803
28196
99558
15799
61417
13665
29555
61980
32859
58808
8028
6523
24000
9318
64379
24787
56822
34641
16986
30957
43528
69035
61801
50302
82242
20224
8585
97019
719
59
56673
2992
32997
45331
33778
48615
38013
26441
23467
46053
23673
79365
80984
17117
83600
86260
36818
42248
86347
28903
18658
6571
51908
94108
51319
17768
66395
49255
33557
41192
5079
32535
61261
32800
2134
5036
73525
78668
75539
15763
86774
30381
11173
70932
7284
64163
88050
44684
66702
95982
83406
66336
10672
71815
81400
50102
51083
38888
94011
16010
82220
88757
92884
82274
40973
91137
18104
48184
14982
78564
12734
58150
66708
70583
42128
88277
95398
80975
86824
87156
29717
21710
82552
37574
57786
38743
21862
89445
51399
52032
53952
34637
84656
59529
33543
98016
37496
28899
29959
16147
46058
39865
29701
88138
83248
25255
99627
40089
29687
93123
54704
70108
52064
6854
86292
60509
6205
55309
24488
2230
69274
28658
96785
62950
24611
78096
73494
7179
37040
44112
50780
66498
51016
70677
41098
89852
92009
94414
54326
32530
39115
81773
59758
58275
97328
83844
82572
77801
73237
73033
91811
82187
4411
27728
46872
17399
43079
66751
63527
5151
51761
92448
3049
85575
42342
88205
19092
81387
65756
96440
68500
11790
982
91957
63115
87500
68900
38509
65621
40766
95524
95692
33941
64006
52300
68593
62087
23287
23804
23698
46772
25257
30887
49174
80769
46666
78724
74182
15933
9123
64752
1185
12044
76797
4533
80021
81204
12453
64613
59371
48498
4569
1130
22760
9627
56068
58506
39042
33274
73749
26117
95804
57582
42058
49667
43243
80902
51808
11188
16448
8776
94718
22576
56498
76013
94338
83647
57144
59472
72279
87388
49634
58673
64432
75199
42202
24127
8126
39547
24700
88159
39681
40908
42184
83005
68947
43602
69985
27129
61290
99118
29396
1265
48164
50595
53780
81993
44632
46746
15288
72421
1362
79570
60994
86360
76483
37131
93150
66859
7464
19116
72776
12260
86487
28289
69094
53809
80391
73492
7065
50736
13662
30015
98182
73161
57991
48368
10508
13837
21418
60208
79495
61379
24259
52279
86797
60111
79913
55824
6522
31816
50452
3126
19664
42174
26341
17136
14777
19875
81500
99971
1602
71139
39681
64552
58758
71346
81388
87833
28369
28114
26622
79312
45441
47256
39621
11396
88001
34208
41491
8983
73896
24567
66970
75249
283
10535
10350
56007
46819
40855
33590
90633
32337
21447
58606
8355
21698
59706
93520
15450
78723
92079
27455
78407
5194
71140
57685
72408
2553
14945
29135
80569
78384
72516
26074
77035
4169
64431
64268
48223
60996
25380
41013
87513
94524
35989
46974
23993
88650
31265
89697
28294
40687
26040
30260
81816
97111
88562
70054
29143
52850
37942
53454
31874
11720
53021
12248
59821
95372
81570
4186
57266
95438
45297
54454
53343
51066
39941
83883
69205
24165
33691
83758
71287
25247
840
39881
52343
42255
44257
79923
15606
94377
35124
95372
23054
71925
9138
75793
41503
23740
87152
28621
7079
27079
32431
32855
95390
71586
76917
30750
57170
4679
849
4977
19159
54183
82167
6627
10879
13139
59905
17565
51115
1646
88580
62889
60313
49924
31399
81417
41927
64147
42380
45464
37012
5070
76678
44208
92816
67984
44491
80756
65338
13506
22753
10926
93527
30146
76213
68870
89758
2511
64913
28364
63835
69587
77505
5432
38498
69541
72542
45465
40187
95499
88823
93022
62299
55385
67965
14089
77505
37958
13811
42895
68647
79148
52227
37608
78893
77653
69362
30167
73711
62529
91659
39415
99234
14016
81629
67425
27564
71245
5709
23274
95442
99026
40569
69838
24683
29730
48626
38142
62181
62123
91365
51799
88700
22018
59716
84686
17359
39897
26539
60845
179
42374
71753
77657
3839
49407
93788
48283
73755
539
86525
6259
32249
90536
47452
69621
38579
82388
12924
49163
29027
31219
67985
11588
71164
39860
50715
77215
54299
96943
50066
87666
44706
44864
23094
53067
27272
62911
65998
75275
35941
343
64386
61642
75598
85105
19550
98163
74565
90095
46106
34970
26972
77375
31818
68959
74389
60165
6493
63979
98692
16573
93984
76812
50473
98858
61553
87384
67442
94385
42348
75667
16390
37649
13221
28684
66833
6342
35989
86059
20309
52551
2649
64203
50836
15095
60694
67330
13046
54135
78677
67107
56418
2019
76583
19368
6358
87573
11169
76740
23551
32165
30721
80180
47747
70439
18580
89323
64153
3134
2125
68046
24176
20434
43669
46140
13923
29780
25976
35377
38163
94222
74338
13306
15707
75241
19249
14370
61065
93853
22325
79260
95173
59249
62507
88144
21830
22468
16456
80396
96514
71371
3177
9912
52009
10631
42931
35984
58349
30442
5444
76577
61596
75791
38576
29329
57827
17414
64473
72505
51190
4209
28257
70300
80808
22865
72873
64926
57926
55525
24310
91454
13324
45579
38863
66792
91045
64425
61297
5075
32310
83265
56021
30623
88408
45747
17663
19381
20673
33178
30316
4415
57994
43950
29206
92304
43114
32877
29103
29144
37757
78004
78057
2823
6132
13989
63253
16017
36928
71783
38283
93401
56117
59398
40195
67925
48188
97633
81891
35061
5201
53491
44253
24748
25208
19894
33460
69373
16372
46558
23678
58168
35322
32153
67317
54305
5207
53197
24491
74418
82493
1646
82453
48889
94894
36915
48298
98596
3754
61281
44116
45480
50985
94042
23943
84266
33750
53308
77614
86237
80529
93880
99644
90369
48104
80115
58079
23964
92080
85889
62717
94990
73142
7472
52567
3554
71037
95364
29853
88293
71596
34863
65618
55091
2442
78198
7182
41280
8210
83051
20555
51899
75583
38254
93888
88613
2002
92083
784
14779
78836
24334
6516
17865
98564
49125
72337
43512
41474
20388
13228
38386
23455
89320
14640
45666
28261
44552
87927
69906
72933
16799
15754
9028
65334
10817
19407
34888
13584
63954
1551
78954
94579
15074
9457
47262
28346
47753
56526
53316
5860
63669
99805
87821
69823
82168
28443
86262
23613
48222
60352
57449
4156
30878
41845
62036
8580
97488
52530
87746
29718
37449
29928
77520
18837
34274
43807
8380
79863
67377
17319
80507
88026
34610
64045
9263
16993
27932
39205
83166
82374
33144
11274
65361
3602
44101
74797
63700
73228
47420
38682
30858
95223
68779
23597
68411
33740
22285
68984
35548
38361
20063
6399
56235
30902
79844
69423
69545
66833
32581
45043
80647
58283
69364
5372
96573
26174
64567
73917
74735
59476
80106
35151
32442
28695
86461
85284
19246
11012
95633
75522
94708
58948
3656
44804
62311
26745
55038
34459
23757
74678
5252
96867
40647
2377
58035
72575
25858
63407
27024
42236
69173
48367
94248
76072
58254
84911
73956
27540
44441
94559
50177
58532
71199
57058
50335
21698
54626
24559
43061
69828
71136
30107
50159
57
54224
83239
94504
30065
70659
13886
59426
55838
83988
53397
6349
46340
64699
27583
86550
77400
52788
27497
90017
29198
24500
46719
25667
83588
52042
36336
17948
1299
20346
57195
71100
39065
98207
94191
21848
75014
90406
43891
56880
30554
35133
94338
74544
17801
50709
3994
56999
27042
38008
65661
17039
43638
40090
20961
75556
7504
57571
10916
78022
34323
95937
58126
35492
26793
82297
67283
48133
70507
5735
11535
86993
8896
70617
59463
94065
30161
72175
7865
32878
48047
79336
90905
63290
54685
40155
27461
98975
77246
18634
14343
17442
79489
65868
22557
34617
77006
58846
47750
35504
83426
55861
86491
21307
26473
78667
8142
73021
80627
26896
45394
35329
49706
78038
29975
54986
5031
94836
80807
86637
54835
68307
70886
51873
91392
94092
7503
43028
48059
24845
17058
71315
24424
72361
49451
92186
92844
69598
36817
76017
32013
54440
18348
50350
73239
79014
67736
1451
35893
67570
29585
82170
78039
61113
80669
15119
84974
34618
29915
32380
71163
65114
24961
55781
9837
74079
10904
77344
28586
37788
62141
35433
58018
4789
54624
395
49958
20536
78633
12377
26356
6052
7134
80489
95260
34887
93276
63311
91692
34332
7211
58226
39683
4437
4854
66898
29478
62567
40512
99160
68109
90391
72864
98104
5428
94151
24152
73250
6489
80274
65161
64437
55985
17537
6024
65111
57980
44471
60520
74949
80803
47593
85652
94254
30577
3915
95750
53581
99935
87726
70916
87390
80024
79472
44267
35964
33187
9029
75061
1108
10735
20026
56822
11418
69170
42774
2240
22145
98412
39742
8917
85007
2047
65563
18357
20516
4739
78609
67527
1512
98401
70570
73314
18762
9357
77770
84413
76513
73269
70060
31923
48951
69410
59411
64213
60776
90771
74234
25083
87803
1675
73604
55168
60192
78808
85909
85343
14461
61114
23751
31224
54578
41501
73548
2707
40165
46711
38059
2060
91400
58360
25727
48876
28352
7819
59966
15596
42635
1349
57580
29745
30504
53525
79724
99837
24797
15402
13122
39954
23448
92426
69952
15398
49518
38835
77345
7450
95862
56704
24048
14065
52712
72174
33683
29442
75947
24728
26815
52372
18842
70312
42708
13111
3534
94006
720
1052
61776
73710
77910
24763
33588
98104
78611
98974
88408
10328
99358
89517
30474
52516
19734
85931
77301
43514
77032
58330
19842
50282
23889
69
88586
60750
21112
53136
49718
56840
11864
55511
38114
76293
45673
22151
78794
99284
80477
54607
93563
34709
41034
65619
25370
37298
21898
66325
50578
56776
35809
60019
16973
42390
81209
11494
49821
77840
36177
72838
76992
25474
49255
31567
98463
43846
51402
54181
6842
97582
7137
78016
63037
22425
64766
85133
9248
58270
74699
51287
38851
54786
2557
92941
21030
51845
38538
95724
95083
34179
72330
953
63107
7639
77615
68088
85453
9466
67155
81523
85895
67717
59482
52996
49639
57793
96982
94548
77623
96075
2245
91551
3141
84889
33986
22205
22917
56313
10536
46618
5308
55677
59097
72663
25252
6183
14909
55397
44810
96677
99679
99781
91114
93175
65392
71134
95303
49561
43302
63237
54862
43990
18101
99007
31933
80779
97811
78218
73652
55409
45171
29140
98930
20536
76214
30217
8619
86819
27743
43455
42883
41584
49737
80945
96396
2464
436
9966
19497
62852
26901
73355
13011
47298
91755
61318
37576
60090
40730
44473
8372
36690
81745
89400
51506
70539
850
70577
16960
35174
62514
8484
21817
99846
20353
13278
94252
37155
2611
29468
80342
87845
58721
10799
28507
71815
16129
51632
28780
14896
92641
48529
46089
83270
35083
6193
59838
60337
29439
25856
1614
29858
93005
84322
338
18417
51537
13164
26944
78477
67066
421
57478
11261
64130
20527
77969
70946
60892
79690
54410
49218
41796
2064
42532
13985
62394
38547
64762
14160
53440
33914
7716
76754
27854
50483
94839
74398
10461
10090
20278
2964
24687
50303
47829
92220
91050
34827
19139
14556
28223
88892
99445
49748
71446
52395
88061
90940
41790
86353
56022
12989
48401
12783
25037
33152
92704
80724
83406
13647
25687
3571
60484
50802
59412
51445
24530
91493
54235
50312
22934
27566
19408
50206
85937
64547
34469
57967
5307
75458
62421
3899
32608
24108
54067
7288
54562
11903
25266
14677
99515
10326
51421
5492
88868
24651
28407
48642
90336
20001
27864
96568
36705
91477
63418
28456
93581
98194
26846
60489
98682
34737
75416
7947
51225
21788
70963
36376
96735
52123
96882
12627
66226
39557
50797
12607
76145
13916
61338
61285
36139
85826
67631
85306
47593
65853
67193
41130
60689
25610
13706
56367
85057
64776
15994
64778
34910
43473
54266
67080
53688
92031
51907
38212
23118
15237
30341
97148
40680
50811
52310
79665
36856
65560
24349
12856
67105
90109
60353
85372
