19408
92952
4471
37158
52486
83640
76773
29271
93289
63938
39281
5584
46688
3513
71384
67383
75056
77742
12681
16028
49101
89536
81893
9089
32797
24767
62390
98312
19097
65464
79496
82930
17028
87361
91018
95850
24063
70344
52482
5386
90914
32879
40432
26104
94191
49411
13579
62534
5260
33973
73571
46464
27812
12438
73675
29872
11058
95381
4360
27718
21250
78461
10174
27824
84442
56350
88556
59327
12494
75534
43320
4711
25260
7295
25114
16222
49103
55789
14898
83386
11188
99855
93051
85123
91893
33032
55118
4590
13686
61146
84791
28681
65984
24763
84135
12452
22704
12607
41661
37840
60855
54251
50039
29726
90653
68860
21203
20517
87324
57453
80768
55268
80483
20973
16529
21394
85410
25050
35931
51410
1232
83965
45641
51348
90743
14638
38727
496
23159
12661
93517
36495
14128
77057
22531
56936
49816
63325
94470
23033
11828
34600
17265
56232
80378
29522
48197
45010
8233
62741
27042
97654
76676
90251
36608
76889
8610
98691
38983
76014
30133
20706
97358
74662
63935
44272
41140
3426
98442
59593
71577
22084
30579
12897
39581
66631
66700
89408
70969
61220
66440
93716
92262
60418
85618
95863
59819
23876
40448
45642
48325
51125
24342
18456
92900
91121
37242
42602
92297
36105
88381
44771
46567
48640
91163
4957
67074
63778
50669
69976
10188
19202
27721
77762
9574
36416
28443
36939
89044
68072
84453
17264
62977
52799
11267
20452
97742
12123
19997
48459
29389
24097
97111
34864
72839
21668
47148
43622
69255
80661
28788
96040
73206
70471
35453
29123
23403
46579
8882
56483
62677
302
53558
24224
51652
71117
81793
93767
37373
70710
7215
54951
43780
2210
40587
86091
22091
92857
4923
87905
89267
84821
67684
8383
39283
88412
44057
92506
17346
82144
97048
51162
3241
63513
85781
29086
70538
72886
83212
1721
39875
53380
6249
98544
73445
73837
52259
70996
29883
49361
7031
30546
41656
20977
67216
77856
32618
45175
84941
63239
27059
89287
76421
55228
73661
56052
51710
80267
16428
11501
15553
49205
9645
3201
48029
35886
78572
69139
34937
65445
36153
73061
62622
67984
75113
66502
9506
82264
96297
7925
96468
25363
87944
19972
74662
50587
76959
51020
24882
17393
22127
71992
54567
18382
33808
57825
20900
38454
72947
31329
99283
63478
10238
19496
27085
53997
26665
8437
80115
7159
46545
69446
83970
8502
15032
90190
61261
89672
28539
97442
58927
27552
44256
17543
43317
64160
18493
44239
34175
17287
45601
71051
9317
64967
8642
32989
15124
68448
92886
20664
23922
68522
70904
17723
70847
52681
88022
46064
3349
43618
96564
31228
9915
75504
72402
71730
19222
92694
76178
62925
35504
82425
74261
62828
61558
75494
60129
19002
99860
82043
75065
92813
96785
7875
73519
90405
56647
26533
46696
90636
76138
72429
40889
90557
20722
14373
61136
33812
92564
36911
13767
22430
92269
29961
85160
41496
94261
8076
56165
95353
92552
69019
46204
21306
68553
3751
34442
2040
1985
81997
15083
92689
45998
85541
86786
63075
41536
83704
42105
47184
14357
26316
26437
62949
68276
52634
543
66823
22715
32023
96143
48570
70367
51343
98084
7118
26224
19583
22003
16971
79930
59096
31827
10567
21827
21078
76432
6728
43175
22085
99960
10556
65971
8980
80995
66235
42581
83255
53030
15918
3208
67618
79324
69961
85853
66513
22321
94654
87457
79667
36850
21953
61700
25133
67253
55261
94489
15870
41121
47198
76202
93814
23648
630
32063
85587
82599
61386
70347
31848
64537
42969
66553
6085
13763
12312
79771
61865
24713
55314
98756
81777
19270
63507
85234
78006
48856
40837
41726
25733
71745
26710
42133
5831
39715
9393
43969
78694
37898
266
83913
60934
24307
55609
15130
93880
55400
55614
11370
54941
75490
32624
91156
85806
48441
94425
74544
60141
15395
54056
36730
41761
19660
44614
60102
37826
835
60721
66369
4370
68342
1076
23966
24447
71400
37822
57470
63661
48376
91353
22606
93242
29467
86785
50243
39121
35554
56327
57390
45290
34848
83828
63299
83842
63536
42152
41274
79693
95506
77304
93045
94679
89244
7000
86598
74413
8658
66709
14405
10618
36955
10882
11764
24041
31449
43488
12293
32874
94370
20981
2272
44508
3330
21079
69521
84514
37776
40123
60911
29248
96548
77777
68155
71072
98308
27927
3997
22467
187
75830
30463
68844
41921
46771
8335
23966
72063
39258
52392
20047
29858
8399
85322
74524
75031
48537
91348
68165
37478
2083
36636
68534
5798
85157
14070
59177
42727
40691
25732
3522
39491
89826
32687
18540
90518
33427
2586
56559
12743
45555
12451
98518
87731
40863
99389
88148
92454
93630
96040
49771
36579
35831
84988
98103
39193
61928
63046
56764
32700
49157
81238
31371
13525
48870
80556
40032
75712
66782
84006
41604
45950
34788
55421
91923
89632
38117
80803
64934
85768
25922
66723
49097
44651
75961
66942
3659
4838
34584
79346
28589
70380
45822
23858
63586
64316
81079
84993
38860
60306
59356
12436
25671
9623
54436
3820
1791
80409
93064
8470
1075
81125
98111
70995
6778
82433
32141
86720
37563
81927
76897
35194
41128
87435
55417
71223
128
10929
91835
27607
8552
53124
41942
4628
26411
13486
41051
39473
90214
72140
65151
23250
11773
26113
78271
47463
72269
74826
17080
81152
32175
94359
47430
56932
83409
24162
71307
38236
54206
83212
3692
90861
88573
65456
99918
47951
39182
93482
44584
93292
41382
92667
96505
65423
16776
53646
23420
15014
9164
7953
98954
25301
93849
10683
95432
14193
5694
85010
21219
2249
42178
2815
85267
7002
68447
74290
34676
46316
26195
30319
8280
78786
30242
23787
39770
39507
97853
82006
40156
29762
742
56293
29071
46252
84258
78390
97012
77890
70024
85724
42257
54172
72263
42335
51114
38566
7399
89503
96975
42485
18970
77103
88819
78844
99672
20167
95059
70061
70912
55924
16339
23687
44853
91456
1506
85885
73744
39014
22743
90057
77277
56785
76292
40470
88062
54108
6522
87907
72673
1204
32107
8350
85031
97670
10791
23639
67473
50227
46580
64091
83331
26950
6977
14099
69385
18570
9319
80807
40828
65229
64822
68385
66759
6918
65207
62184
810
48349
90781
45564
13644
7151
97388
69708
23816
7989
38655
47182
80664
77867
18411
23517
92434
58652
6725
50327
49807
62192
71085
69492
44788
25715
47079
7444
36381
63722
41590
78113
32462
48607
22828
19124
59445
1016
50446
76179
29562
37268
90282
61395
79914
62136
142
62960
46817
41304
75951
8107
192
14880
12376
38618
77263
21289
775
87929
60072
89943
33326
60094
66398
60541
14720
32057
55039
99287
64072
91418
8206
30546
20764
12538
71909
9689
89577
82652
25573
84118
60626
95076
87770
33483
77921
17582
36230
84209
41860
38155
240
62517
16106
39618
3942
30188
94997
19372
47416
68084
7921
47529
77232
84533
99900
69646
94115
99837
66708
67574
31711
18123
62355
75954
29317
38249
72323
32915
82620
97137
95827
70829
57427
25916
91177
45688
14439
81146
8596
41721
14692
70204
35235
57489
76197
13097
17844
3237
33582
8274
23466
36392
17501
74285
6444
82116
161
40152
10301
65692
57864
62081
36752
50278
72256
37091
90102
51316
93355
54212
55206
12969
91240
24987
52881
61506
82888
4866
99757
16219
20405
69085
99332
74345
73671
59435
53328
83141
19472
9061
45527
74287
70844
42904
83856
52610
33452
84957
85232
39105
22995
66527
9882
79370
53067
10496
45151
92513
21404
44937
99228
95295
40395
94081
45286
88778
62749
62406
76606
12821
83763
6960
31844
84294
8684
80919
42124
48336
41130
270
28054
97931
19633
60651
93224
53878
59203
19962
21278
63174
14284
60814
61737
74534
9832
50231
33891
76763
97618
95077
89861
71046
8350
72411
55342
16034
34683
25587
70685
72147
68372
96815
51382
21133
16883
1297
75661
79743
856
91407
29574
42786
41128
13431
98536
22948
45223
57309
74461
58452
47028
65360
50717
46053
10408
57007
89580
47222
5309
77189
19194
33616
49276
49130
94802
17469
9431
40603
57651
8535
74570
54147
75906
6210
65502
47074
29918
94918
73874
32393
70811
77374
51125
12232
25119
3011
46097
5329
10724
59875
11716
28438
74434
23666
72213
95958
93510
91997
18629
81067
13517
4619
99657
65926
83882
92880
89453
44506
80550
63334
27089
94662
73347
72915
6378
41820
82490
37043
24010
91791
71371
4101
29879
97775
96819
46131
79713
52240
33997
69544
53564
37920
76288
92807
18876
66192
77716
85199
28350
32239
13557
1591
24779
47390
32786
17053
55091
1518
17288
30392
13468
56466
67986
26838
9695
9415
74740
1881
69107
37751
13167
37213
10509
11006
9769
89168
18373
80539
54039
40185
64103
97290
8693
91771
78233
69780
79322
82488
64989
79765
91040
78194
34951
3604
56076
97098
69933
49450
83112
9460
91452
75834
16092
90599
19071
76343
91081
13773
37621
43618
98679
74551
47479
77103
66288
16177
47772
76215
48604
39914
30092
92251
36892
89341
46710
34972
2262
6904
54929
12671
19234
68923
97427
44579
48733
88269
81197
18094
72699
1889
78698
65549
44867
21371
81085
16488
30715
57848
37316
39898
49325
93718
845
43197
79368
99201
38942
26751
43888
84099
74081
84177
58843
24949
24383
29756
77124
2899
28369
78019
34979
29678
3515
46714
61216
64542
47383
15521
8255
30222
4257
44414
69588
15030
63345
25516
68077
54229
65210
49532
49326
54446
74206
88600
27808
94520
6706
19917
96987
51329
39364
27815
29478
59296
4919
19647
90202
54130
81981
14825
51817
23421
18495
13665
79841
29666
14589
43812
61604
98867
61678
22895
37689
78837
28692
80532
55471
14915
18905
66695
57836
27466
18533
56925
90858
76442
14935
10291
10111
43698
35313
13947
72247
50385
97714
25905
35951
60540
8759
98142
79931
62893
58313
98120
89651
16468
90126
50640
30603
24386
64175
75287
35225
15286
56988
24351
4887
61569
22807
3399
14730
4297
33701
17905
63553
47731
50647
87303
81122
2787
44581
94931
6155
20763
86763
94942
69152
20412
67273
74389
86315
64295
79688
85725
79522
60025
78722
56961
93397
73363
21017
74381
37732
5359
83411
75633
29192
40407
34566
41920
65821
2823
69518
27816
79804
69244
69131
14461
28523
62045
55198
84475
94295
48418
17083
50435
24609
47975
38383
3528
69008
93686
93906
7758
81769
70200
57198
796
37352
11129
65750
28745
85845
25353
8567
83492
94777
51871
5920
10278
90893
64260
28438
31351
18165
36542
80085
89314
88276
32975
51024
81216
2024
31038
72911
72135
8916
61759
46046
9603
12045
68335
77108
17393
96295
26453
98629
68942
39850
33590
55658
72737
42055
28104
12634
4748
65248
62554
89593
45227
90115
67884
12520
4377
60105
84533
26720
54806
52441
36432
74575
33017
5825
96316
98233
22558
87152
11044
35055
91712
37913
11142
49463
54685
77316
78286
39161
73920
18404
68163
6887
46362
72165
819
19488
44160
55815
72731
57287
11762
99732
43822
16501
3418
59015
22640
66912
45738
29870
90075
17596
54203
27498
97881
7313
78973
18420
57835
27060
81819
45371
52800
36401
84277
29545
28213
60852
5006
76828
54072
66743
14420
53756
23293
91979
94090
94641
46045
95669
54675
11373
93423
44049
28329
50567
52683
18863
74284
93505
40514
25740
97980
45670
75468
66390
46932
7420
32223
73872
30801
61788
61906
68909
75798
23332
3175
446
4205
5902
13223
84332
72375
62165
72384
70445
51948
8751
8072
33710
76862
9350
86568
11500
36314
28332
68763
68749
78288
56903
45047
86669
62417
72172
64868
92887
49467
24514
68250
4996
47392
52236
14658
68381
80281
56182
53365
35814
73285
5023
14442
38180
99347
98513
97010
21450
75219
50405
32594
47466
54569
34425
22158
47301
60854
26553
21914
202
97296
79497
20977
27433
40500
3076
86317
24625
94692
18186
31218
80131
74967
32948
95463
73264
42460
6866
87321
63903
75162
43417
17667
99061
91919
20784
50426
12966
30077
67356
7527
53728
34267
53162
38518
93788
84045
87008
97680
96271
12195
72385
26758
57033
19186
52463
72499
21621
38961
48894
4841
53988
39231
58011
25040
53878
61830
21915
35514
19715
52649
73351
94547
27336
10659
77490
45864
21804
94429
1675
89218
55452
9185
91050
51708
2776
16659
60633
79875
39456
48285
28805
74004
81183
62515
53538
14496
76256
28122
84639
31958
62130
51493
77964
43621
38844
77837
99421
46374
41696
6599
50694
27191
37286
59675
49388
44802
48181
6302
22263
37218
1196
42040
96058
71430
23844
99346
13364
64821
57120
62994
69607
93682
9790
69717
27088
3958
31220
47428
12864
24939
17237
14259
38178
32856
97590
1613
36718
21507
13126
8735
66314
69953
5858
47420
30762
20089
55435
6533
19777
39497
64472
34600
89253
78701
36991
57012
17401
67569
32587
45430
13581
753
93438
97323
19981
86936
3861
63201
73839
22230
62628
91856
51694
48385
96679
99653
87823
62369
38955
6999
48523
24687
27650
73366
60466
82636
25006
59476
95865
40578
84212
69148
88920
67696
95153
65561
76514
8535
27439
43825
16227
92233
32694
97547
76868
72616
82906
40867
82022
37338
69188
55031
28614
25587
96906
88894
73102
20071
36856
37344
61929
44385
67336
33261
38017
93479
2936
83997
53231
31117
23138
79288
34929
95129
90771
56289
91992
30103
96498
87850
99730
84139
77454
58526
71390
29181
40534
63332
70789
6258
92458
56443
71678
90095
81896
71842
24896
99432
59529
83388
69680
98908
87635
50904
14199
89900
20101
33485
34816
40617
96902
42999
23573
49006
37613
77790
66930
8809
61871
8836
52944
39603
13208
46973
38658
66695
7610
44834
13232
18929
31392
92560
70573
13109
18170
822
96503
26549
44327
81489
9079
7049
28516
30172
9356
49459
32869
22671
52481
4106
4911
16087
37561
50693
30443
30076
85700
40662
12245
47503
82290
75267
20252
15886
9224
4341
72426
10463
30836
36791
81287
40381
64482
80381
99756
45895
11086
83035
37616
89199
33826
84938
92352
9126
14017
15305
54998
19879
82665
88093
15121
55840
14303
96823
99199
33811
86797
12629
20948
5014
77033
22405
91835
15690
22818
64530
51604
57179
50936
84548
18989
2664
3046
23046
13677
97351
82915
11125
1868
93918
49343
52546
27798
42743
21669
25446
26077
67658
81182
65944
59097
98457
62087
32601
12166
11420
93103
76661
86307
49487
63700
97818
68942
98117
69103
12456
52794
91257
83145
1847
50896
75672
10760
27029
55671
24486
94607
49091
94020
97372
38453
83946
75997
84991
25450
20532
40577
70444
10880
2257
4248
6253
24817
52381
30218
51524
83604
29681
73639
9212
72652
34819
84512
79334
15048
83425
87696
35058
76930
87679
16813
44011
82641
88935
11034
79754
21820
83950
72666
48570
71879
82349
80377
80888
97599
44642
50854
58379
96811
4146
40882
64926
75451
84807
24720
3633
99433
96663
69943
42025
32835
5519
93514
23200
85443
60236
23612
35882
41347
50463
29703
99653
57014
25069
37333
90302
54441
3624
81735
70406
32571
29317
38247
72783
46796
51887
68559
97834
64215
7400
80321
25157
14007
30640
15734
66360
88835
57177
95444
37362
21030
14972
17031
46347
74442
41228
7911
50382
47474
34417
49192
95808
14928
99537
9454
3518
67272
20730
76403
33556
91676
25777
71666
33947
70141
4546
85646
26374
9334
70972
1466
97264
8179
44372
49375
17598
12285
91899
98340
5568
43975
18177
50359
29797
58208
84512
10229
14469
21186
12216
99088
68104
80773
61888
45685
95252
43305
83084
76205
69896
55582
81537
41048
76501
32950
51927
87629
70555
50161
91855
91232
75372
22389
70835
89581
73499
75418
41869
75738
85629
94317
71176
5187
97117
71883
33362
16491
46291
98687
54122
74293
29201
15693
28444
49985
62438
77128
73858
96846
6280
96883
39673
64308
29331
20984
23715
45714
9937
72306
72185
19834
1436
7345
90576
75579
84406
76349
43930
4617
99588
35436
41338
71868
96039
17561
62031
59679
93945
20850
27142
96370
1559
45022
69457
88745
54643
6868
75856
76133
48168
87647
6553
73984
26501
34287
72857
21855
25116
52864
65579
86088
33198
69240
97258
70844
55545
67805
68268
11769
58953
64036
51769
89087
45163
75814
18274
56413
37887
1830
20936
77537
493
67797
56449
11941
28883
67353
45367
61751
44704
40175
34562
41080
55270
41054
63172
32319
47763
98613
33200
86838
38599
64087
17180
84131
35877
17465
28820
50686
16013
16443
83967
23286
31928
88041
85595
65400
12790
85317
41961
88191
22438
6517
67064
18777
29474
10688
33816
4109
12642
85955
8649
39274
68629
34097
38938
36406
50617
72318
76063
11417
38532
94680
45738
28260
56208
11275
9151
67229
55459
97771
19528
62446
56651
45009
64399
32081
97022
98403
54656
25189
83648
24711
38043
30057
7794
44692
54656
97830
49102
49188
14783
40472
9253
30543
49658
27757
60779
38804
62568
18198
1536
66587
48650
14870
66427
46202
82622
23620
69697
6856
39384
52213
17661
50874
27769
13821
56636
15681
20466
11515
56619
11320
18126
6270
82987
79055
53193
26108
95350
36642
71302
58218
35834
36457
23652
17061
76061
23173
63629
61591
62070
31036
28133
42245
9804
62569
22810
58379
2774
35837
71120
45098
18337
51053
61579
90215
48460
42379
31882
87372
93009
56514
28269
33055
35554
81165
16379
81203
27221
10707
37760
33463
52051
58874
49445
25583
83187
75880
96466
20417
56245
94813
23333
59513
65522
26203
39880
84780
74878
33437
68601
33681
91290
76257
68582
5555
2766
95077
6691
28638
46190
41606
31158
92067
98076
37656
93046
59462
1608
35996
7027
72579
45913
11464
31127
98195
33181
68756
67532
9350
41285
31599
6325
93783
42106
4078
42172
75794
90292
43889
22816
88110
69189
67827
74227
14638
63655
31266
61436
27865
33157
80417
83172
38882
26409
96022
87768
79826
45130
70386
72374
34010
27544
97340
87353
14591
35281
37374
49960
93998
95483
17251
69169
57718
13179
18917
3389
78085
37236
16488
34540
1915
7319
39667
76193
60868
48427
67442
67374
46084
16309
62346
30664
19906
71515
88806
60565
71848
80474
59636
79356
26280
81305
67438
32381
15905
11247
25453
25702
7492
92632
9683
42589
28641
35846
70459
26691
87877
21147
26484
66164
67838
69999
3876
77688
33137
86587
49263
86203
24373
58352
31541
97611
77600
37132
8259
20609
39880
7285
60288
49620
22974
41739
59882
53452
6626
19757
2023
84060
1056
62115
72687
50701
53989
93472
11517
56280
77428
89750
99244
29318
61983
39249
1329
49139
61091
12072
64988
91508
27586
49849
86811
80592
60859
76864
43189
26099
10117
50424
71061
13379
84563
65203
85147
62258
85664
80839
43621
84127
25614
51978
43180
50129
8041
30970
87636
83724
40410
10742
92360
94554
54768
10514
56473
51206
75304
92095
89842
77125
50282
85418
46163
27004
18688
85865
44754
96780
54102
39071
63474
80251
68450
80861
65894
75608
6668
36681
72551
29889
89227
59465
85688
99374
58063
76507
58610
74049
8729
33940
86954
93569
90997
66496
33845
40195
5815
16176
31441
22175
86215
90856
29622
1339
47268
12109
26103
73907
44620
80864
44538
38622
19544
59952
87897
90817
99730
46788
68940
42180
27254
70704
88050
20161
52116
69905
89253
1953
47015
25698
69793
90491
5240
50375
43673
98371
29843
84349
52106
45954
50403
84702
29429
27864
89402
48331
74025
31044
78599
43028
40465
59026
47236
89260
94920
15510
2805
9460
49222
77362
22855
24150
26891
18921
11071
54046
33382
69169
16279
89526
60973
15380
94681
22986
91777
42552
41275
60185
30759
3785
95880
58209
23354
3987
85233
10766
43255
15979
55454
28162
95566
20382
35127
74744
23099
26253
57810
10508
16793
35355
14948
4855
14765
89073
82054
25085
64344
24250
97483
52368
74235
42619
78700
45436
81482
64646
795
22903
33687
304
10791
17403
13714
88117
93959
40591
80252
19937
99886
65523
84741
30767
43392
95404
88836
91024
43444
34281
21933
60148
46422
19005
18496
3085
53926
52946
41681
89691
93261
58453
25458
34906
76820
16488
24564
97545
91141
26648
95113
41462
44832
44407
24363
