30220
72412
34657
27575
19987
24810
97649
34088
26803
38970
39409
26238
38263
36365
21704
77101
8616
27719
28985
20643
65933
17205
4132
15891
92484
34045
14356
78772
12072
84215
66157
33097
47430
10780
82750
95774
17009
59058
2389
25556
54102
76941
70655
86101
23094
53439
39140
29092
682
51579
51043
27591
45020
63222
86139
13015
68279
18765
35090
85941
10454
18877
22016
42588
72813
6312
78807
27482
53614
25929
60091
49558
25330
3428
66541
88992
46549
18031
92797
39045
94905
85263
78090
60493
33171
38565
88076
84208
24640
69735
27495
98243
23968
16447
15102
35224
54925
28067
13288
16782
74631
11657
75477
74752
91487
1485
2261
41592
96681
97147
66465
50248
25968
96045
91036
25190
40787
61523
9417
34248
18235
94599
2841
83878
98434
61847
25589
8882
88325
31316
34067
18482
4743
76015
64413
83248
9786
3337
69005
31685
36303
46483
87527
27493
3270
77246
72275
27923
25411
89911
94437
93402
18649
79040
98546
80031
8815
91598
76318
29639
75895
93379
53267
65364
63080
47982
45505
49953
31631
7787
15404
37449
92517
77731
97944
71752
7072
75348
80608
21188
89572
97666
83471
98413
36878
40664
99832
25702
77468
84381
74432
18187
27019
39366
55789
42923
93216
22162
64412
55287
31740
22322
96291
17623
74507
56987
884
40918
81095
26794
72959
33467
10990
55130
40067
78229
9908
54853
28486
22415
48149
19802
72484
47249
33355
97217
10430
53151
21942
55021
78535
84909
10935
25320
89447
67250
1374
65847
23906
79890
39780
58914
44607
50674
11422
40965
7196
71889
99299
77560
33015
38362
93676
41996
7138
11938
49837
49042
84267
77290
46557
47733
18975
26074
48258
88049
22531
85669
65683
72816
76854
44060
30947
48595
82635
89234
75194
21809
35827
92390
90020
38541
53852
44382
22005
40173
91233
68938
18182
77508
17412
52332
81579
46615
33333
92046
39939
18533
2416
23372
18433
21527
6206
26482
705
88954
7415
45081
59361
17903
36743
28028
13215
91877
87269
8016
93881
74593
4068
8085
96816
53592
67487
88174
55403
24521
62480
84331
15261
90588
49295
56661
19393
12454
73956
68493
32334
27369
43676
33050
32757
46151
9577
279
40765
89384
39117
89702
59345
25317
98165
65346
14465
94330
26556
64840
54039
18032
71078
76184
26474
23083
29819
68772
68607
80082
8634
760
17920
18776
75681
66511
30916
71017
75327
50664
44015
67208
47409
66019
85404
72778
24985
89944
92423
83949
42196
25062
85898
9116
14453
14302
56291
67492
6576
9674
16331
40804
31671
60683
80749
38356
71781
40569
49635
31653
34429
43447
19003
75891
20825
86831
70623
5058
90779
53695
98097
39875
76349
84658
37885
83571
14862
8804
4322
61379
10220
63424
64440
65653
34332
3210
35536
86725
85269
47047
996
84416
40309
60769
49520
98748
6059
10007
88291
27621
43679
51232
76712
52880
11576
76456
64455
47012
22797
97177
23493
62977
36246
88256
21433
71005
79006
53349
41558
17614
51294
83897
19789
43731
52699
13681
99565
15580
35138
39137
77512
4855
20512
76700
17699
58988
86711
11560
54076
57876
38755
88524
63928
88091
23554
38018
48169
52053
39335
78514
19741
52709
68449
70676
76327
59782
31442
32981
181
97895
76890
48875
11874
83659
19665
18638
42464
59545
70556
62445
84294
67446
99273
83681
78859
62770
19969
31697
20177
14680
65511
47512
76244
56623
19395
24802
36406
49836
373
57917
27545
53729
11378
56181
80985
89879
76649
80268
68425
4915
95553
88623
81496
76890
94220
52294
53436
84767
91817
13556
39812
99745
12803
85500
32383
29378
72631
55251
64264
94863
82231
92628
59172
12638
34899
30564
56067
43092
2696
88979
86120
39700
63271
15261
19127
76887
66015
99353
62402
67101
71365
51639
58018
86817
18104
27799
40925
25878
23797
51606
17248
21398
16004
73562
22683
2924
29451
68857
41990
63656
96226
10344
82070
2838
27435
112
36473
97541
66373
55495
63362
73277
92848
97162
23497
30592
34610
72355
94534
7100
89638
30189
19295
51089
71730
64722
23696
89709
92578
16202
47436
97158
57363
98746
70874
61021
69569
55180
59381
17992
91325
43383
59505
68301
88244
43971
28550
18841
50064
92091
68314
57096
74323
34890
74017
66037
91049
30980
31107
62713
76415
46764
4963
50170
8059
66204
15914
94101
26288
62476
61023
79429
12973
76541
15774
46254
70684
50993
62845
27758
36171
4855
39644
486
47887
90339
22834
22472
24729
4837
69972
38588
24072
96667
41576
44561
38420
9334
60241
22040
28057
34449
92552
87588
31067
88885
44122
97782
19116
27762
95353
40055
68134
3348
26542
71560
7119
4476
2283
17719
43370
93441
69371
21451
92503
22434
55357
16306
34964
71212
7834
61349
90751
40804
99701
1722
12302
52056
69419
59002
46217
25052
3356
96966
9483
29916
70454
20723
70125
70016
37441
33943
7051
42522
78670
34615
65077
71100
95084
8633
33527
27816
62817
47903
19928
34003
49304
27330
3647
24820
59257
55062
35057
43281
71502
18317
90085
72404
11967
62587
51980
34633
46181
64947
33771
73891
54298
48229
62134
65085
36644
41201
56972
60785
25474
18400
62234
55452
77038
75479
80612
43124
17075
45305
10759
82378
98885
63770
71019
60352
44530
92673
59133
32497
56653
98893
81635
97869
14131
46036
79705
1074
65195
38561
88175
18055
98090
74272
17806
53101
56083
34632
95365
36488
81974
8856
17558
876
54188
51392
75005
90527
77209
1782
20555
43971
82068
24475
4132
26580
36765
64365
41320
31002
95774
79538
77928
78513
57129
92703
84288
24613
45963
17917
4268
9897
97307
22644
50522
47796
81335
80759
43681
62739
71030
89177
23865
63413
18006
44204
35986
73614
70139
91225
16336
91718
93312
64363
40714
2436
30927
39044
43746
61484
67104
50392
44563
59291
97513
10657
46664
59423
73952
56335
45245
56006
20683
78581
59971
6596
55672
14515
60507
12924
56717
10673
54473
54738
1581
12550
16585
32943
81930
48086
16869
42291
37012
82196
95634
20638
44613
64573
65899
7349
97540
76562
99661
13804
45980
60330
71034
14730
4392
34117
46763
16412
78536
30821
4767
56430
95918
89825
57710
84962
94071
13720
77492
25866
39466
2953
18993
38487
82946
39332
61982
91099
48615
53158
15384
80154
11012
40669
8758
41250
41516
1855
28551
47813
1323
456
63754
6190
77429
39203
24719
54788
6862
80936
13277
83819
99070
73795
74338
43026
41336
32546
31783
65059
72135
55663
67796
25378
15437
24613
45418
55249
81067
16459
43446
92216
85168
29679
24543
39009
39198
12803
61058
43742
14612
7193
84237
67678
39880
31564
81084
37216
66330
65731
99914
8969
70071
63492
75677
45659
32660
38376
90752
52815
93785
69469
73721
90402
37490
21060
98651
69390
49252
35328
3827
28532
71488
88040
50446
64942
71426
118
85498
83872
43528
8201
88918
15335
16545
34477
22144
21676
54002
78883
6349
822
22050
8242
49957
45143
33472
93834
30188
18819
32913
11693
87964
31002
61903
71381
37480
82031
13045
10735
74232
32541
52877
6880
9286
85583
80551
58386
73857
3012
98915
76974
15387
70368
28979
3005
6482
63245
38082
5303
31469
77592
69929
66678
50959
31835
20237
57916
53431
45163
96997
40113
8631
43267
4651
73807
47944
15170
98955
64374
64591
75085
19977
27175
19904
55939
96306
17596
2022
58898
64899
74234
43948
7742
79265
96640
62612
86199
55921
77451
65346
22634
4955
28693
6015
58801
68343
72120
65716
55171
55060
91311
64290
73708
40711
56383
57615
42753
46773
95019
35528
2640
55894
94532
80264
22762
96165
889
64001
8011
11195
61744
59249
21503
99027
41957
70130
91283
21160
61102
87596
24185
51879
46850
3838
73587
9944
70239
67030
22881
39024
19858
39425
60901
41922
62705
66740
10422
48429
83252
62636
67453
8118
57705
43976
93315
32062
42786
74681
98753
86253
66331
21593
85671
7423
11343
50761
9043
90694
6676
12818
25926
33858
41120
68986
91337
22318
98348
79580
36322
75217
59708
42854
37907
98465
20142
16066
94173
2874
10522
41525
67157
95558
68276
36628
72693
98264
53754
53477
30579
11943
57697
19728
41752
70434
36710
33595
66998
88719
52639
70996
33714
63206
38358
23536
26544
23476
83685
87205
87281
95276
56587
6168
80172
65151
45660
30368
65582
4491
96293
93072
68564
44870
49001
24378
17520
39980
1102
67473
61755
86547
49068
5454
50235
39525
7810
3951
57199
44740
10083
49216
14579
66548
66196
35303
55356
51528
39555
76600
24773
6342
68013
62506
92426
59566
2432
88844
14204
13980
6016
86564
22374
16211
25450
734
46207
51132
55933
40647
57341
41709
73168
20841
94408
47076
78492
2016
78674
13698
69021
65991
424
24501
42699
55413
18534
86562
13028
90668
37093
18966
89746
43218
38723
23519
26842
98367
41097
65462
89095
4223
95595
98908
19259
83064
33173
47171
68098
45349
81073
415
10169
506
44958
40024
86140
97872
73512
70037
82200
59645
38103
65264
3554
38374
51963
29950
82117
70888
20234
80125
60918
13212
24602
64797
70396
1515
5241
59635
22239
71362
18463
67678
9595
36677
8796
89239
98259
98699
37378
28969
24855
71060
83262
29449
66120
30330
95354
80885
31101
3223
65053
97209
25115
948
39496
96957
75903
80161
69627
84624
92630
13876
47797
10837
41181
70424
55669
66876
29577
62723
31690
83418
33509
91265
55269
89858
29950
95153
98677
40065
6160
24356
28534
19016
6309
21254
42563
8646
97180
11839
13335
18098
29071
52754
36338
10978
23262
72424
88267
95695
74661
28478
51307
68377
71532
81634
63699
33850
45678
49638
67007
80750
81483
29561
78463
68274
85342
28781
4527
19927
27861
47023
69696
17738
49387
13591
54346
80755
54926
44291
66596
57525
6886
2982
65404
77682
73049
60157
47483
24674
57554
8713
62967
47542
44831
32585
36615
99510
74290
68064
25636
94480
67897
68339
67833
27638
58782
33568
18989
57940
27288
82944
78923
1387
83042
9482
73864
78501
64157
780
95224
25185
81297
79852
62372
19147
84055
22153
72906
16801
76976
54836
6464
86862
18654
72115
89628
38546
35148
37766
18900
39480
41167
89542
97386
74610
29789
61579
64499
35349
58721
58114
35353
73510
72839
451
13182
88044
5967
48685
43582
36628
60661
2188
80963
72451
76479
92061
82732
10926
19853
35317
43352
26390
81879
55744
84018
91755
82466
87761
89358
22475
57654
37557
58080
18862
19483
32954
14022
18203
58932
1583
32579
86462
94183
82272
78818
38979
8579
24934
98131
37728
78847
53572
15495
23403
14761
8962
91630
17095
16433
21427
5578
18205
59327
21107
78974
23104
44107
62100
52968
43524
78038
64529
51994
18269
2738
56890
32207
99607
76925
45039
83175
57531
89630
51629
43628
4081
22061
34676
4101
10520
41324
96927
1770
37504
96005
14374
27134
73076
3298
55713
94871
46478
71965
54606
59690
14317
1578
97225
20665
57871
76754
92023
40169
71394
38251
48046
28574
7698
77478
74892
1043
9431
57999
42447
2200
81111
62759
14489
22263
88364
29755
59131
96308
21211
50167
36697
85565
35024
91939
29310
2502
24835
14011
46229
33765
49300
56757
30375
99253
47959
85799
19436
95597
28405
54670
85440
88478
29517
52405
78579
51558
87088
74961
32300
28116
17623
95714
18958
21226
1554
62480
93550
15758
48168
72390
76207
95419
11769
8682
52899
24353
32383
15236
74304
2564
10318
63533
67902
66540
64727
48218
56048
82618
13360
77751
15413
49873
81710
18113
16142
53586
37799
9149
97698
85479
92249
3678
47428
56015
78463
90020
76709
20835
99505
54225
19175
71852
657
29736
17797
54090
27811
52417
56499
53335
6432
10931
2397
70416
56976
26333
13709
93655
92540
99313
86554
23234
17537
88825
10315
6640
16104
11887
88077
74706
71509
35212
83112
59134
58576
43561
49215
51974
315
62051
25774
85381
52649
44363
79046
81317
1280
77012
99038
52129
76311
83053
28295
192
67671
95941
54314
11832
19420
11157
37985
15924
64340
81792
81826
71219
27819
43263
11839
13415
77117
61734
93339
30488
73538
1172
70584
73174
9778
28998
5359
39092
12848
35947
98395
88455
6916
82920
91463
62635
89246
37383
32554
89158
24066
9850
21041
70856
62537
7826
53497
58017
65172
85623
75011
14576
89713
97807
26653
66499
25356
81140
2054
90422
5797
98892
3075
28392
83397
93370
64303
44899
51799
49204
24168
39734
29180
4181
6421
63687
80130
99727
10636
1951
75500
47342
73919
27225
60935
83818
98742
9108
56266
24964
37278
8105
35328
42132
83360
25173
6775
92649
87458
69167
43523
8598
6217
15968
61454
35277
85396
85532
91386
62965
86368
25628
70504
103
14921
58454
24973
75850
67456
99579
94628
55194
88632
26835
11925
16063
4405
87048
20820
81247
56912
87481
12268
41469
58427
66902
41125
57951
65770
25658
98421
13209
17722
93300
38595
11650
37601
35225
27210
24906
200
30925
25192
87879
74539
88328
19965
79382
4042
45391
30872
98347
64711
10138
6053
98887
13359
29034
41675
48019
17329
67021
10079
41798
1157
81418
37472
95332
88240
275
78461
69179
59837
95914
81047
25987
62289
24389
66930
70098
46936
61743
53909
20378
94786
73
48497
7583
87246
39707
98290
8566
93550
79190
7576
33179
20845
83393
86721
93120
50856
24632
91141
3766
66930
61692
38509
68797
29091
80066
36598
88970
62104
71576
1083
55586
13112
89701
47012
1084
32920
29888
8085
48532
1985
69894
75629
80647
88337
47868
5141
78895
37668
73809
19242
22303
70601
50142
53448
33093
61563
79700
78492
7180
3109
9319
46461
21973
78107
51990
20067
31144
36381
85637
60200
20967
16547
42609
1781
97035
86062
57862
80459
81223
74924
57702
51302
88295
52333
78779
84984
62969
36252
13918
39520
53219
51396
904
45422
92665
23433
53656
2539
36347
27800
73997
42514
52030
13609
98274
5756
27991
48361
56413
47031
3701
99241
97268
32255
45406
58017
58166
69639
99328
67005
57097
94891
22462
46117
6980
69571
15642
97186
9115
73602
32406
55323
44112
53422
927
15188
99271
74686
54059
73023
56992
14608
79839
66887
35819
53978
54127
68648
16
34647
65266
84016
3210
69341
70703
79105
20051
5913
6628
28703
90113
30804
39245
82811
14624
48377
55128
43846
31328
30217
58746
83480
15580
26304
10012
42489
15052
55575
10297
53001
15443
46993
97170
74467
8335
48389
52112
74770
82719
21822
95136
93357
68057
25355
82909
26188
75363
97028
52262
87441
98849
10281
37320
69798
75901
81786
68436
76906
59329
28214
64052
64476
95615
53627
13260
43120
33634
64777
74475
66235
96264
80358
61126
9505
35081
65389
15422
90225
43394
83824
67126
18024
3313
22856
54151
5162
9672
27372
98566
26548
79953
75206
15441
54505
57769
30660
97741
14429
12095
39789
92553
10585
22552
86026
91177
18491
49154
27814
34717
10512
66363
78211
33511
75504
61088
46028
61162
72759
99476
8097
33447
6261
66210
47927
86281
21058
64917
6621
51736
4420
67647
993
78129
3604
91270
56540
95471
17286
31679
35660
56007
81858
92655
88054
60184
1742
41694
39936
93417
11741
69498
24981
14953
3997
6342
86292
44375
74624
99745
70118
53574
42532
76078
30296
42864
65370
81
29906
84233
4547
50556
43876
41080
63815
52090
51588
13606
78156
87743
84539
79363
24980
13204
39994
34922
42665
86039
74132
97262
4978
12164
20846
17541
61560
82086
13474
5779
62358
45190
94814
1660
11788
55702
88869
61184
25621
83901
51137
51907
54753
72686
66219
86881
15205
90755
28593
29327
36083
95374
198
79331
25949
32644
79255
92383
29709
26334
79520
81729
38615
45809
51247
32965
92928
82878
67575
69278
24335
78810
9300
58764
34901
22225
42508
32292
45945
33965
2336
70804
53492
84146
69695
66983
44991
15482
75711
79144
76446
96485
31474
99287
4380
69407
13291
8944
21438
33253
93952
32326
23180
59315
4992
57273
86074
41433
44429
3724
90136
46963
46437
95744
23998
8715
28237
54468
76113
84264
87974
77446
7167
88431
92831
27849
47336
10013
54384
65493
8933
33563
10853
12692
40012
70009
47624
94177
79154
12422
80909
3557
71053
71986
89007
29483
50048
35729
75288
95665
41170
58822
32831
37174
45278
16506
25159
34749
66484
77142
9937
76060
87049
78935
94790
56572
36109
33745
55732
53989
61090
34060
75313
63691
3354
84416
6392
35180
99423
63347
77801
11606
34724
58719
24323
50110
732
73679
67413
23505
44850
12875
27692
2012
2485
4848
16508
92118
77196
32434
93374
16303
79997
21299
34574
7110
83509
69139
33819
60862
10114
89978
35325
3136
99341
98330
41335
28330
54612
44679
55840
62429
66331
32226
9138
48215
6367
73301
61205
98506
67907
14273
57984
66988
69973
61497
31608
13425
24144
17212
66601
31592
39860
6550
13391
54872
77549
24555
2671
4154
63512
88178
37506
32516
76594
30944
49971
47770
12160
86358
743
10207
7933
35313
92954
95840
31994
68337
33163
37843
66721
27910
4185
37399
78078
24247
22569
59780
18835
54266
70665
81811
70630
57051
34993
79729
76767
25468
90393
39028
11526
83838
1265
37786
16469
56393
23658
4546
13596
17550
22877
9211
91392
64828
37432
35602
83993
106
54437
52346
8374
90190
28935
57893
15693
18931
39577
50882
319
13225
19072
6526
77944
94134
26316
82883
26644
66399
20929
21684
588
18022
46184
1284
31388
61454
90418
5802
19618
99391
95735
76661
71030
38046
30654
21335
54902
43371
22093
97537
16816
72776
4227
370
98478
16351
31267
97258
38511
54549
8957
17594
79176
32753
51758
90352
44006
27650
26504
54238
28513
33775
31264
927
17489
42411
35495
39897
63480
4981
27980
83272
44305
23392
4868
27812
13795
45813
2806
15036
30186
93160
67290
65068
90433
78141
97484
38276
86288
40301
77329
27252
16867
67854
69024
83040
41512
3299
82881
56066
80856
91370
33777
33529
26568
25684
73288
55784
27885
23945
76556
98192
24844
11467
24052
35352
66484
66195
10494
39347
44926
97219
53608
23178
27652
728
66405
76451
54367
21827
86300
10496
62932
46739
34180
38815
59383
33761
38500
64749
4853
41699
10391
62342
63745
79136
2407
5399
43801
33672
16556
75317
92805
43533
11140
83636
37761
10599
5877
25839
59279
96836
1417
6058
37645
66060
35260
78104
77287
85236
75969
32723
27694
45745
34494
3227
86827
91266
59433
48515
98320
61006
32650
20694
5271
10982
17690
19398
35599
50543
1054
48783
27883
12660
5469
8016
40282
4333
24697
97684
43876
24303
28112
58565
57703
83832
47622
47060
9038
7913
96809
46495
51165
57362
27519
98272
64186
80722
787
26662
48369
15861
42505
26743
84182
27185
4840
15034
40275
26478
62944
82494
66568
61748
4638
74017
32894
74085
62991
21438
63360
70630
10359
27686
53734
54558
97618
70520
85141
7196
43829
59559
3545
98034
49314
28014
81798
1368
74382
30517
78992
32588
6784
82560
44968
14314
79926
89416
52723
53501
65378
90101
17731
79348
63302
77739
5502
14818
73008
29623
29567
34319
29893
33078
82648
3385
78948
68534
12434
76624
92219
31525
99702
32473
42446
30772
63845
27799
82718
39420
74632
8201
17797
31639
41818
53728
41827
24197
34732
71575
22512
66979
28359
44759
950
44673
2695
73706
99911
41582
35365
11392
76982
76099
61282
33852
90399
85257
36902
32530
13893
77702
32100
33588
54990
21365
16521
98253
91259
28920
61557
54751
33802
40858
54111
25239
3165
54942
31522
97772
28077
90139
27887
41135
4054
63240
31219
41698
70357
7965
63328
56570
87294
2201
57681
44809
34879
94771
89768
79585
28151
4441
82446
70991
80024
80614
77590
36123
21987
36042
30686
35456
53734
39129
4453
23754
49815
90964
29533
91750
90146
74823
27895
83294
65591
4987
67456
31600
83177
9302
90360
8394
65173
51937
69621
23635
7692
56896
61110
23440
85650
95095
19711
34314
77278
27872
2835
48164
97748
33927
94994
43915
65238
98017
89438
53328
76546
99152
5399
75037
13157
45989
52946
12684
45682
22292
70282
1797
69508
80817
16061
92919
29853
6092
6100
95050
55112
93580
6015
37719
2152
19292
33851
49249
14308
46444
43155
67156
62499
16293
47089
8540
51496
86073
10283
39660
42149
7026
88632
54985
57589
1038
78656
16931
17866
2074
14061
59145
91916
94387
98215
82965
93136
67680
72885
93864
12138
3696
98376
99237
79136
3126
39297
53215
33728
7521
41422
43779
95808
66440
52901
48085
4948
51029
80130
1113
40635
16919
31383
12233
32383
84010
75239
68111
18077
64124
15403
83815
13188
16418
27521
38452
8650
89394
75848
54462
61740
25441
83202
10344
60651
70281
63336
25476
41486
50130
78016
42106
87550
71771
53228
95218
72313
86142
66854
95126
27887
71186
35137
69604
92117
57607
30591
79390
38918
14448
39435
15554
75180
25667
39373
15194
33717
21038
51581
62101
20673
49762
26624
67947
86107
73297
96265
41416
63189
32303
66138
22507
22540
80722
26574
90553
90303
13598
18227
3044
39689
83946
86557
27038
10694
62462
66925
61882
32398
38034
61501
51275
34560
4752
74452
78124
44561
67189
83496
18819
61341
89175
16200
6615
48309
16927
93013
94458
99093
48819
24891
20118
2810
48537
22411
36727
63205
99586
57252
23645
6371
34383
9018
25155
70801
14863
87946
17787
6270
48449
45991
23113
30102
99407
41703
50514
67746
79941
78728
93767
69448
72467
62789
83578
13143
41383
48464
86023
82340
37725
14919
44975
9937
59850
12448
26958
80156
91044
35813
33446
28980
75226
88188
50643
2827
1777
90015
3402
6833
71896
68981
83263
20858
63485
54196
33904
71593
25439
12012
29418
66398
1923
35446
68544
33529
1016
13176
70251
86959
14744
70357
76701
44128
45281
64786
94222
84279
12146
80751
11365
51367
45061
79189
10444
68743
31656
24117
46451
5654
78544
55365
54717
79031
6395
67047
27057
39779
19643
17113
1811
88600
19764
16443
92089
1538
92279
39135
75576
98699
59974
49624
59447
44688
647
78051
21336
22733
25002
99801
1873
76898
66725
64597
8415
59379
15640
97670
37732
78234
37728
54442
64635
95032
78940
22764
31602
28618
87100
8905
76464
92521
48541
47752
45679
28919
95917
10029
78384
28343
45711
4324
14777
19842
15239
24912
21875
55167
8027
32709
85898
94608
1402
97341
60970
5531
84989
64414
65748
77882
46448
92717
35632
16097
23336
9352
28357
18973
18917
79496
63462
5611
19285
9389
32523
33403
39665
44793
79792
54027
889
76435
20591
54390
23006
81855
91119
51199
86781
40147
43930
31502
44281
502
81894
52993
68691
98679
96505
5887
96554
2902
36249
28531
69247
80286
75322
92013
64818
27567
65866
40195
84621
11720
76992
70013
72126
81241
93090
41480
18233
77157
32191
78770
35566
31959
61330
18783
27494
79529
64711
40986
48287
73905
57472
97986
40185
92060
85142
42720
6532
99106
86380
59214
74281
3734
46880
32560
23509
11881
80866
87450
5589
55025
87654
19397
70710
57478
92964
37288
18956
56539
64518
85288
62855
24880
91907
10716
54247
79006
29827
80066
96099
50370
34947
19126
90776
72977
4489
31831
85078
28769
95273
15612
98662
77261
35396
93262
86250
38075
27275
82707
99095
47854
23763
49993
34587
1092
96358
49401
11827
36163
78313
44503
82053
800
91351
55218
20077
68527
28620
97732
52989
61132
52209
90186
61265
48905
86626
85593
89483
98644
24466
16171
51730
47120
80970
48244
26606
84954
84539
89684
76618
55088
20004
48914
50456
50770
33559
97862
85910
80178
73185
17722
9455
29542
29717
37962
95644
33576
88727
85681
14465
10765
59917
13182
11697
62142
92772
34932
19829
43106
28612
35122
83988
38935
21113
97901
41128
3295
39730
10494
15346
88763
99682
9305
25458
6743
6716
22187
17403
43008
52600
93029
96226
98858
75218
65853
95170
6821
37217
88313
57998
98626
78032
42804
51565
38063
33734
70519
8428
31816
96834
92349
93846
78232
70334
25702
11083
50612
87724
4953
55425
70584
17529
76821
90506
35582
38895
85129
63716
55260
2730
34306
66077
51416
52496
16719
10731
56877
57739
87395
73009
36196
13758
85586
46173
60250
99183
17993
28523
49516
54769
44557
19097
32264
32888
87413
81097
1210
52298
15983
99167
48604
6802
53168
29086
62527
26271
42429
25736
53615
14970
54205
92873
328
31943
19229
56825
31942
30648
30255
36398
20901
56606
14200
490
58172
15209
33813
18528
65083
35621
9521
4579
41755
88228
24405
29394
60590
56500
83646
33979
56754
92257
74908
34545
564
51684
18769
320
13658
30587
49154
70562
22042
79584
78265
91998
92602
52677
70913
47317
92457
23900
60653
17993
5449
49625
51117
12099
7538
89835
96235
75442
47001
96275
79644
28644
81698
79654
99926
6487
96439
33493
4869
34495
86467
38959
82536
62170
9962
32406
36791
7913
85586
36328
41522
32853
31604
56914
29096
50938
566
6669
92781
23823
34352
73712
23561
25767
99940
49621
10299
12947
52751
64425
50877
58963
19030
26157
31526
66490
67088
88947
2137
75131
53043
88322
89856
10672
54753
46791
97039
24783
50557
48987
5921
89770
40712
81046
143
12755
15398
56769
62230
60341
22107
23843
55161
21160
85450
82558
13822
5446
25388
62606
83849
11619
4532
17649
70780
46030
83856
12888
71013
53148
52581
85516
62390
3763
58504
61107
18251
37984
26014
18771
51092
10319
26716
41795
53024
29199
33160
68695
25221
72195
32968
91593
99395
87951
65137
94301
85238
23062
10265
54113
28899
2509
85755
9081
7759
36591
61453
51398
62655
24343
64306
75837
79432
6617
11514
73530
84903
62736
64624
41580
12869
15160
87667
98818
20179
60988
86120
74438
38626
64203
75869
95189
27719
71901
89872
48582
24563
17634
34036
16433
67745
81762
6039
877
7888
57131
12161
92778
76436
91606
9397
22501
58437
68684
41243
13738
14842
86937
88902
46770
50470
87014
12771
98451
48474
69117
48118
7530
16745
62931
48967
67269
28699
48191
73835
31107
9120
86789
90930
63048
48827
93342
98001
47019
54805
53367
36751
59034
30657
76133
33740
37626
28732
87265
65962
80730
68990
7587
52403
38771
9013
4630
76033
13505
42638
42128
93801
10245
94849
10136
4617
28053
96006
25853
97943
57128
89013
65751
43646
95107
32365
89083
76872
40611
29191
11341
38536
41433
82228
93104
62116
1532
34385
52159
54035
44197
17309
84496
4380
12677
59565
26505
64185
20521
71515
5687
41619
2878
89322
8834
91717
3238
63941
57296
6405
19929
27757
35421
84314
31297
3591
52368
28017
1744
48019
3084
93667
43847
71818
53745
39819
4516
61370
30969
35541
5859
24898
56351
69095
23503
69722
35658
52111
73393
1387
58877
37591
77089
45753
34106
16439
81887
182
73083
9085
7197
98488
62440
72501
68431
12020
97772
31060
35576
69015
87200
41867
32972
21754
546
95030
71406
66326
60810
61575
67933
256
54623
357
89141
65493
16577
98093
37712
37306
57931
4334
88287
21884
28344
7370
62458
83849
664
11483
71950
4598
16534
4378
14186
17010
4618
55334
45207
39075
45033
15560
39371
11508
41151
6940
43864
62082
83360
2937
95442
99678
93348
98270
11083
82866
53580
11088
93410
93175
32571
87556
65662
49327
89625
63335
83722
50245
86171
72131
60874
61242
52886
98636
92272
42370
64963
76778
80732
21403
63506
376
489
97726
16040
72271
11249
18263
93294
31320
63429
93530
61924
52032
6504
57476
49898
90044
21883
77815
23217
93619
75911
11228
42062
34199
46792
94712
5997
68713
17902
76801
30355
72006
29669
32195
87067
67935
33286
17353
52085
65458
56951
54851
8701
67344
99318
853
92132
34796
92472
74919
54895
2916
98186
69887
24464
89260
55664
81840
25479
16537
12266
24580
13417
86627
63174
89918
22363
74308
70408
81963
56757
4530
25730
57758
36667
21060
2526
74717
34881
45938
2579
71201
76240
42983
21906
27438
73819
59782
7730
97807
12271
51445
91874
35547
53192
32370
41433
22073
4170
9399
78490
17823
64387
10509
18161
50365
77186
40427
33219
3404
86733
80946
46959
79540
13957
41065
48340
70433
64721
35735
16098
62581
66577
72601
69691
5312
12655
90182
4566
4296
79626
80452
70547
25481
67447
84756
6813
65731
24821
71541
50252
33392
26562
4326
11073
31324
4486
12333
21590
12127
84030
70999
57352
68434
93301
15909
51246
91785
40817
12849
37709
87004
35861
28922
23778
6281
10399
21477
12093
29201
34251
82608
45612
93180
85483
82705
36018
62250
61528
38367
825
322
68592
92438
20266
8626
23100
2112
32180
51537
33509
15027
24914
11972
33831
63247
97531
97639
80548
4792
20925
83008
240
92388
77875
1422
25387
64171
82951
10595
79891
88995
30257
2449
12023
37387
18412
43422
8656
15151
83180
8286
89296
60555
95691
19223
57693
33639
59349
22235
85174
38378
81702
56735
17441
17817
82
76203
14562
18844
83238
58928
19160
21585
71646
44514
84770
22464
99948
96444
44835
54108
88983
65396
21611
12638
93711
39684
96696
58652
43728
91747
4822
60716
25420
41512
7292
73521
85008
94206
37305
42208
28859
89812
31912
24251
89126
67711
88908
51177
34453
35228
33691
62904
77400
31066
49395
16305
35124
4802
24105
60397
79507
55910
75115
91490
54106
58444
96164
30134
37221
11249
37456
5741
59139
2626
25248
99171
33484
97359
23512
26000
50775
45518
24199
8500
58056
41917
83316
94354
92117
90987
38397
80205
70101
76907
62701
72949
14697
40421
70145
30681
71547
58774
13956
23203
97772
27949
3765
74773
5817
50223
82821
37764
81290
98105
9621
33988
31711
66614
33434
12188
75128
1809
38017
46234
72852
57251
35640
82231
39924
52299
84474
93062
27213
92830
54452
92001
31562
995
10728
30106
38151
8542
88537
41893
8165
632
98915
71995
67285
28713
41237
48082
6987
57957
55553
69737
20757
67722
50351
40521
92308
21534
34849
53517
65749
89758
10550
88459
43652
17620
2426
30716
55886
3327
74036
66585
13272
96123
38068
72219
58335
63645
14945
11210
11062
36391
86075
69256
37276
84715
71243
63840
50643
70207
37798
16617
73692
35020
76143
18406
90081
10456
28343
49665
26287
10521
92195
3660
83920
88968
56464
24633
29653
78132
82185
28663
6588
23638
42455
29357
3683
41294
51182
58937
46376
38585
80072
85679
65529
57419
92893
78252
19980
19661
82137
47879
35302
65280
84923
540
44196
82415
85335
48308
28250
46610
34186
72511
88021
9134
10028
50053
92565
46785
14722
48787
59273
69405
3288
87701
30448
6515
38130
26501
96074
78212
4653
9991
95994
34306
93361
41308
38715
41914
85161
21268
55958
2873
30686
99766
4398
7561
97658
56395
47390
42839
85687
73194
4939
33350
88605
65896
61992
97222
70091
37680
44284
58834
52233
50038
41956
24195
76517
53715
15772
68720
11338
50650
61624
93454
92828
56400
38719
3521
83302
22887
8857
81735
79111
53235
92525
31459
5052
62643
45701
27465
79315
41493
71822
47480
76984
97124
50639
80648
57809
80203
31043
43943
40622
78669
31500
35036
11569
11484
40522
32204
27176
58470
13919
47204
28823
62549
79723
98998
57513
10497
19143
13874
8014
88306
89404
69845
78828
14144
16469
95704
5761
58071
45711
3098
91844
64914
41112
441
21734
57488
19889
93567
22121
13496
289
20845
27573
24618
18656
14435
17401
51641
23134
47312
61060
17169
35929
52316
89264
61655
56208
97424
95015
44818
26443
69104
12758
10820
55359
63909
21436
79281
77263
24
90608
25575
91753
94517
88017
68559
42272
54209
95487
2034
78302
54119
34936
98399
42038
74675
28985
88796
11176
60079
1279
22464
98552
77303
87052
31184
8086
16752
69258
54747
92998
38119
74377
23110
56704
35484
25416
41411
64298
20705
19383
1998
1936
92980
66515
72323
34168
14359
68782
80684
34924
32639
68105
17184
98744
68143
27023
14449
7465
56832
60472
25519
84950
40740
9035
40183
79742
11826
41695
6553
49259
87573
24497
90471
40696
99281
20528
5571
10787
14728
97016
93726
47970
88574
19823
60359
70014
57193
24365
88561
8461
10966
33946
7465
60232
93863
17047
61196
83944
26332
92581
22341
72664
62228
31425
47350
8141
77634
76487
99463
47615
21451
3662
92736
59816
66746
77548
96376
20917
48676
70168
22549
87460
53134
98092
38292
53627
17032
30238
46832
82233
59331
21626
84455
22147
74674
21062
85741
57148
72472
52217
92380
80705
24901
40946
87009
7304
41209
47648
93486
16315
20671
40278
35268
56163
70032
34881
19530
64136
93132
93722
91109
47395
29655
17230
88283
99825
19206
70588
85142
45683
91806
39228
48444
96459
77788
41843
62559
12187
11082
30988
12417
69383
36752
30517
61561
19052
86358
28292
52115
39793
1532
21605
64015
78749
61107
44984
51050
7671
52662
87184
88097
70621
62506
47802
24508
81443
91833
38808
78374
28188
72321
7342
53054
62143
81304
21726
10643
99138
55668
69230
13466
90913
18473
45349
44151
70201
75212
69695
35352
32804
90793
54888
59525
23898
42890
41796
6876
88949
6008
80118
27218
47549
49918
23926
67471
94189
68551
1871
97444
39381
34341
51912
52002
83431
73717
97184
52148
17157
3651
54306
6231
22138
3456
45570
37395
17433
47817
29155
19252
39507
14849
21693
93129
75549
42012
65917
40995
94546
77877
49961
1650
73340
72250
95970
98462
38880
2885
76093
50180
45706
89648
89719
85297
51702
73887
5080
44092
4348
86531
50037
46372
39395
82618
57936
24531
12647
58783
76452
41419
7799
56189
57601
39279
53690
52655
32891
49887
7485
47107
98515
14547
71723
78975
73546
49859
25129
36395
41426
1662
36931
21824
36646
8014
27840
3588
62255
90721
14313
71439
85814
80097
26433
34673
42380
89517
32046
50440
31607
99047
40996
55192
36606
57240
88016
35489
74649
60419
9072
8077
99401
76252
17356
74790
4487
85975
19542
49587
11438
50101
90399
42169
35574
36046
61292
18417
88114
37049
36594
84028
17812
74688
4787
42379
60665
81739
85218
79405
19998
92350
28939
1835
81648
6236
72037
9562
62740
51642
30185
56405
69975
82459
39001
81506
8647
98826
19618
560
95947
69598
47375
37599
23825
25044
90265
24713
71464
74977
14125
22747
756
40136
29588
19088
21162
88564
60521
29337
64008
51730
55677
36471
6863
80188
14053
35352
35686
23281
33732
61838
62121
84657
83457
50400
44974
91339
78010
56604
15970
47324
38097
87763
37517
7438
55648
29838
52871
19913
60343
20082
38305
90280
36551
44217
13921
10903
30735
43636
10990
54913
89026
48182
41244
52286
60626
16099
56679
79188
74113
29822
10553
3917
13367
16684
13632
67913
98954
99425
24540
84215
82480
15773
62938
13649
23533
71841
48106
39240
36478
34071
60604
34373
45613
61057
58298
89915
46518
85230
46811
39549
73159
73683
45799
30521
9528
34387
76913
19867
30584
46007
11949
31309
19096
26775
72432
73252
85244
27595
28753
88784
67992
17438
42709
40042
69217
76180
58304
52309
58386
23717
21395
13723
52614
84990
11056
8797
69973
32417
4120
89145
94928
28239
8655
90471
22121
29295
15277
18838
88625
85045
4671
18923
56476
58027
71556
55720
30974
5757
61303
33348
76083
24603
61480
6867
24611
98225
78695
34105
15718
63635
3279
52827
23474
39607
93855
39753
8782
52237
17920
39922
60902
39465
63684
73340
19046
2472
57246
94586
13434
55335
77822
64215
71113
70772
13062
70325
66758
1788
65859
23896
50600
81172
3119
24989
81766
51844
95448
16869
64171
31802
46937
78736
87837
21380
72446
36617
60919
88140
87821
22139
40979
84108
20670
60383
85812
39063
81713
52702
26545
23530
72995
6993
86378
94024
89322
79730
36346
38694
91574
67202
7023
40377
30415
81631
8397
99085
76378
49733
98326
76444
9405
78617
13967
43720
82917
66491
60501
42736
39176
42702
70130
42746
90323
40640
58806
39943
92358
93812
32057
92716
271
22224
96566
20618
15115
601
53692
39038
51985
86726
62685
31979
54376
50101
14124
94377
93026
42657
11107
22830
19228
93610
99517
48871
97071
64277
50054
89774
22825
68454
6727
82565
17675
5609
76173
87181
82051
93348
28605
82315
12798
21463
90751
52450
80017
38151
88370
40221
26515
64429
46917
49701
82705
9226
73487
6660
22706
47694
23547
50837
50547
63918
16213
83531
79999
80119
14304
48766
73928
26943
12326
99677
14052
28791
10032
97765
2859
47067
68854
58920
75907
9832
63259
58396
21536
57026
99859
8448
32122
69512
64474
34356
69801
77767
31768
48880
5249
7219
72450
99897
23846
39604
66293
99572
52102
47240
35649
53913
99194
75722
3801
75639
78840
64627
74930
40714
658
57817
61994
22973
80259
5855
16644
4416
62468
77969
29875
36284
97023
61151
92515
95639
74617
68956
35073
36302
43539
63686
6293
74295
21376
45945
9253
56399
65710
88835
55516
5174
2837
91054
48221
47431
45225
49476
19638
17990
22960
61877
37103
74132
17364
99364
56890
38042
83207
8162
1022
9884
29553
38627
97174
36972
51524
87699
1596
34313
96601
60244
38705
73633
22453
24701
33447
5969
12929
45083
50414
25140
49318
17082
13342
81662
26583
32160
56930
22012
89055
71210
73192
57548
87813
45631
75620
64209
93879
11249
95907
57525
47880
85324
21388
62715
23171
63470
51679
92663
65917
50921
25112
38123
57748
75881
60566
12470
25285
15512
10388
19363
30768
79584
45258
25390
87052
81157
85820
76821
49081
69238
12089
1680
49176
92888
77260
63994
95693
50626
58491
63112
80481
64267
56094
38133
46098
35068
99799
11931
85065
63149
38923
78367
860
76543
26757
68295
40065
95998
75663
42013
77650
74857
43582
96679
38832
23432
88946
64859
98621
96572
16777
74658
57021
47276
38882
66500
23489
7125
79292
51983
81357
73888
91756
85931
30314
33722
819
72632
66130
8964
23928
99695
74963
16477
85462
5623
20685
59415
99301
22665
46121
34940
13309
88493
46372
64264
21345
53584
37661
60257
44805
32940
16705
23679
60655
3761
83100
57650
66364
5109
22612
16314
98729
89656
72643
17081
99695
40543
61813
33258
45814
64074
7823
56627
5861
46417
60579
3263
39558
66049
12376
47235
34970
5873
64159
90988
82990
51283
55821
81701
22522
63035
93050
94191
52
29807
36210
23653
15849
29291
64569
80802
91771
4402
14442
80731
25116
60077
17818
14238
43181
79837
18092
314
92732
75377
81344
92855
25497
81655
34090
48411
84721
80111
10735
82779
71024
13631
56574
76054
10206
36926
87414
10267
1480
31574
55463
30567
91430
83428
65871
22912
33465
41583
38519
42685
44943
92735
1459
24674
48463
43354
98155
34193
95200
16157
96080
11660
93666
31663
9707
11484
3502
41763
4031
6255
92423
7824
98834
61158
19914
50776
1425
42069
15783
11177
14945
43138
41591
68050
37836
78288
12172
31900
27590
66851
38770
53220
15066
85323
35493
43803
36900
59767
73721
54386
19410
91701
37551
32264
50262
37118
93901
40300
4760
97687
41929
56085
18410
84023
1211
52942
70068
25616
93826
31418
99312
71602
14172
37179
67485
39203
92758
13510
25664
76110
13875
41658
68348
61397
91767
23244
5586
9327
17788
718
84386
71871
27139
29903
24922
82684
34809
31043
84111
82551
73734
11284
65940
42302
55074
47807
77528
371
64778
11059
44359
80390
14636
28649
83811
270
87737
57013
92255
77967
47355
60741
7828
93108
47031
27440
44462
84269
12257
84800
4393
61715
29399
43112
2376
2590
75718
26046
6322
43959
45715
5214
44548
6729
56358
3996
57235
98490
46092
24651
94947
77796
38787
6144
35195
12993
3456
72831
95270
27633
3345
93259
88114
79978
6665
82644
50991
71523
26273
81220
24552
61691
50690
48296
32251
42141
16193
1099
36749
43035
70204
45972
38176
87606
89852
26596
22927
23255
7916
89383
99134
2886
30775
78688
40614
52455
17100
64569
63
73714
53005
85712
72217
64871
98
33256
27106
90491
73892
93054
96799
2357
36081
52234
57429
57373
55082
507
90126
80069
59716
27735
63606
36889
82086
21665
30915
72001
7682
79796
25041
51623
1035
63034
90030
84492
73754
73305
87507
56596
99489
32436
49363
14862
92583
96777
66804
78540
21259
83240
97372
16592
74443
19993
13998
25269
22105
35327
82785
78432
2340
55105
82809
94096
68013
45176
1321
73047
62204
72937
83618
81777
13000
33529
80580
27280
78372
48744
44306
85308
54860
52374
50741
24441
82423
8448
77180
81042
49036
64761
62386
38427
90520
9074
54255
44383
49626
55267
46848
47406
95456
93757
16336
48322
99622
15595
3592
40913
39412
86718
46896
73360
91021
97476
23571
49966
4363
58368
11672
59564
67996
20278
24010
97443
10550
45190
91256
3925
79274
36196
77653
23105
1895
96899
89852
61103
36038
2419
24818
66827
4856
36266
41629
62318
17864
89026
47406
93043
85503
4289
40019
91258
43594
87284
79410
75177
69747
18893
37772
54431
24339
99666
61639
3216
9064
23791
71465
94121
7624
62468
13927
1944
33549
44845
54707
31729
78649
61692
79578
21524
97784
98212
18421
74985
96176
86394
79511
14611
17488
14674
91355
17145
64646
70386
42488
5190
74627
38413
53253
94073
17561
53284
85419
23034
90361
38075
57709
98748
32576
47680
96528
8055
39314
16248
56647
26126
81244
86653
7039
22670
44280
56853
76632
92949
71113
96782
37297
63162
2357
49517
57102
40236
8438
85505
3963
44499
12793
95387
84623
58101
28685
80762
82034
69808
18146
83300
77830
48398
13739
16361
23945
87973
31373
30583
49793
60707
76652
92469
51921
93579
777
94546
96391
83059
90578
56292
99616
53809
12285
12148
13333
85857
2029
48938
93984
63517
74818
6824
74803
87812
18951
88899
49423
85995
25572
69128
8862
77855
35712
43255
67847
20323
43466
91044
57323
34139
84371
98975
79229
61853
83684
24021
36113
1591
3028
38087
85944
82434
36598
86275
85888
69827
17665
64108
74628
11878
45122
10395
57487
21449
47429
21760
18097
69029
44300
93009
42391
10985
91614
59845
79146
75843
27594
12949
4128
94929
52785
47832
82966
87484
83184
26428
41257
49436
57366
98019
2658
79357
16416
45445
89016
73975
41488
57779
14424
61923
5924
67083
57290
10019
95696
74958
90819
76752
7128
10044
42233
4715
59980
79698
59092
97289
27428
70002
38265
21001
80503
68660
11662
46281
90351
63033
94568
46169
70829
5171
34355
69814
98525
42205
89005
85701
90542
72947
91787
8225
35608
64505
42307
47321
55786
97942
19377
36718
86352
91727
46546
71485
19514
93423
81420
37263
55421
11008
19668
32663
80390
44650
5923
1957
75689
72418
6190
17775
90692
73391
6746
54480
78215
30040
85392
15997
26353
64340
90494
92408
43656
57850
59817
79101
58624
62870
50300
5102
60784
51742
30280
79533
53279
59124
27835
90958
58582
40349
71632
83367
91751
1602
46025
12961
84980
92065
93269
89474
8030
65422
10910
91080
20514
27259
89007
22539
84833
26821
43333
12818
22118
1088
56990
38949
43110
27213
1201
19091
2205
94434
57415
86003
92708
7126
656
42053
11824
46855
94121
66558
69600
60826
97071
95362
40832
39200
59019
26020
70117
5295
6125
31760
97016
58813
61249
90663
44611
7076
69850
57767
90864
74178
87268
13595
8006
24907
98372
13387
26602
46953
10714
37977
32699
76775
43218
61291
4016
61628
98117
3910
68193
75180
48974
96909
88309
25654
88986
33894
45877
9993
97442
4748
77004
36354
75693
95421
73557
83476
87355
15925
40827
45632
99418
23163
94581
68147
99061
20241
15595
99958
86647
82983
8959
65940
89573
15683
25204
90359
25285
82352
35920
64477
67509
16609
49511
5966
60972
96345
1081
47796
87734
20539
74273
82191
63082
22560
75762
25810
2327
20162
26593
68745
18299
45919
23345
14458
95789
11064
46780
60010
70217
83197
58191
5003
80005
76350
78122
82808
73652
88614
7175
2715
19159
67798
12223
66108
8709
26767
2858
67012
39921
99394
88031
5123
55758
67174
46178
21590
93263
35052
10176
49908
49564
41071
77579
4536
62348
69270
2186
86732
44438
92953
52157
13713
12986
23877
49585
50500
33695
57237
5748
69021
8205
79767
20088
70822
95165
53067
49244
12830
30171
56531
89545
38600
78437
57267
53150
78088
90219
7686
3759
39439
24580
16126
22574
46967
47237
74318
92136
31880
17589
95678
87895
36026
29303
41154
41702
69797
20982
6756
9371
9280
20025
89356
56560
87906
3408
13556
35275
55719
70727
71497
60280
26008
53477
66309
44441
92079
57192
73121
23585
20846
60931
17363
95241
34493
68636
53518
9297
37283
15564
83353
57106
83463
98315
94479
19413
35224
59565
34668
43559
33680
39043
36417
61153
46092
35397
61886
82548
62994
96713
49622
12604
47860
83170
88524
48349
2661
94115
22067
19269
49889
4259
97992
40154
87373
14390
76817
27693
58998
46895
9216
32514
22524
29562
89904
81803
24513
56210
49149
99096
6749
70969
46303
40569
65942
70749
9245
292
9791
46129
16751
41109
37498
15399
93669
29421
41051
96262
73780
31701
58580
34193
23550
16098
87497
17107
90080
18298
93266
6721
23835
46451
44966
22971
12519
78919
57956
57422
74212
16624
5145
76524
17901
12868
30144
68107
95016
7125
35893
60482
40751
28251
82430
17447
40515
72556
47419
30204
53072
48834
80669
90947
7026
3070
22294
70300
96143
14527
2879
14749
71465
83628
22050
57155
26556
82055
16291
10682
85954
19389
22091
82954
82404
32783
65969
95584
64021
27518
82455
39963
31500
27751
4350
25377
35955
14197
69498
14831
90573
59844
71963
80489
4245
21143
89017
57122
6200
25274
90891
58459
56264
36736
44250
33682
26743
97714
8542
74242
37100
26710
6278
68625
32071
62916
83248
43714
79278
96672
21200
12358
12557
1460
20108
26110
47426
41602
78709
61261
43766
8846
89383
38747
36626
23995
83698
94764
83500
70668
98634
38241
5655
95256
77730
63863
53565
3338
48417
41329
37895
45302
77844
9527
4073
78533
45902
54804
16628
18140
86255
85140
19004
47281
30475
28253
37326
67531
31998
8076
79217
88484
60213
8609
98038
82959
6702
17301
23729
56244
72544
44087
93184
37380
23365
98463
31002
79855
34673
58093
78092
28894
78135
65359
84412
13493
19236
58374
64780
49477
26536
86034
71339
40341
62111
49411
85089
69234
11489
21113
71830
28601
31074
60383
45596
42168
91955
81624
23915
32012
97251
57471
32857
73905
29983
50323
10348
94854
24197
84544
63723
48328
52521
74252
29707
86510
72747
52843
75269
73954
13374
61767
68365
13560
86262
49491
97819
17752
19763
42244
21538
37612
34458
32767
52225
69065
53177
97434
10357
11787
39062
90235
45037
26945
57390
23502
76079
56822
30675
59086
69420
39111
6355
49961
18637
35483
89105
19297
87643
80491
52503
92596
75090
81952
63006
26111
13870
19753
22026
60642
33332
75313
42486
63481
34891
23139
16730
41420
56169
62759
73411
40997
87076
60677
72824
82426
31256
84496
14130
16742
79959
33880
9790
29865
59283
46466
15144
63084
63938
31279
9632
56326
34795
70033
25753
94106
96625
42873
15070
95498
18752
47684
63127
24883
7080
11506
5520
14412
9128
80580
94854
29373
5623
5284
80683
99452
65522
12620
4197
88425
7994
53646
77482
24890
53127
17084
6201
17043
34924
78717
85800
88382
69426
18631
97989
32274
70752
84907
22785
47777
40946
732
53955
83358
36424
80259
50703
29511
89349
26300
28583
84004
38676
26644
87503
65105
70202
38237
71756
89995
5305
88476
79487
30410
94779
6471
59946
86991
7294
48408
28699
80615
89835
56420
47479
7262
99691
94123
88465
72868
66381
76689
27693
8623
50133
1796
49706
42781
31127
32883
62071
32515
13151
32789
42471
52469
21244
23544
88579
29953
20312
63711
22216
40941
97601
47968
94168
82255
79165
80241
65414
76079
49771
98888
23613
28615
60783
70864
80276
92983
56764
17165
55864
74411
86336
96183
67464
57046
13948
95009
86017
76146
5544
58511
52555
2669
54473
86752
11022
2165
7627
67450
63615
50885
67469
85992
82744
14262
9175
13855
91686
50380
43267
95595
73188
3146
7847
47805
54604
1417
80504
37122
68307
84156
94223
89267
70535
91259
46332
20944
74142
74030
59841
78111
85356
89314
53549
4978
6941
344
13439
53201
47870
93
3323
35637
32879
9948
85323
49409
94822
6668
32147
9605
21661
70504
99143
79459
56661
78201
15456
91484
67930
88231
39713
17655
90538
65155
10239
83874
49597
2869
40863
54259
87977
27303
89252
68214
80832
58586
56388
60587
5936
96923
26121
67473
41883
50235
56450
14851
90170
74089
48316
28740
84887
21955
85270
59638
60379
85668
45098
67723
99708
1448
99811
91952
65804
77888
21628
94357
81251
30929
98627
98075
21813
54869
85547
71007
62109
72239
75772
40302
8705
95387
93703
75507
54552
12122
69371
66022
42032
29614
7834
95163
13487
88664
60878
4487
97111
34168
1668
63994
28607
62092
33600
59241
75462
50240
6927
30017
36407
14263
97528
88139
9896
4796
59018
4320
7745
24304
37400
53682
8516
55606
52325
51637
23094
3463
84588
33148
93991
81060
73895
27940
70571
11777
11695
46612
61787
34462
44
4312
5195
39354
29614
27768
32085
19695
85267
8691
29646
56557
96742
72807
96768
47986
55478
73001
9766
81962
36146
71998
65652
73778
36026
55347
40367
69587
17568
98119
93100
12405
42532
73282
24259
33088
48486
69162
25991
24556
19552
3399
18196
75897
3502
37433
84317
1088
31172
22584
56298
38693
36845
79825
98315
28046
38659
31416
3327
74267
87401
62497
2127
87147
15590
17240
14024
23459
48547
63680
99500
86316
47010
85210
62410
32747
53801
89755
70276
98592
71030
39279
38415
94984
41820
54406
75560
62707
74966
96212
94428
17069
65834
51723
37155
57054
1272
31049
60306
86261
23408
60857
52540
67491
23083
69982
91683
51635
17414
65568
74244
48904
61140
4734
3237
48122
24082
7143
45326
61183
41680
51317
48492
52334
69252
82431
20481
95286
48055
5356
31475
22752
29448
84015
75184
10172
86738
70924
71900
71838
62723
23924
45292
9398
21968
45524
55929
61099
48486
89032
32971
94128
85722
99123
44580
72091
12364
205
98239
40652
49500
96397
3580
12058
34093
51491
19455
77124
29550
93064
61383
53158
35242
73487
98459
17755
6024
39094
30366
23727
26502
59382
46799
59022
72384
37346
37030
30325
39434
3092
97808
86532
72684
31248
22338
66326
20344
33234
75304
70476
26069
78804
31549
55422
27649
79812
58886
12234
663
26824
66066
73269
69839
74511
14150
90118
49597
44558
39673
96747
14461
89129
37689
26457
95256
74850
80473
3994
51149
32133
97411
72790
63789
59889
97658
47697
27832
91377
31372
92571
78460
24795
29662
12610
37026
24538
16693
98173
17097
32220
16728
75786
93561
78557
56014
36939
41114
5091
60166
52798
99339
54891
61085
68529
29413
93276
9480
9949
76852
66452
62285
58220
13185
47101
18287
89666
59467
25079
89431
70717
58156
82300
86896
18928
15404
21625
79229
85231
3875
60719
6583
22740
31211
78574
93232
23568
63710
61132
83197
43749
15058
6744
21320
50645
69935
58508
62601
46459
60270
66348
77471
16034
15660
89448
94641
17038
67994
42156
53124
7788
14047
24248
6074
16133
59868
39544
27009
34610
53868
94718
25956
98334
41882
45682
55659
51412
60980
36251
48993
56896
59024
32769
24961
37526
83247
90548
7080
41762
83933
76194
55574
21553
8007
75409
29701
90810
670
5186
90776
30390
31499
27990
92590
65552
40392
79137
74152
69978
33789
43228
56058
31742
93162
96228
48764
81278
99286
68547
32885
69319
32463
85246
50677
77674
39144
4402
90326
66473
15980
64848
50741
55793
45474
18602
25396
31033
40178
59408
97134
4110
16396
37102
7972
40704
20136
23831
28391
11778
26645
48423
91523
32122
72300
21457
97927
46252
77312
14916
26408
35989
88810
7679
53997
68940
92487
264
86268
74559
70832
17730
41099
39877
71413
28775
52923
95361
77273
9973
57538
15312
76011
78547
39828
67556
73325
18619
83492
24017
20675
79143
53720
25262
33000
61144
15299
8717
83104
39032
48217
19871
37562
53831
40946
8914
7323
51645
60709
43525
68534
2565
68979
67339
57378
11095
59978
10262
67851
86441
95615
73867
16771
62251
53884
91688
64009
15837
6877
10268
13475
44205
12257
38241
61755
37666
77749
22180
37601
30913
60232
21680
57909
39967
55482
18110
10164
86380
67883
21905
1166
5037
40866
96663
43417
74349
3099
75311
99947
49258
44905
91486
44768
50441
30049
24328
90308
30737
5583
19711
33345
37798
72661
36937
26208
73935
15958
76804
6768
35774
81523
77628
47953
84971
9101
8438
3339
15593
94824
87406
34567
2438
22232
88343
86008
68746
76912
7468
9918
31154
27801
79426
80796
48172
88559
63368
32375
3928
70455
69482
58391
26295
68543
64173
67734
67276
43533
59796
41339
21610
20989
74715
35913
18177
85144
30907
15565
84318
50929
57461
97022
8489
66886
75613
7972
2097
96831
99781
96412
45733
76063
99410
45138
25342
29015
8271
33894
58059
20609
18731
25213
17115
66129
88307
10164
53086
43513
62619
63027
57652
47803
48057
52998
12993
72459
49901
59408
92929
56200
65636
70444
43751
63383
95605
45547
21578
29576
10571
89162
76872
97013
57505
63709
32198
32248
79907
42360
78578
65449
54886
58583
34212
36753
38760
97929
28006
46412
32144
52882
79113
48863
40964
1859
54972
48286
81461
53731
70523
42760
88586
23509
32941
73457
86155
60638
90298
84347
20800
80744
92552
7541
80829
27480
1314
7053
36232
6998
24623
97676
17541
75166
97431
57688
10048
28009
56048
55646
8737
83911
50787
26175
71836
35818
76862
31376
25642
60754
50598
78121
7631
43658
25612
51399
60330
71572
68033
13484
544
47919
12054
74462
29108
72847
25219
13420
26077
75253
63409
58145
4590
34651
75610
36888
29957
66376
35704
45011
50617
69937
81410
75477
56400
46502
90044
73882
49553
46031
97357
38475
59976
42564
55101
60818
71857
76324
97066
98989
10599
63442
5299
50389
97345
92452
73530
72980
68047
88723
21442
93953
35868
23021
62866
30607
66508
36576
18062
82605
82803
51336
63866
80045
77895
24933
98169
62025
79550
14792
65031
53632
69310
36714
34412
87175
64638
31021
78132
63947
72971
17064
5835
60830
24589
3403
2607
36954
79698
24493
94309
35280
58262
14461
16186
59263
99575
25253
72493
72412
94283
11504
93429
53255
23692
67809
24643
99153
88609
75690
65969
35486
58444
54114
9634
65739
45501
3036
55455
74491
22325
61214
82327
55056
20482
29750
95370
54848
20528
75149
87599
39384
58527
5720
69664
61466
23634
52579
37138
56780
78760
3453
48344
4007
58524
58823
76836
4147
4826
50447
13762
96539
69797
98002
50086
33068
29177
38372
32772
93941
72438
69794
78625
13460
88091
26584
76958
52723
84449
48167
42104
92921
65897
98675
95731
18872
12870
78320
96532
61659
52914
91222
50021
70080
61386
91059
69586
60525
55634
36596
32289
85261
19807
43196
84341
8965
24827
34883
15916
31939
81864
24112
19698
56659
8342
20841
30641
71121
2271
31213
20197
50857
41840
71113
41027
81216
19773
8545
52073
97031
56998
16433
97089
47853
15878
56843
73113
22701
14334
86765
94044
77986
62403
64593
79794
28801
71524
93362
61737
40545
60418
98464
58253
24420
16398
81432
43421
48693
2169
3124
89192
16282
82810
18885
74941
65430
27023
71844
40781
51499
47727
7940
56787
15505
37169
42211
88453
77247
91318
12226
9691
26410
46807
11527
36613
58533
58179
72669
31454
34446
13422
24419
20532
11209
97573
77761
95176
43518
89652
14364
1778
99679
52581
10238
92818
52477
41677
42748
87250
74187
92978
66173
57375
89943
93432
62781
69475
71282
82272
16407
7250
54353
40389
6334
38077
23307
87408
45577
17931
59407
47034
44935
87595
76954
10447
10012
73829
36569
18709
84135
16856
15431
85418
57267
41467
47248
67044
30589
17776
34792
8286
23894
61246
73244
7113
47424
59289
46246
72160
69511
65069
96099
24816
27842
27152
48043
78578
80421
79495
83420
88952
32906
52573
98136
99551
91818
68935
83122
64867
90828
56262
56819
27801
83139
51121
23140
83688
14350
69840
63023
50722
27582
64408
49197
19066
20757
90615
57575
30114
93423
68669
86623
51094
34355
45839
75379
71321
63110
73693
15294
78489
76167
81379
81332
13248
8249
68297
41677
76720
4012
64355
64227
10580
16471
32698
61369
68498
3375
79069
78794
1203
11359
53007
71443
22159
69639
5725
93445
37299
75742
51819
20578
40657
54545
84533
74554
46203
83075
35948
10817
52459
48938
80854
26102
29068
4441
76042
34622
1657
84469
6881
67945
84040
94899
14091
67130
23160
9936
59173
43609
2524
74852
4377
978
52192
43776
23570
56035
31937
58143
15166
85422
67426
68252
26334
52265
30504
26904
42374
17717
93596
71103
91788
52829
68860
83873
36537
45757
40454
17403
51394
36267
23902
92339
8293
77607
44560
79875
73910
85292
80871
20007
2684
43513
69302
21459
518
15788
68564
61825
36625
96255
67561
41455
50012
31421
83063
51548
32118
68319
7238
77813
15580
14534
6749
78899
61519
75087
59959
48727
7705
50628
52994
57082
36846
73589
68418
48275
83526
47401
83354
20749
77193
78628
80777
55138
68705
82446
42326
76872
94543
93012
47757
5591
78053
3057
4426
88150
36763
90402
59939
25431
55828
19836
54120
85997
43261
10478
4609
76423
63002
34788
68021
84716
84964
86488
619
36952
33756
51611
10194
79072
32761
83087
54184
14692
2870
47403
79028
33788
69163
80268
11511
93123
87462
57923
64921
57356
24507
94780
11876
58226
77837
65902
13869
59754
24990
63041
20626
91564
2438
67474
54393
85151
80208
80866
92670
72741
65652
39427
83126
95858
31449
70821
7260
82734
23276
74897
97254
27041
21567
43263
12444
38976
39735
51967
1235
66858
69217
94430
89702
39829
26776
87464
31349
1689
25874
26359
12915
6595
65253
92179
91704
85079
11653
16017
26776
7015
58642
31135
36477
50092
65786
93585
69997
59174
55029
15416
45416
28240
79631
25811
3523
71221
49725
43297
69082
43985
39471
5571
56859
96917
61982
90659
61788
29387
51558
27364
27322
23717
25190
94220
8215
38082
57952
39609
74042
33191
17467
72175
46659
10458
80942
84674
26963
39441
88656
20482
35354
68356
46935
82791
67543
53071
74276
39560
88110
75127
31797
40609
7615
27664
88093
21699
3050
85411
17596
65441
13269
10116
69254
35890
26518
67296
58911
46401
15974
77308
63695
22346
40731
31076
92010
58966
76781
42399
26676
55144
63805
18392
51499
98914
1394
76857
64559
18994
22364
59243
81623
41552
21844
23215
7213
25237
99101
11045
56272
246
94159
27875
23585
10801
11432
9450
99878
76539
35653
29127
44917
60650
58734
62452
1635
94876
58617
70339
34496
49660
2737
39916
24036
56730
95684
22142
502
17515
23863
66773
59865
65736
86126
26429
60984
35930
94806
40697
87482
91944
76979
88019
83341
93236
14325
20973
82817
59392
21579
12336
66620
28761
76548
6612
97509
54243
3838
66854
15116
89289
8947
82362
52676
68880
69262
79181
74524
32305
1467
65705
69
17919
82856
42552
72680
14717
56575
30800
42405
74711
39325
41109
95936
11526
153
31103
89187
79513
28920
6741
32091
27951
25580
98193
82996
94617
35343
14460
23974
35143
46448
50512
57924
55874
12267
48700
45905
33996
33932
82791
97667
73038
24449
40405
49963
67838
86425
41150
68727
38159
89993
95010
3384
94726
33613
72118
92338
84663
59555
78062
79374
42115
6825
7261
28262
88812
83184
40061
99259
51452
85198
55190
45581
46128
9074
59053
3502
85175
48229
15157
8191
94193
45733
85815
45150
51438
47127
63198
22261
40149
56361
61241
74440
55869
3417
55552
66212
17187
12142
61151
84653
46364
41891
17274
52961
34803
49428
57256
85652
74559
68615
7162
36433
44398
69870
85181
96381
21010
62111
76823
41684
19986
17800
59110
95090
23956
80749
89712
42711
53521
92841
86314
73033
87078
30504
61827
52301
28458
32853
10346
2010
89871
77546
47701
71533
49199
24808
30042
85998
18236
59170
45201
55076
35318
19466
64667
28564
82781
22183
29004
54053
59715
14545
32130
81718
82300
34129
49355
13893
8043
32879
67923
88156
51764
74813
51812
42440
70098
87576
45891
99148
50706
3714
24475
94351
47639
31238
37715
67611
65836
33262
69520
6274
3849
56293
42294
75326
45415
65983
89232
15069
75452
16149
77954
85356
91246
57045
3311
60504
67654
22227
58466
95204
76292
29856
3346
56001
90070
37779
34079
51062
96414
81743
48057
74780
63358
61649
84307
95471
32518
76486
97024
4115
98344
30821
23695
34557
25759
39118
3104
90593
27926
77210
99957
43609
74796
74316
29982
73992
52946
86293
85256
7636
31903
38169
18655
93708
68091
3173
21998
29597
72737
7840
27985
91168
25202
54350
96860
45470
6161
68788
30241
50951
34674
43485
23136
19203
81786
4448
99983
89041
31666
10315
42524
46225
91229
89388
72211
60174
12165
29986
66466
22585
17119
73506
17855
20085
49224
8788
18406
20445
77456
84511
67830
84158
56051
34304
72961
88417
15033
99452
11922
63643
3190
32956
97930
62422
65316
81760
99938
35814
82139
36685
33304
76175
2322
7655
33831
61167
25629
3050
69979
72997
86042
79537
11585
47155
42485
58366
90173
56924
16426
83793
45141
12713
18064
2823
19395
84163
75575
55433
54768
67464
8850
82591
38306
40771
51206
91654
81835
48396
473
11793
62788
11982
29472
38924
77600
23652
21371
50775
19937
6950
91586
43014
19387
98345
91544
20590
58111
99499
88259
49668
85592
70196
48281
2515
64147
3450
41231
70814
95948
50830
76530
41777
56451
4633
21005
33158
83241
79140
25222
95743
62792
24800
35496
47818
75877
65835
63203
39961
49226
30615
33543
82336
60136
50805
26201
92592
63700
26957
74776
74149
82420
50556
54826
69106
30420
49809
86563
14754
77339
58385
37349
78971
74276
92516
86875
60791
34699
463
26637
98312
40247
1269
21587
65332
17286
94194
81641
5646
78431
28413
69458
56283
4363
51072
13322
12235
69973
66389
17398
26068
79271
48448
62621
90841
93266
54572
8059
67620
63929
65409
57892
63237
320
76463
33902
81150
28969
89494
51820
36225
68168
80917
36323
48926
88926
81066
74607
23204
79193
74640
90818
68309
83065
569
19040
91798
38648
30745
72066
62714
86135
14020
41716
13021
70521
6221
55963
27899
17170
32171
83265
80479
14569
81172
57900
98354
12125
13695
1914
12199
79964
84855
88427
89288
74591
89582
80171
99751
57423
42104
42502
98224
17428
89105
50090
54147
39200
23301
78404
82705
25103
46707
6033
47021
91375
10338
53740
1892
42668
20685
79672
24953
28830
59866
82749
1279
25593
52428
38429
80938
26049
56212
70476
75066
89669
85041
63051
25464
31081
3753
59154
88824
35290
19209
87096
33257
78821
41405
97913
64252
35842
78278
57082
36737
62431
17549
69393
57561
6355
48810
28553
86771
84871
97466
56656
68891
76231
30967
57351
6334
47287
28276
70811
38915
61531
90847
89662
9621
72770
49492
22458
84187
54515
74176
45096
47771
99129
33738
12634
72120
15647
5489
19108
82271
75199
72382
3953
37824
62553
18204
57026
47853
84053
91579
16965
7565
7467
18166
75205
71583
27886
59772
84790
56863
26352
44365
32256
10694
52369
8884
69761
42492
18333
85231
90686
41798
9167
88540
63715
89149
86894
51838
47068
54565
92466
74604
133
62935
57211
37530
40303
80962
58532
41050
44233
55874
20699
62244
55918
30833
40125
93258
85454
53668
48443
14533
29520
98821
892
75167
98397
18927
54450
86056
84688
76047
12704
30225
64397
51748
44231
69320
53482
14838
68581
88798
83959
77282
40998
34812
21098
46923
32621
32882
49023
93636
66383
93399
6122
77932
45083
1312
62043
82044
39133
21376
26512
72476
56361
68186
43170
90474
97847
4170
86602
70804
39775
70616
85086
59644
30574
52238
57823
66080
54068
51474
86305
21568
37032
91052
9663
19304
24102
86464
6664
42919
7277
71437
75705
47205
62286
11483
20920
72811
91641
30624
49075
28451
46279
78219
53860
95767
8313
46478
47358
92845
43488
95962
27976
87658
35070
4943
35443
65309
58522
23865
66371
11382
97506
43682
63526
68338
94911
37881
97357
19090
31317
85011
74438
23443
2398
57854
75288
58813
37191
13896
10991
77624
39106
13818
99431
11315
43461
88046
12134
57343
76039
55610
14289
67775
64253
37693
30945
2597
14692
85522
856
70431
49120
28267
61528
58476
21523
4533
85259
77215
29654
76630
28117
44626
12874
88746
72276
83687
44251
52211
24876
6864
25746
40014
43051
75706
70722
6663
59189
64705
26909
72691
44120
51669
13040
40559
28504
10838
52290
40955
89791
38927
2787
34918
27688
99409
27493
69662
54901
75506
65416
47257
58345
62480
60645
93991
44684
9105
85216
85821
87753
14860
45343
20553
50306
56962
32509
76448
31586
72314
60242
61438
31396
3296
62420
85949
4076
90828
12326
43641
48213
1059
51762
83683
99289
79651
14345
81640
91024
19048
95875
19399
25621
66469
53201
74930
93583
82233
84612
70725
66899
51045
38076
82586
15264
3978
15861
55049
59
74696
89914
53856
96779
41574
37608
86694
63098
61660
21264
70655
42616
50869
85424
12538
76439
40843
35816
64927
50094
87490
92365
21843
6216
41600
76742
97168
62983
69175
68418
95311
63790
59296
81580
16327
29133
42019
22619
84046
28861
66506
11832
31923
60969
13956
28109
16030
65620
25538
6147
74420
68161
50933
4954
12569
82330
68071
47640
55179
64832
40440
23711
93922
93241
25953
6865
83320
69289
69096
83404
34420
18223
51769
36066
83587
75658
60442
60873
92259
13490
60711
31547
37444
63028
93997
27149
12856
54341
69010
33997
61061
94378
67440
19213
88421
42795
17909
38681
35016
7091
44788
46741
96524
42133
71726
56197
16391
14867
21366
36911
21888
7198
55380
41688
4120
8892
86266
30894
99244
98803
94009
28979
278
35098
22343
40041
50782
32555
47645
40792
57748
21761
25857
85167
68702
13970
35022
95311
91301
37800
10757
97988
32974
32098
12109
53863
38998
25752
15093
79528
56529
87014
39437
36212
13082
15809
46462
61425
19790
31685
5414
83835
67222
80574
79162
127
81340
70212
72985
90150
73870
90955
39593
61443
88045
96020
96005
68180
22989
68479
1043
25030
17462
68117
84262
70734
82323
89644
72085
52893
67508
73596
75520
59615
32385
26922
30765
52399
52935
11982
72522
68785
52767
24942
5657
65574
47421
77993
48167
17061
19803
78282
38436
51310
30642
80384
66372
99105
96311
8428
17803
91696
98127
20092
22641
274
15434
79977
29057
61123
65254
43605
15244
11007
95957
32258
72262
92520
62459
18688
23313
4330
41476
55023
33089
89226
35160
24210
28973
52001
60549
31660
56087
44507
94178
80825
70657
32674
2301
5383
50140
67444
48935
87044
51806
76197
63037
27428
55353
98384
8121
73852
36646
77623
85115
13472
50219
43103
87002
33415
65114
91224
51003
77056
573
33594
87518
70737
16828
15131
61600
39588
90218
57076
68548
55868
55394
54432
3216
56891
26188
7731
68856
30589
43879
86696
95014
78464
59391
80705
30606
27554
45672
68885
40269
58916
16440
71879
86470
18212
88679
92299
10599
40222
36783
68533
83633
79569
9074
29246
58078
95787
39886
30110
7226
57382
22367
20414
33176
13876
38580
9053
11345
36122
84525
34046
93915
21332
16807
9632
39428
83514
67961
85004
68211
33889
97131
28634
93805
75345
3063
15444
69390
30145
22627
34818
87667
15561
61659
82886
36548
96025
38702
72594
79632
79626
80953
74476
55697
2737
74617
62300
62762
99441
89817
74563
27826
54882
61899
73337
60251
93733
26609
57830
10813
23135
39663
81200
13495
49706
46378
78354
59673
33920
73083
43402
44812
95366
5372
88585
52935
22654
72936
91067
728
40762
52681
69948
40327
48063
6991
32785
53662
88321
22635
42815
69416
80871
61781
56496
39962
99753
60981
5990
56358
96262
2627
28842
26357
46414
29751
32459
49509
73313
20402
37596
20796
35541
57102
70051
70454
69715
40872
65432
42715
13593
24692
71351
11285
30268
73986
63940
33585
48875
48622
53181
61673
66945
34708
4465
38134
23839
43590
93912
18311
74531
83275
80348
67919
85038
22018
33875
23769
91729
86041
70247
58880
95549
63275
42765
71570
31275
17556
96089
72428
65810
98874
633
24691
67220
75923
53850
832
52636
31916
46615
26125
46959
47120
68183
30317
44344
3432
26247
8249
40111
40171
41855
62833
78375
94301
66124
3670
91943
32895
6859
6282
47500
21484
52501
75657
82641
55657
698
9114
68167
33042
71132
59813
39426
44122
11920
48428
95092
12447
27226
27842
91309
87839
32317
25639
57018
37800
46315
72919
9799
50180
8889
19741
25056
40332
78624
25475
94619
92525
47676
88686
2733
17132
40082
7068
69039
82042
23407
34252
82380
17695
8578
79495
5669
79016
14973
59661
89167
26861
18639
44841
9341
27779
99315
17987
24153
51390
34756
99094
65497
86445
53809
2566
64771
38539
25108
74177
47757
25248
56600
74976
14392
12063
90538
92103
41602
29393
14072
46039
25359
18962
36307
67757
73886
2834
79345
74954
17816
22094
82914
17648
47285
24312
68755
95935
63885
6011
14724
67129
53908
40795
11904
63918
70260
43662
30448
97278
37240
7211
76385
94760
37318
88716
73735
46534
50137
86051
28680
61936
59193
50154
56361
25662
42334
38951
27690
90080
43308
94602
28218
35590
14669
46942
92131
84563
7058
72389
97496
30223
72386
82066
37713
10604
45708
88154
80330
58568
50577
22220
45798
77833
77331
52787
7935
3753
84434
86241
21583
31308
15971
40368
53970
42638
78993
40794
80090
90375
96584
89171
39476
77747
88555
98456
89550
77127
12440
45756
79954
54180
58621
69122
39503
21087
48803
50384
58259
61881
39006
88378
128
20817
50805
66187
14251
32018
28096
95075
31611
4913
8063
89954
61983
61405
82743
68050
89278
78874
63237
30808
91313
38678
6287
67403
72687
46849
864
32882
93834
28608
82535
18209
51369
8206
89043
18659
26942
22367
84205
57531
49030
17365
14145
75040
46117
68667
7138
78098
38343
80753
61106
79385
98643
8197
97064
61450
14529
83401
93500
67401
31153
95214
1240
3002
22378
89853
38585
53776
72361
64084
41108
66911
94669
5706
81778
73947
24533
31247
21286
4020
39710
22766
94538
13081
67502
3150
19565
43171
11141
27593
4129
43540
28866
16803
26378
53816
16124
11142
52661
56263
30082
53361
5736
74259
39644
94194
84715
92937
26418
23117
36917
83282
62115
89480
27691
8387
675
88159
35500
19228
70288
95413
42634
44768
59955
97568
38045
77866
79328
27962
57822
13390
78585
65023
73937
86349
17029
20279
73437
73307
18434
26627
16753
88024
90675
20846
81424
39385
89112
17990
53140
27965
75642
33433
85974
34668
10726
60967
14303
42076
56149
6849
13609
98456
65294
23526
4697
97092
15542
41341
91357
80396
14722
62192
794
43660
78660
54610
54092
39109
16143
98659
88753
61337
74821
29857
37748
45152
79048
39268
75622
56062
5976
31360
17158
11584
13017
18296
22730
67149
16149
84332
23842
47770
26633
72744
13243
13449
32639
42314
56008
56116
6874
75193
25932
57489
18095
52272
23635
35436
85777
59544
18044
76273
65719
35295
74420
83361
45034
89209
30642
60363
31879
86943
22960
31811
74816
40983
34704
2077
16613
24298
12513
36734
83260
19505
49187
30782
5428
59668
93488
60745
94661
87293
81371
56604
66287
47568
82050
91337
98324
29882
68415
43429
11671
95645
24237
19931
52233
94121
82673
77112
17568
21557
18823
61479
47031
81310
93013
46214
86108
43638
77933
85366
95721
69897
65702
44586
5571
66355
65523
27247
58933
43366
3752
86730
55883
69083
25063
87615
95268
29255
78548
11306
76995
16376
43176
73103
68470
19892
9573
84977
54555
35836
5229
54686
51949
83049
47708
41773
29942
79650
14359
85877
28597
55425
18179
74202
17805
32092
5595
77947
56247
5398
50945
56852
65089
66626
8370
79344
26720
92599
76116
85679
56782
80546
72692
23096
38136
49066
34781
72834
21375
83289
57672
15617
14895
92670
82709
21570
98197
68974
55298
36377
14297
31625
28730
49156
84890
48376
89596
85323
74678
68363
15052
37343
3534
28680
29094
48050
82732
95082
36065
68738
97310
32761
56572
72957
47726
35328
41957
72418
83916
86800
81147
57746
37300
39738
71382
25157
51816
23536
38206
89760
59469
49458
98156
53011
68237
20328
12082
86214
63576
34658
38837
3114
32909
86559
39066
81535
75053
55773
1430
49562
6419
17178
1406
87877
87216
57306
42
63796
57298
3937
96234
59196
56875
46305
9268
47852
34604
3560
4719
27397
23245
55742
8842
49258
47963
78032
24837
50741
671
89846
50103
96043
22105
88644
83340
42291
48052
10278
65795
10931
20286
48286
28916
59638
38424
79641
46239
86603
77290
91214
46930
71493
51053
74032
26317
50676
8336
52148
39914
9183
32468
49301
63124
67452
53834
191
37090
68231
62964
66977
99799
24326
37764
93788
7111
74958
26825
49203
10833
68321
31793
38233
73450
9457
42915
78610
44989
48073
62326
32663
33955
95904
70364
56612
78462
70984
85162
61464
5804
38232
42551
78007
23639
10313
91414
22604
33728
57264
66921
51358
23851
59132
41314
71592
77390
94235
75851
53666
24536
75224
55201
89017
5904
30300
33022
3895
53961
81152
15326
36126
89796
65361
43399
72601
25770
53785
14594
63137
18043
20310
44881
87724
81151
10968
8812
74822
54589
98772
79222
84226
95133
31495
36928
30580
83030
53533
72102
93338
77290
87518
68642
52575
41938
30795
61561
58490
15732
68712
45821
23604
79640
12713
35623
4225
30342
67477
7865
94936
21488
58199
49306
55189
1930
31099
40993
58301
28433
12819
89570
72236
81682
21256
85846
30524
51667
92305
45786
50356
49406
50322
59090
85876
52950
55617
4585
82419
95871
32702
237
15553
45668
77166
71850
19090
38212
13453
50645
10838
89802
3260
30057
2913
79141
73585
41921
58384
26867
5099
52557
38036
21690
57509
45529
71165
99109
63429
2239
46312
26513
58573
62429
95730
12581
74017
26568
4516
49405
66755
92311
38214
41660
34947
60554
46145
20265
56176
6734
79364
13696
46200
55552
90772
80144
62201
93862
88158
31637
684
19980
74783
11213
4332
84325
31228
40831
34326
90331
5124
47016
37405
8979
60111
12787
14343
96375
86743
96955
99383
50900
42932
56694
22874
32616
80312
3020
71656
15586
50380
80154
38409
72879
48721
46774
17528
27000
37328
50622
29325
5314
85938
65845
1610
32347
76291
37221
95441
77985
65801
65825
7119
91203
32253
49783
77047
18089
88338
71715
4012
28208
69174
18739
39950
24969
8606
64526
60257
13336
95258
87342
59046
36121
67629
94069
64962
77087
55083
90527
56325
43090
7579
93671
49785
84554
73035
47206
40625
98938
69726
99439
38661
65613
46609
1117
36139
67198
25894
76640
23740
11764
76964
82104
82726
78458
6778
70998
23573
38184
84821
99960
63005
97811
15389
60921
20628
75503
68954
55395
51934
61400
23900
61319
43609
95818
48680
93433
89511
66512
57929
97763
51192
78443
66786
44560
66126
25474
10944
71326
77776
2036
23632
2441
14117
69766
36434
40850
50223
85687
80489
60636
98244
70498
24706
62340
87864
15645
38495
86907
29778
13344
81486
57061
80254
87057
48768
84562
31025
70829
94795
95153
64558
97627
77619
49897
37767
21459
47201
73843
59384
7830
43210
3823
86022
97292
99519
80693
53736
4445
56696
50480
86979
24036
41548
64431
20549
66571
22186
27059
20998
51872
9824
79393
90892
85335
96078
616
92879
74808
24572
66405
68443
64651
27523
21947
70134
77663
71038
82961
87538
68074
30825
26579
14133
44314
8173
40521
56078
13188
29347
71196
99272
20142
52845
7511
98005
63816
12930
687
1214
98902
87814
78928
79873
90291
82037
22328
96513
19601
94297
42886
95532
39225
39520
52923
21047
83245
65260
46578
77162
55556
44537
79690
45460
53376
67132
48300
11806
20011
23941
6317
64732
70351
81746
88635
80260
51896
46706
23841
62276
85845
44008
36477
18891
86461
75664
60047
80621
99921
86464
14760
98555
66352
23525
45657
54365
8123
33467
26496
23158
33736
10521
76501
95659
87979
78154
25180
57478
50885
72663
69150
36538
41418
84301
91316
11548
8060
60799
58999
77712
7085
67679
11884
33547
9181
7761
98379
46826
36089
34270
72136
18429
20210
683
28540
75323
67506
40818
30911
8307
50483
2568
29736
27258
17313
78222
57136
82051
32208
34109
46305
47324
74467
48784
16072
66057
98636
42953
86477
80218
79774
78354
21389
16614
526
50720
16328
40735
55761
15992
44041
67241
29887
50692
27229
4516
37942
84626
16233
30959
50624
16328
14617
1980
87965
24812
43961
71425
84611
62482
76687
24552
54340
50693
28532
72128
81179
13122
26732
66593
61893
16401
26290
16215
90067
79063
17437
23775
21555
11555
28114
14010
26720
55518
29593
63445
63736
19408
28648
75714
6759
44902
56124
93278
39305
19488
12900
79194
22159
55100
23337
24820
57893
49640
69065
34222
90038
98401
11912
8902
7374
20186
49870
73055
34367
62676
97832
98822
21099
65087
8391
61770
84473
51017
59834
16991
60277
33011
76910
70578
66162
38243
1616
66455
88218
3294
56116
77080
86453
95370
73407
65334
7496
19746
68339
86572
95032
83068
58910
76628
21656
14078
58094
57072
46708
61566
40347
6876
89806
52074
73945
57026
21491
41334
42739
69131
18570
83415
84837
31073
6559
20752
12368
25729
91679
43057
54274
64726
82678
73261
21958
77208
74101
281
48921
52083
80148
44543
19746
26651
62947
49240
87274
34378
21425
16380
43843
66161
77007
99207
68002
11616
98231
27836
70068
904
1709
32365
65392
3651
7292
75620
24197
16545
30115
96736
82925
21209
92413
90655
88983
74026
63668
58185
68126
57319
33478
77989
4303
75298
99213
88113
87719
83470
5258
10342
78977
46264
30212
48016
50374
47783
79150
16095
19359
87326
25042
70729
4263
24688
33455
22633
73748
86351
10224
93976
47948
40045
59710
12749
67426
23719
28061
90094
4437
19178
87901
40727
11286
19773
17758
36661
90996
44396
40281
41199
94875
47573
38826
80799
32276
62749
73726
79614
41843
76579
14365
1367
73246
11282
62394
38932
86553
17463
80590
26654
19722
89056
11657
180
99425
84315
59442
84490
6930
96794
31637
29351
46070
69024
99100
374
1218
78911
80473
4677
49993
48446
48250
27858
4813
86533
67481
4
57379
78825
50107
73533
63805
13627
21477
5818
35915
38645
81373
47961
3306
89236
72684
45049
44942
85013
55297
4221
12181
62019
37713
7642
36990
75913
76660
71275
40805
83799
95367
12892
16834
59437
27111
28104
46686
58103
65546
32442
47547
93281
64459
62573
97537
32511
1370
60757
75762
3201
82915
19799
31235
63259
87823
95359
41112
42465
36543
87892
36966
50202
65013
52115
43278
68481
31127
43868
62124
44579
98362
86838
19467
22855
56674
18899
97560
75140
10105
4478
74542
15903
95513
37604
884
75567
81657
53574
71614
31751
86992
4221
21560
77653
95476
97345
28268
12343
19295
29055
1384
57502
98632
31182
4838
96076
332
8380
6585
68923
97799
65971
32360
32065
13350
21063
54688
27409
51231
67710
86824
77552
72253
30373
57587
94141
65278
41813
27379
59328
90630
85216
55845
81049
3093
17039
17270
64330
32765
4807
75235
73277
46988
2691
33952
21021
71860
89494
64302
74412
42656
859
61111
51584
42231
23831
85248
68259
73594
10696
30798
58518
81001
47256
78292
12582
10125
51310
28971
96310
3793
90358
94643
46424
92475
13547
30564
69562
96421
36566
22281
75784
77511
52966
16672
89771
24105
4260
38817
79261
31791
49010
90735
22068
74009
16716
92275
99731
24398
21369
10895
20549
60522
67992
70619
52297
6216
14686
59109
28684
93267
15685
71838
37028
88415
55014
81007
28034
30584
88521
88477
5865
12493
49710
64519
54782
99622
72574
72415
75758
21271
30832
45164
75051
25671
1731
15261
9518
82347
64374
83555
9418
45151
10132
85993
16106
77172
53707
33652
18994
35708
64241
69147
35877
32891
5029
8056
10812
3473
15836
52675
33641
42271
83350
7413
62435
70521
96786
11357
86684
39752
71488
45687
66209
4965
79058
60714
2360
63716
48412
77610
45915
38922
53420
40049
57030
61684
9287
42159
20641
93674
4448
6045
66510
11699
49914
67147
61800
2719
23558
45585
80385
42350
46967
79242
64220
18553
2937
30911
53833
44315
5695
47096
55060
38226
6759
94718
88850
43300
50383
750
61233
54626
90715
93010
35304
65443
79176
54510
55051
11911
98913
99641
40157
2827
97224
3565
91954
74178
75829
38476
58746
78376
88326
76325
87979
57352
50985
28284
4939
55195
78297
18499
52335
22808
84351
25759
51634
53957
43937
98776
39377
48427
75859
41921
45402
6053
6938
52232
41001
3194
2764
14671
67470
11907
42003
82857
66299
14389
5030
77951
14458
50891
49570
99856
33614
80413
47306
17349
18476
71465
51930
37996
30240
77052
99098
10319
2516
46405
30923
81925
50413
98752
87282
1745
52430
63625
51029
40428
80804
1493
59459
37245
48926
65986
84318
88485
98856
76003
8307
64988
58747
89589
33755
69536
51263
64768
84431
90417
12808
31684
80341
19894
83465
23105
27537
15705
63609
47825
47425
69989
29384
6877
36544
16983
12006
14685
89069
64254
92734
10612
11462
26512
38097
65934
23177
60824
64996
17746
50482
87662
79194
60611
27619
49120
21152
39564
53779
25821
38448
68613
24876
51031
28578
38318
35604
51870
53044
16772
57530
36577
75698
20176
97683
2196
20221
53828
81797
17531
99928
66713
50708
45862
97343
59762
90794
68773
79257
87424
95831
72442
60906
63248
25805
24120
85735
60430
97934
99779
30330
71307
7780
48224
60215
13904
11963
59017
62927
25423
28898
67323
57766
36248
25893
71735
17905
79013
53688
68815
47523
66830
72612
65619
20941
85088
75670
12450
94370
73563
16460
59791
55894
82017
87200
28621
58932
2483
85647
83438
47798
31777
5846
53834
58526
28507
14675
24658
37355
54070
6215
6721
6742
29118
52255
63499
98694
42160
27282
75127
38233
99512
64646
89363
8963
69107
11429
75749
49047
97271
12802
15421
93366
70249
21016
15746
60984
18777
7093
92434
70412
51012
75095
40300
67348
9738
53048
26775
29761
23701
29926
16772
75201
10519
45205
48286
67130
16482
44871
89419
17077
38926
75611
40083
41267
90794
13354
36492
8101
36509
2514
79916
35067
34848
4714
87221
24416
24346
22015
99224
16058
84653
45987
25346
67345
96030
40220
82847
25044
72730
48616
44502
73906
17674
75356
31486
75401
35012
99032
76554
96383
16555
18674
93252
21186
50009
81704
40352
5805
57984
23869
42783
94466
45646
73360
32424
92938
50264
72737
45237
50573
30507
11448
35371
87892
58012
6010
17393
59492
73227
11819
89403
25313
45461
2840
99502
65979
52734
4159
17336
14325
99867
77042
67060
48861
5832
50035
28259
44313
42932
38548
25136
62275
53795
25980
65876
5107
83302
5359
63173
43999
64311
80860
32577
46164
34465
17469
49005
42806
73858
66444
40203
46104
55400
30911
50706
53465
44387
86510
82060
7976
77750
73079
16560
34679
86683
27128
71518
19481
36964
94395
82676
47375
40985
73337
50013
19007
44464
20896
14395
88362
1030
85453
70455
76487
98344
79031
6874
22883
75273
12410
60719
96792
23299
55197
66248
91231
64300
97897
59480
7336
45950
29523
5842
79463
83767
92828
5119
82063
80898
31699
9000
23491
72114
93697
6946
92296
2624
40072
36335
7651
20254
48635
44207
24553
33675
85883
24076
85788
7088
58782
54706
46566
61415
7058
42411
71506
79611
90992
92719
5516
73912
24810
41984
43574
3409
37228
24678
29601
48250
73952
88607
24227
61562
51828
87082
97315
85315
81288
45787
97883
68751
19330
74975
22115
76992
62433
62076
65056
51285
35439
12685
11632
47352
30818
33739
95443
6650
633
21143
96447
61205
94474
37538
33135
70175
30479
85003
9586
19975
45096
86190
98322
45204
94835
36764
54582
49835
19868
66581
40975
75152
59622
78316
12810
61267
76974
76874
30744
18089
91639
90664
84682
60144
49340
36678
74277
81792
41839
51940
46513
77430
52489
45080
6188
49249
14362
66427
52516
94054
79157
45608
86781
34051
80167
21295
1583
16158
24727
71868
93200
53604
54259
91497
28336
54432
1508
38178
95864
58157
62487
72789
7995
67928
20068
63545
22662
14541
72127
63561
46904
10546
24357
36689
38932
46031
3882
50630
79977
28045
35094
58118
57065
69970
58740
92908
23170
60992
16744
51755
47740
76184
70563
94358
31567
6367
37612
18853
13983
16621
98632
87041
44031
61165
24964
82653
29246
17570
52565
82304
50550
50877
58201
67819
23063
4368
15724
38025
9187
27160
40375
61669
97797
20371
15821
70720
39983
29998
5122
32564
8418
85028
36647
63355
29412
48052
14087
95899
45006
76086
63661
5600
8427
34439
1205
96863
17983
2744
71295
27198
90642
99587
9666
86823
76246
36962
89244
23659
45343
54243
42670
99247
12448
20000
73885
65522
14230
94846
38406
75010
90281
19824
93018
33100
63498
34775
53242
63357
19166
18958
52737
37238
58703
77923
41921
8831
75361
49824
87108
92449
58807
90427
50555
90762
33416
64414
93152
88426
60553
35682
82632
23136
64337
96284
36917
70818
6568
76565
23325
41471
83720
25886
4493
26385
1505
5432
40544
34524
78079
65054
90160
64406
7737
45957
16202
99853
69268
2255
99684
99084
41622
64815
2804
83483
36325
29600
72900
62418
41005
71103
2263
98796
26499
45637
8728
32921
85934
24170
89257
27984
23869
58627
10347
95499
45522
18226
15399
18380
80082
37063
1549
4312
76881
24240
99848
18905
23082
21009
90060
71905
32531
78126
93518
6976
62791
91363
37906
62100
37228
83281
13918
45098
12998
71700
75214
82995
54467
7305
37960
18098
14201
54520
82336
3942
69553
97950
21915
2258
45788
89823
9838
64924
34109
17352
95452
45743
65108
3371
32708
54158
80319
53299
81152
96800
23144
56450
91314
5181
49026
16853
64437
15777
83048
71961
57703
78011
95790
89576
37422
64840
69448
35648
16311
47404
73442
48994
10989
95646
76247
29471
17886
51096
74596
83802
37778
60902
73367
85535
80797
13103
6635
16733
53232
28935
25386
94061
81875
62147
59648
17441
49952
75531
65949
67867
84709
44671
36987
33747
23358
74150
45461
95667
28934
19554
98966
13341
41180
99246
34183
96801
4643
10255
8779
24319
58205
52714
82416
87376
22017
79380
67118
48841
35998
58805
79518
42354
85146
6729
99092
93107
23915
39620
62177
6646
67641
10967
87799
33677
29968
12045
52881
82629
27964
62846
12798
39697
66752
41630
9662
31994
62254
49610
11729
43977
7032
96620
59669
70128
40035
56611
28194
34450
153
41075
72886
65022
48077
2133
56677
47237
64915
48739
57407
9972
26499
84488
20876
73152
46007
39821
75602
43516
97067
67097
30853
74304
27890
18199
99613
71021
51298
17671
93641
73357
83851
18430
82475
86889
89959
47775
91619
64618
84952
62424
67079
13515
92202
1757
17477
22543
75743
86517
24120
214
81008
84677
37382
33056
10222
98582
37132
29878
2519
85656
95938
47243
55097
84050
26120
8069
2013
33987
83193
98232
48201
10984
58563
34642
18
17337
82101
26133
722
77070
95277
64781
93550
93427
92349
99173
81047
49419
76667
91376
10643
61741
62098
99296
66486
19835
58417
8152
75636
9408
20529
41756
3323
25888
52013
70024
26114
2740
33037
92884
16480
10998
29155
25449
90378
31156
53693
61670
91701
26947
27021
52594
57320
91816
87589
86459
48885
59267
68156
80182
58919
73948
50496
91314
56540
53521
61457
67661
41413
22324
73059
78307
16381
83782
74896
99644
32586
36648
8917
35329
66142
96747
16451
48689
82386
67935
84436
11507
38299
65554
21138
66846
34583
52855
33964
42531
60502
37841
68909
36857
69699
86031
20256
69376
53888
48714
36213
73537
16919
87945
53873
12236
50349
32826
14039
62172
57497
1807
8927
88604
69085
49949
29362
75859
1186
6212
43723
63525
49817
32364
39142
94745
67739
72059
65630
80110
76490
47075
94800
33672
31722
10898
94588
50354
11681
8901
16496
1757
38815
71792
85034
58694
28913
80304
67772
19749
56669
44397
68189
47675
4990
72687
23719
84555
48802
59127
44497
78290
67196
33929
85681
10421
7006
75255
56882
58186
55361
79007
64177
92284
89715
41966
24709
78025
47330
80447
65831
87434
4286
45881
23440
32092
78885
47125
28681
59034
87178
10032
1551
52553
64403
38206
34560
4886
86110
74613
51687
53657
23422
9586
64387
77662
80220
75905
57959
63024
47977
45694
37225
68354
93296
57063
74003
21315
10488
53588
31535
59881
46574
97848
71008
45328
77455
11624
27880
51509
7405
19823
91914
72716
28760
12174
64011
94700
81493
45778
51872
2980
89165
65656
11056
41484
72807
33196
59257
7340
64203
13245
94398
32521
43077
91805
7082
25574
38578
19058
206
68595
48024
6450
55619
28154
53779
64508
39594
81121
93051
79302
39821
64709
1716
28554
70715
80918
86791
29523
72521
44259
52367
20540
87306
94159
25425
59392
29639
36954
5091
38437
56122
62435
45572
83276
54956
82715
10037
82902
87704
8299
93602
78135
14289
84900
73424
29688
30805
14522
21090
26164
38782
9054
46537
55947
16228
27483
19143
61460
2728
94387
34868
2639
76030
54613
23179
77385
19137
18439
73598
87999
70881
3888
41819
64221
50656
74231
6251
2405
20734
95736
28587
15117
15864
78926
99655
47068
15898
89625
67048
27472
63571
48577
80174
93317
73431
90962
2105
59675
61720
96038
10551
12366
40924
33090
55283
34894
67234
82316
5290
41997
21232
16738
40725
6991
65800
19751
86775
97103
54958
76111
61487
29512
51390
46125
24428
22304
23714
48502
90789
59694
72125
46575
40684
24696
85185
16220
74192
82774
23643
64760
79833
33581
84334
25051
6239
46833
7851
73182
27517
53679
4187
5002
4717
85609
34550
81039
60975
94798
8662
32979
11179
18732
91526
45596
69871
74657
76053
16028
21805
49579
45558
4001
73460
90197
96277
27905
45177
26339
39886
77594
14452
50532
20984
37109
55506
67123
41858
55075
90145
4146
55245
79394
74111
90663
53581
61101
42055
38738
55179
31582
70779
91823
51376
77937
8121
186
31542
14519
89332
6644
35861
34635
54912
31067
18527
60647
97747
54416
90089
2747
32799
20978
25883
17659
94334
66164
29889
82796
36616
35176
85850
6439
71160
8303
6815
22628
99155
43046
28988
55320
35581
27339
65742
83500
68284
20609
24482
43044
72136
92933
63353
87639
48648
52431
98783
49801
65939
33717
83603
41957
70297
48745
77902
54156
20794
29422
63475
46608
24251
95898
61492
54700
25427
34769
67166
5459
55235
42382
49374
73724
41681
86844
10660
43682
71822
98210
57791
18728
9520
57014
56689
65438
59442
87031
85022
86835
49436
11586
62706
38862
57134
77873
18792
76237
31441
8652
62211
13878
85265
93323
94565
23557
84342
9879
275
83453
38085
34220
82333
22583
71631
44747
37087
67237
39209
96053
95257
38396
49747
80330
56023
43648
79675
10512
16590
63807
68051
34422
12241
63169
35999
43912
33462
16197
62448
33131
81096
49563
86755
1569
48750
15215
29252
40122
67230
12387
40786
51555
37028
35387
13394
23815
64131
4934
37299
50916
43881
73829
93289
36467
15401
3663
21978
19164
86584
27718
11284
20889
4788
6078
14957
45694
51640
48177
31580
40807
14396
39552
43281
4203
23021
16496
97393
76853
49774
12183
79781
28527
78898
11532
89249
7266
56274
50288
86168
45086
93237
10088
53538
39512
1102
19896
46766
30950
20429
67700
72174
15953
73354
96491
36520
4328
30547
89086
13446
98905
6269
45124
69389
74400
47936
82756
41991
93256
16828
7691
89420
1352
62009
86493
47570
4307
86014
3769
3100
3125
69729
66443
56424
82074
40008
63828
55173
82406
75011
84920
76718
67188
36841
87262
38817
48112
40699
79137
91575
18346
77904
53509
14122
12738
78280
70822
53943
86861
48920
32212
18314
26777
85985
10320
29175
39826
88700
87315
34391
84108
27583
59584
18244
31907
30972
22232
64510
74746
47676
99458
63608
6876
12194
84754
25220
16220
52321
43685
3794
69186
9884
68311
33486
42798
66606
49941
81202
26521
58087
98990
59411
53383
44745
7466
90762
18320
35265
82214
81765
56048
6311
79196
39184
49462
68604
11437
14582
1231
85100
12955
87505
45014
83521
65205
74223
59271
26098
75445
65300
81031
41029
37989
16659
48685
40046
10224
62130
4728
93991
6900
80955
70106
61920
47746
62875
30687
29127
84023
74194
55169
35358
79970
41420
45132
11485
14397
69862
79540
33242
31490
92221
59819
16914
734
15018
68321
62537
90499
9416
58379
49306
9854
7239
78200
31999
17399
83094
35775
2329
43536
30144
42075
1251
10131
45672
61059
96568
71527
37200
25649
40362
82589
71485
62500
14678
21135
53192
61185
32727
94553
68150
38627
74607
15814
5862
25503
72731
63220
13132
94086
31302
34087
77211
89706
1346
50146
58567
6782
55061
53959
71753
91010
53299
83767
18017
66717
38369
44738
63521
10864
64206
21908
3047
7776
75385
91516
67467
85436
4269
20168
88327
33348
58394
43114
94346
6274
5378
81778
61154
64532
62567
46409
6123
78768
22800
77140
85328
90840
97796
39145
87134
27992
99699
2268
29879
9393
31040
69435
14321
9829
82678
73131
2513
34893
65631
38404
32615
10185
89420
11742
61338
56590
83584
98988
48296
17796
15785
24278
84975
98245
6188
76627
87640
65124
33033
60335
33648
56126
13234
84952
75234
35943
67457
51324
81854
89436
43896
71230
13137
84395
44525
75143
1419
86053
77806
30544
44407
711
53971
12082
93608
6761
84459
16076
3641
6050
85491
37388
1859
5295
4756
76488
96950
4467
36508
25395
89132
32259
17134
58859
73899
44554
11140
579
53719
31044
75208
1586
87317
2488
15928
32937
2154
1151
91344
68472
51483
51381
47683
75803
3945
6508
69371
7842
79639
68036
78193
96951
49545
52411
41412
12147
83576
95112
38182
49053
95621
83879
62356
72596
30842
83904
50071
99370
89366
71818
74334
95798
13123
68035
73911
37750
84576
41330
54913
67391
75183
3298
20940
85683
52851
78256
52040
34906
61076
3780
49360
7042
62968
42290
72851
67603
89025
75086
44960
20040
56437
70000
18475
7820
93702
82394
83827
81509
78499
3662
27571
42245
40198
70791
73869
92323
62939
76672
19745
52586
31864
15164
38294
85586
22458
67291
32830
70833
95184
6308
48724
9489
96370
34873
10954
5183
84822
13120
91980
70456
94428
70531
56407
57413
76208
7114
66844
92177
68420
80527
4664
12352
55340
92374
88176
41272
31706
32889
85362
26410
49564
12994
86325
72191
54937
18082
45875
5325
59836
68686
7500
49818
84692
49288
58157
61333
58756
80880
9377
15343
447
40652
2412
14656
1643
36371
54148
3996
46696
69681
73476
51933
27758
65570
20892
81434
84205
84216
2475
58126
61239
61518
32340
99734
73026
54845
27660
6051
34216
26843
82515
50825
23511
70018
25963
8911
10581
71668
70547
18566
63933
41879
58628
90154
95209
55567
22060
19121
28395
76723
77127
74540
78404
51251
54103
38928
8312
2678
41629
46797
8711
48096
69779
19852
87166
22650
28421
57739
39606
11981
70852
12537
13668
83909
94193
19360
2890
42185
4524
17458
32785
8538
77656
57492
49716
7975
72421
72260
15915
87034
599
7902
30038
23749
9854
15836
72099
38776
2988
72559
27146
64321
79515
16414
5871
64589
60871
94494
57058
34743
36038
66126
98154
24170
14012
172
70440
12287
70135
79191
50229
56161
41823
52572
11382
62949
82499
89919
74055
78356
47260
64113
39197
31964
90312
68463
29023
61241
51621
85127
47103
77926
15202
81171
50996
34472
9748
5867
9737
9682
45395
59812
68640
23797
22329
70985
22497
26942
5032
42921
82090
70952
20439
78701
87482
71924
26929
66189
33858
45549
71149
9199
60666
85008
32087
72303
40958
60651
1575
76909
53201
76631
80181
64372
32960
87448
95473
15399
9635
19326
45965
2080
56209
8699
3036
76150
57486
36500
93689
79071
7543
43558
72008
64187
38533
36196
99145
83631
91709
50026
30026
61845
25366
28122
89720
5458
90770
56067
45741
34
76451
11529
56554
14531
99583
69068
52989
51967
81972
55937
14816
4458
66962
22504
69365
9643
4622
15994
25839
96763
88302
11841
23689
59608
89300
84120
76713
28086
18978
97577
85379
1419
90759
93655
2619
96013
87003
57477
64604
69464
83207
47178
1659
35772
35210
25568
94883
2862
58757
80077
836
74776
30227
48977
11731
64609
87840
96946
25231
15463
92354
24903
32988
84394
70557
13397
13699
73307
19884
73352
22639
47145
51389
56375
13556
41123
10182
87917
24397
63732
89237
73851
69329
38901
96741
10603
71192
41781
81923
38010
8173
90056
32246
49141
77109
58304
14190
17264
65214
21813
11869
21575
82977
85405
57437
53691
23386
73852
35420
70607
54427
99923
72548
61499
26226
18503
55573
94086
87653
59954
42205
71917
91384
81874
65178
32583
14899
2248
79265
55252
26933
92918
22702
2584
51863
67661
90873
83924
81464
43050
87216
97339
6361
11315
83583
8250
17508
70746
22914
58606
2730
20104
29611
5260
79608
39951
30191
1103
20226
24854
38791
21138
94587
80167
43674
61508
77221
69963
9635
58564
27629
71649
12621
44603
72737
44865
65555
80068
98291
56928
15074
44152
79333
20658
52522
6828
63307
17441
22976
11911
37470
89770
63698
56610
4258
66078
2752
26193
67640
22074
31028
47544
61110
64350
30976
31081
7483
85007
32522
34742
74396
50122
2812
63297
9779
94639
41804
73928
27645
36846
98201
59779
46987
97724
21094
37859
7950
56010
40344
6659
42112
39362
12427
76216
25899
67530
83041
14983
89681
21440
99345
78299
84919
88233
37515
87347
86957
400
46831
9619
24274
28823
98547
30794
23872
71249
557
63386
43255
93117
23130
51472
44663
25862
92629
35034
37695
26595
37397
42248
11598
26820
84247
6204
37501
19902
74860
58753
60209
33746
50901
7550
9178
30725
82385
13289
40814
81632
52343
54650
66973
19655
71727
96564
98310
47872
33635
59056
95603
2481
49652
60362
63002
4583
98020
97453
44576
92342
93293
3970
96388
41803
3176
9509
42215
15580
42294
13937
43477
79340
94219
56062
74251
82747
75274
91943
55092
87682
7894
89628
86266
15804
63149
57728
84093
90539
44547
4595
32704
84931
68712
48471
88339
48373
58262
25170
16478
62218
54349
82730
5577
19698
15578
16263
8261
93590
86110
80255
29308
6077
42361
56894
84448
3664
17703
80583
78654
45448
25415
51676
71032
37698
81233
58546
10628
45748
67722
25877
24484
50104
75464
92873
33332
25164
84051
66568
226
46886
49467
90503
4428
64291
75286
26626
42570
11818
64023
84674
30669
77678
46515
71030
36803
2673
11697
67878
38464
57032
5634
62512
25867
60232
55770
79204
30613
49487
23561
59283
19613
51135
80357
31767
95980
34911
47247
6740
62412
54606
15976
98810
81725
83048
95208
46806
3588
4434
56070
30659
13467
16172
28103
43193
41251
86954
64635
44195
8520
96081
96013
93082
88256
4739
65061
79534
97320
14748
75049
1891
55425
4957
5466
83858
41056
6824
80787
42819
65024
8964
75616
26178
93417
92902
45816
3441
23031
37164
90516
9026
70276
3052
98219
66331
58592
22893
10553
76985
17987
15673
49485
88840
29384
54178
75233
8510
10705
44245
2137
34427
6166
21816
79170
99556
20465
69834
99664
95354
58923
61619
56502
60156
24232
66023
31615
52373
6737
39135
25265
18162
96270
3802
24832
49351
59478
86775
96794
39239
17668
37306
92735
78786
35026
56088
2860
48459
23881
98663
45865
88758
23229
15199
18062
56367
59170
89329
64608
63361
22562
22859
1772
71570
18979
83974
38156
2364
96983
29819
40077
33689
73040
60424
77685
21617
68883
77716
25129
68143
63163
83155
28492
8074
93269
36507
94933
81071
85740
68464
90180
70149
22167
33432
16677
94809
35533
21165
59807
