31960
67626
43467
99227
83296
56599
90458
21201
66513
970
73539
53882
91785
98906
10628
34190
41013
98909
90561
26675
41433
40064
49834
53946
26903
70839
91290
99883
16796
39168
80470
15315
2014
94642
86536
35458
10459
53719
58385
33091
2803
37251
58945
33936
3280
62606
32778
98638
80512
92457
54099
42553
54271
17731
82929
91895
17792
89520
72323
12456
65309
90575
4405
27344
20499
58223
51867
97143
12370
75170
23731
87294
40524
57470
23872
4182
81119
15898
50666
64297
38060
92652
19370
24338
85069
37917
61044
84283
11712
94640
17666
20938
81395
45928
67782
12228
32845
31600
13437
45056
10738
35635
86268
5342
68726
66805
2029
96800
93859
78746
10775
1893
38854
8026
74395
72656
71204
80067
42275
82581
97179
67584
85430
17729
57503
2792
5899
94596
89688
11643
71336
49518
2460
5609
53558
2425
6383
14028
55611
18263
35888
64243
90424
32966
83865
15772
82083
73368
71532
95125
41024
52778
89325
30855
47877
43154
50204
68538
47838
65933
60905
7433
7112
82215
7409
61256
99433
33245
54468
71970
66273
57175
24455
24011
46693
32935
77159
52464
33864
41730
20709
32530
23063
94562
70619
18558
60193
71604
57731
10403
52221
37845
66189
89677
57358
28455
57131
8209
25556
22608
16339
48837
18899
99562
28852
83848
28322
65313
84162
14941
65994
97739
34673
6108
45224
28374
84369
12549
11595
88851
1062
27828
75514
44064
19748
28427
90985
34777
66653
18238
75804
68950
26908
11256
25391
71872
13631
23501
65710
86770
90235
94880
87442
42789
44408
54482
3172
60081
44453
28983
44085
44581
96613
36704
21545
88510
73323
74834
79813
424
92863
93544
98659
65924
39137
97044
70830
23416
80716
73351
14743
60867
46839
24824
98615
6182
40386
32724
99656
65265
25255
30903
90324
37670
74152
31223
72336
90203
89711
36880
98548
38796
43687
65285
93907
96690
96220
21517
3652
47364
83652
79755
79364
71101
14239
83217
97742
71788
38089
15363
48124
40599
75178
14548
75169
61959
3220
60989
91771
7913
24707
80626
33705
43836
74803
75947
17180
81553
30917
1924
9961
18868
29071
52292
81613
45500
51538
19222
23431
90934
33481
547
52114
74348
88755
57949
63617
29139
90116
31948
93470
35231
29745
95739
22656
3025
46049
35528
96298
38291
66037
16188
40871
36164
5401
29255
11527
22886
32934
29669
10420
83998
37558
837
74432
24160
28512
59357
55080
16853
12329
88040
91436
98969
8454
74730
89123
33332
29635
78588
99450
16010
22923
85139
24897
17292
59675
15949
68946
59500
46422
40731
96204
60446
21527
9472
97673
28908
21306
98496
74512
86691
80447
79445
25961
77997
24752
41902
27710
30670
40132
78195
93250
54346
30218
94410
61074
52418
75939
57139
64484
12563
90410
95580
70431
71598
91836
30990
77441
98981
77057
60214
12025
31139
4075
12758
35562
43478
59177
46900
92540
17773
88238
38275
19367
68226
47480
41857
30227
27117
48397
45254
52968
64166
34011
61949
96280
84867
9013
54363
86160
93761
64460
28729
53613
79918
66169
62110
50271
17460
58847
17596
93240
29039
64599
46711
24324
52135
76212
2204
24118
49978
762
50324
50583
31802
7245
47858
97128
42125
16478
50694
34464
4814
60739
98778
53312
59509
84662
39449
2057
85369
91586
12767
68269
30801
52014
23928
99567
87300
37624
44145
8655
6809
30244
36182
92999
14136
78145
21810
72672
18310
64982
8145
981
8153
83131
88425
68300
65821
93398
64815
67472
36762
147
38748
58392
87994
82055
19781
79788
83316
48291
9827
4501
72332
42039
27655
74569
24557
5778
39175
81363
62852
66777
83746
20386
83440
11785
60115
47670
63588
55628
33746
93901
72808
76673
71892
6661
91496
77789
5004
32081
58364
42021
89355
70018
55155
3644
28649
66114
55476
13855
43743
60042
54222
83452
4620
69985
16400
18361
74952
76208
21939
72111
16200
27688
14545
15925
31692
95659
70146
20993
83073
46767
774
7094
22999
20830
77421
13727
65231
79795
83136
94001
92194
49732
11884
73703
39679
89356
72053
1907
90261
73134
2837
28795
10141
86252
25820
61667
55473
39229
71952
32990
95967
34482
30782
96975
59268
47127
60452
83789
92564
2672
53130
95156
93072
27938
79916
66468
15804
40841
76246
42335
23605
68238
30731
9939
43930
71978
96953
36746
95009
15753
58254
26001
7842
50145
98033
57711
18950
14908
14435
92551
28903
88264
9342
87589
20004
7680
35723
82203
6336
59352
45863
14631
62983
29617
9384
27729
3750
20843
53045
87289
50174
23706
88779
76810
44417
27128
87314
42926
29904
22204
47517
895
26406
83694
13431
35341
58896
43142
89934
36250
36255
14750
30410
35657
69890
43623
63018
78225
40761
70304
53961
98107
61863
27145
42377
5197
99484
32532
43171
92876
20365
92796
52298
84131
11835
44967
88224
79288
16185
74042
68832
60607
30908
16794
51034
35424
93296
53121
6919
794
64109
9088
2165
59600
68243
49410
39031
99260
41317
8234
35856
26364
99971
97058
15884
43458
62451
46278
23822
24923
55398
83729
62040
66718
1471
93353
67198
45068
76110
6953
11900
46362
25612
42376
28766
11277
90630
92698
15888
62424
5935
88964
37971
7950
38185
42468
60636
33850
909
7576
72972
47018
29299
81996
45396
80379
47048
35446
58128
74889
82211
93963
23149
34364
96334
89493
751
57594
68291
4607
52827
69752
30389
61397
18987
66434
45758
54090
28533
59002
32717
33348
44159
68534
33980
64882
17063
43615
96980
48386
64228
55184
34570
40998
80212
11972
65814
3606
11615
48691
41716
3041
65559
96302
54748
3219
16628
67902
63009
78961
34621
92958
6913
99125
42172
48863
49803
54615
383
31452
72430
57136
60613
19904
40378
97643
35182
89391
81184
7014
619
42152
42474
79841
17285
29675
67788
47856
13786
30760
48253
49160
80605
18018
13765
71270
48270
35444
98825
31348
62168
11198
3222
80163
76260
84580
42427
45654
55923
57104
68037
27237
86717
55994
78341
92468
50483
27072
81839
12497
81075
1947
40828
69623
83198
23270
76530
42594
6139
69107
49372
99737
90565
49835
44846
89421
38929
62310
3580
32705
87247
22134
91933
56682
62723
21016
62443
24611
39677
21296
20787
21198
53605
86328
50273
60221
70370
33599
96965
52990
8049
99832
39515
86815
7731
68300
36672
36881
11148
88920
53539
88173
23491
49134
25249
58940
10013
84146
6899
62182
60826
51919
2917
84842
48320
28173
46132
4237
99561
84624
19050
5329
65345
50589
24655
87415
82618
5117
48950
94423
84343
25561
13462
50756
67757
32614
97707
4470
61078
91333
50207
86223
26699
34783
92164
56130
96914
54672
38494
79557
22167
32435
37319
26523
69869
48209
22827
72901
24478
37834
76321
4895
35196
12476
77838
35265
38456
52161
17085
15706
30466
41661
43158
8228
34416
32827
78629
30562
58425
68525
90500
27946
66623
69392
72255
51908
88241
86939
80886
19547
9786
24805
79992
23243
15011
45312
51026
14222
56944
56899
17673
44753
37587
22788
49091
80506
89276
29091
92107
37042
69579
92265
14476
55952
47334
48375
38272
65804
40221
25929
47023
51517
71274
97538
5920
5661
61668
19914
93217
89104
81800
64407
73617
1526
50851
45746
90358
43834
20301
91749
62632
59150
94831
43844
49967
17521
10328
24039
75909
66635
7039
85222
74001
31015
9876
66155
73478
40049
16868
43429
18837
69361
35873
3002
55241
5172
18647
12949
5101
1587
58016
94437
45502
48472
63296
87872
56685
27430
47570
88399
95332
37629
44005
26581
82064
96577
90405
42602
91650
84695
72268
50309
26966
76871
72911
93271
23276
91829
88602
44794
98873
97379
18938
74321
8619
12601
39720
25529
67718
22003
9470
46048
92478
28469
48097
81208
25355
9292
20938
58664
14767
76045
21299
20405
29319
7707
67471
68631
75560
70025
64595
64856
38828
2775
89525
97953
18690
69683
17962
69462
56857
64876
74883
69646
75225
26219
57830
98497
28774
91703
67915
13984
70891
29938
30027
22827
76079
98533
45002
911
45130
71089
49968
97693
57408
44613
7220
89702
38943
50143
62517
55672
91330
51475
1806
49890
1162
51653
45179
3099
49877
68974
39856
83857
2110
50610
93965
8890
72748
66698
21873
20157
24681
17050
24332
85768
14907
77190
12237
30612
18999
68127
59553
78630
29185
12243
22653
19415
28131
80136
21665
24426
53354
41902
51033
76155
31232
66111
95582
6797
50648
98330
16954
72245
28270
42360
30990
74279
27142
16038
34983
23971
39415
14567
84099
81749
9420
61226
54671
89866
27957
74549
80758
92611
45032
97447
66803
82778
66017
48177
54535
48795
81607
5440
79963
20669
51172
87308
50360
86825
81252
48374
92273
12092
45153
97693
85011
38786
57803
69284
66734
70006
11440
5716
78840
76098
17571
24343
27212
30822
75556
48211
8262
78965
61503
86187
42363
33974
34603
63429
30577
22112
10865
67845
8613
79583
82275
68666
47457
47338
12436
28016
24975
96733
81442
84529
37355
75891
26599
3865
3098
26829
60096
19537
11269
33040
40111
13308
50588
58966
55330
51036
4183
94373
38706
44622
59140
43595
97102
99257
93822
48904
76886
79873
18386
47540
23236
11529
97523
76973
48832
66472
7375
30737
60331
3747
62016
91328
56575
75573
39471
68967
18077
88490
92008
61399
23832
30602
58026
36820
25389
93759
78789
27342
10042
54194
49943
80223
1151
63728
9804
28581
15785
73615
10134
88858
43661
73445
34042
34959
82606
67812
87019
21529
59785
24855
30826
88395
87864
56986
23707
92634
53503
60703
51584
55072
87682
80032
20695
6136
53804
81793
90176
92847
65768
10889
53182
44462
78356
3150
17738
50386
96559
23066
54213
57576
6739
57260
67557
85186
23367
61547
92358
44164
40021
17169
75078
55082
22030
55061
1175
63628
52750
27905
81154
813
77635
94172
55760
48895
71672
86364
10039
84713
39247
73321
96074
30436
6489
94007
48332
30422
12475
35508
82769
92257
89434
46011
52826
48599
35811
98100
22432
23294
1975
54109
97636
68654
41912
53400
79941
12567
1500
18661
13514
37003
51508
7644
4916
66699
21094
44641
48592
28022
6729
70752
51153
17241
45136
88897
11378
31623
41346
7160
13084
73572
63932
86744
82738
85138
75685
27420
88523
53088
14066
35765
28922
93814
21994
45765
40748
81789
41094
86126
27504
91169
49507
94409
16565
31223
2956
80394
23517
53015
42021
48317
71221
94339
5576
39942
73071
64764
24906
19778
91014
93674
56117
95504
13956
70963
41830
57339
95246
99370
48148
29589
90528
55219
79656
21915
24064
69522
70178
51515
82181
95290
3902
35508
11066
65748
64543
34583
88237
82052
72694
75984
56882
21316
95111
33830
35051
54003
80452
45601
89393
45617
85148
24146
4866
12432
57788
16001
14682
83661
15877
3548
94585
73391
37596
95724
89771
20609
84437
48207
6419
7246
69101
13194
26676
72164
72706
69212
60107
45826
86863
70060
89070
24577
62122
36564
10141
79756
30641
98634
7959
48542
19900
4576
66174
69145
81398
83491
83719
99387
44058
14442
69566
32244
39181
82146
76516
71953
97469
32702
39726
88576
55893
68856
96798
45817
14478
70008
11269
1032
85582
10015
89967
85803
40247
57877
87345
64525
47019
57531
90765
89214
85493
60720
1767
72420
494
56825
85395
79975
60048
38188
82286
97939
58907
19383
92649
51044
7777
20357
54667
11390
72221
82686
13804
34043
24475
83763
91997
81304
94800
11990
24934
39938
41936
50511
3083
95172
67088
24377
45323
57653
84613
31293
40984
47394
27729
92027
26895
20864
65228
36300
56747
26662
2864
79375
16993
2806
46915
67723
47945
16731
64828
4090
85174
48057
13253
42347
56003
8396
16300
97476
83956
83400
75034
97013
26776
40928
41701
66410
6314
32447
56867
71132
16076
58500
55243
98271
37073
62560
33518
276
48257
99364
76431
28591
92824
80522
46118
92927
34140
85381
36024
18498
4563
67751
52344
73346
51628
5850
52598
76065
61105
80505
61409
15498
59863
93695
88014
26674
92813
14982
5273
93442
74878
16024
49219
84591
6969
46442
4188
46254
94809
48774
32269
20933
96422
38368
66568
48324
6155
81896
46642
31223
9961
57453
39171
67751
37955
60932
68728
99129
92508
19444
113
19158
80107
42582
43620
88539
18532
67753
66377
5186
1661
6344
81255
12331
48235
40476
19075
21494
27126
39689
20519
10917
68339
74050
83480
17425
76852
81467
46636
46036
77713
5059
53746
75364
48660
13111
40826
53840
94748
78029
29792
38402
15519
41456
29561
3617
76197
26840
19516
97479
41856
47234
72002
52818
98924
89196
50818
6056
59101
26195
11686
37064
21116
20341
27472
96602
52598
5890
63671
35123
99649
65235
26746
49097
9896
82117
95398
26882
44488
79863
41227
50012
61950
49157
4179
30479
33056
927
76440
59463
62292
34769
94739
68552
66342
92727
17285
95177
13983
32959
51019
70306
63169
84392
97829
76621
20487
22905
42921
16807
93798
23936
61567
79237
84967
61674
75114
71959
16161
96993
63545
51670
29450
4207
72831
64880
70495
58193
82755
17169
64831
220
12898
11529
28844
70921
86843
77557
51327
27557
9991
10150
58006
59632
65664
38356
73202
15501
83584
4668
17613
45326
79016
16990
69413
99348
40855
58961
11561
32949
6126
62294
40150
25752
51976
93578
11037
50037
50393
14046
74830
97556
20631
88603
87001
53394
93664
69818
38543
34474
91678
54994
74608
78086
99556
19505
21203
95907
42116
29495
30066
27882
65996
18378
21431
47697
70000
32254
7656
72086
27319
23164
65108
69538
29837
20056
24694
90412
29989
16018
5684
71037
20418
77087
41270
51131
87685
62063
26196
32471
72374
15129
7921
20897
83980
46948
31560
2252
67172
39304
83394
61409
62161
66456
7154
68514
89886
5069
48249
79499
94810
30791
65918
26097
23811
59028
7463
88909
77107
70299
60011
7937
6058
75185
99711
12190
15242
44210
85558
82889
88496
22442
23240
90685
32624
44274
8875
53961
69932
72756
61245
82616
13814
46697
37660
41583
49210
81824
97086
24951
39484
42650
25144
96872
79292
75457
55351
86976
66745
94964
53271
45675
19510
65359
91002
72367
7550
75233
93473
79536
50152
53502
18976
4351
9054
77395
94122
59361
37524
58128
62979
33417
47124
60607
43404
45845
97297
26368
11392
57166
88922
21899
87216
74967
19484
15570
63105
48454
55694
65293
34032
73977
88350
17549
74799
85982
23674
20793
87817
1897
81334
95990
49451
8616
31985
19854
98550
58903
21955
45156
75069
81182
63840
36306
90614
28252
66286
44008
84866
93483
14289
45668
3666
72231
24096
89002
45067
29575
85807
57422
22171
76504
38550
9494
75832
92931
72447
78599
42982
99630
17019
4201
26499
10538
90223
52849
10136
52043
26935
46546
19696
79665
35926
94333
87607
35666
92324
77220
84520
42982
74786
68975
73095
64532
22984
98565
42631
54346
60474
97682
55804
87686
1025
85235
76464
10088
19168
93127
82008
71246
78865
93023
2639
39261
37726
42505
40577
44216
21887
40166
606
95227
94079
99999
24844
48044
31106
61966
87554
91657
10218
55790
91569
29252
90741
32009
78639
50691
17869
77519
16497
99197
95212
13274
64117
81763
66335
33834
26806
80478
57987
98414
32458
20308
97075
60577
93607
1026
60391
28419
78982
57202
5573
90350
61027
23075
1453
73386
48519
5716
63866
89886
26346
44367
23669
1409
14
80805
35882
43080
81708
97271
35160
7075
33669
11803
23331
71261
32177
30164
38402
77613
90299
89449
98537
59295
93623
4862
52246
41041
80309
92948
85314
21089
16612
68101
72067
88091
96638
95665
60562
12801
65143
17310
46711
81710
22041
98497
56680
49224
99743
30192
41209
18355
67313
86252
99587
36897
45829
64374
7785
95152
28559
94840
62771
88759
11957
14071
90463
65568
39735
35240
74622
36511
69602
25600
12470
72988
42738
16827
37253
95125
48181
3021
41298
50117
51739
66959
53776
30359
68514
35170
42261
32264
87879
65409
84242
70302
54539
57951
69753
7970
8034
91111
9488
64503
55569
4697
48753
41712
73782
26598
94158
29002
27120
12659
46970
25537
53542
12653
37020
44997
60294
60103
97054
4564
92978
42358
48631
4192
41358
42167
18448
84786
47074
29283
87091
57070
93532
76794
94548
47041
18206
12063
56577
41915
41011
13259
5144
75220
18439
58705
16759
41885
20931
24755
47675
47931
94056
4924
71525
13211
56065
44560
354
31614
8149
9372
81928
97836
25568
89900
32004
76748
18105
89978
26791
48231
3526
55139
63552
79719
37213
73411
85753
82652
25408
76563
63855
22318
81608
39159
63013
88608
5269
81336
90976
73645
11708
24962
33765
31639
31330
7307
49651
28538
26700
40011
23779
30952
97963
99443
44404
38917
41371
91805
75997
82653
58807
17701
6206
31586
45517
59609
16228
86408
26886
43396
71479
36769
99002
53145
36523
78564
21373
31913
48388
29906
23760
57214
55952
85396
52783
32902
24354
82164
94755
24095
47237
13463
5339
8322
14838
94006
18755
2179
86122
71721
91079
63242
1652
83303
68532
87010
31950
44818
62920
65840
17544
9458
43416
46091
58893
1592
61749
20809
78803
12614
35254
34063
91653
2790
96159
58015
31429
90680
38307
42516
59808
19193
45790
76666
38826
60518
55562
72649
16864
65772
952
79536
19244
28915
6551
37779
70046
59247
49428
13245
32257
97945
23376
73507
36467
57015
71588
98861
87144
10517
55580
41269
6510
20404
6031
98350
63667
66749
7264
98375
46030
89100
3945
13030
11662
55717
14819
62738
96239
58380
87968
72182
41252
25062
10258
61863
95817
72282
40199
81811
88929
56700
85504
6347
10191
59682
73026
98840
22883
8200
74111
3296
51983
51053
67214
43157
94000
10345
61844
80749
42196
8850
2622
28763
22548
83398
17
81448
10145
44168
2533
91384
26550
25453
9445
89330
3595
97597
2838
51980
82691
15978
39855
88039
84268
84671
20199
90198
57847
67100
67862
85471
10437
59449
39614
80079
54078
56740
83798
26793
59664
91577
88694
78714
5666
82727
76746
26529
41607
77884
39562
96402
7507
9864
98058
26217
68995
14582
44495
37877
63199
9818
23600
43044
76305
17062
80946
67100
85838
29366
35251
46854
13798
76045
92315
91113
27284
61140
82372
1541
7924
93669
48591
79963
27538
71459
77964
573
61391
13397
11084
39495
12245
45921
63593
49845
67977
45649
2408
88604
1781
9646
40690
12240
42632
92708
82603
31461
17549
6945
98933
7854
32210
42953
29952
69529
61227
43636
15506
4846
39098
80373
5709
72441
18282
95755
34608
67876
12451
42469
23135
81634
58731
93768
99760
98278
52978
36351
37331
34830
88855
46502
83024
54446
14463
3229
7285
69291
15969
94063
88618
24341
30143
97562
49505
21408
3937
68249
93957
46876
58099
14727
19010
75079
83809
17299
49123
38441
43193
31673
16551
24876
6305
80676
15990
92596
97348
51262
57978
15053
88470
65316
51906
18387
53851
98794
51491
61168
44262
78352
94341
84729
42393
90454
76730
74128
27492
7945
70636
97164
54105
68843
26098
84296
77512
63742
18036
49466
81572
56909
24059
52674
10270
78904
58406
92783
62820
622
21228
85015
65808
87954
94178
64841
37331
31821
82483
15850
3946
41861
65103
89403
80626
60814
60947
19626
39218
67610
40875
90108
80758
2024
79595
87353
54292
41667
74458
63488
32048
83947
11308
26870
86716
85621
31355
66150
74665
61256
46965
45690
81259
2185
45520
39711
91805
34655
72048
49456
17956
38780
53564
95210
59746
31119
4257
63783
8359
6825
10548
95664
57363
18994
83802
19999
30552
38233
2686
95004
29458
94796
44961
77961
20644
95184
8849
78572
56504
39884
95547
19637
69619
25001
45532
93268
30382
16098
67123
55597
81364
67571
57791
67839
50708
51301
88327
62265
18383
25521
9158
53571
31968
77043
19998
23159
93818
75603
74565
64561
22270
25684
7279
68474
11278
90911
26044
32361
73462
90533
89617
14454
71110
47089
13640
61886
37005
77121
27253
69343
6857
46584
60188
30982
30726
41975
87668
92575
5003
22372
99449
54779
41532
2561
33327
55679
60291
89317
56560
59796
25256
55966
88803
27849
35903
94704
82461
84879
63402
58111
86154
16696
48349
5221
57704
75685
65496
76297
37748
69303
3243
33468
27357
51089
91084
34838
72921
68548
13762
57961
1594
47688
20561
67457
44087
50891
57781
32338
95078
36022
59513
2788
29173
46891
36217
82752
6429
36311
44857
57641
90182
83994
51568
87257
56553
91787
28608
37713
36765
1065
21782
13913
71117
5441
56516
38466
96135
80892
61134
6813
17904
33157
81218
1726
9789
454
4295
80465
14872
8332
28408
36610
23691
56120
67778
17600
96119
33303
10903
52299
22282
20067
95573
94012
14239
45600
31670
23732
90375
97751
86616
25537
75176
38043
39736
57025
2776
49841
77468
56098
87492
48142
22841
28432
72657
85171
90221
14996
37662
38916
42346
62832
69988
8835
84530
97836
37583
87205
87486
64188
68783
80563
90090
17120
21715
2871
61434
85647
16384
10753
14823
46277
55835
54805
64807
74140
97226
67140
21355
29067
55378
16673
86069
51458
55404
23784
55548
66340
53512
41899
19441
15571
62354
13279
87314
6928
58051
5720
6716
69786
23737
4574
98612
26909
24093
96068
6996
15183
44028
10390
610
70442
65849
58419
8810
52109
94494
38632
61715
97931
47322
95093
32134
74484
91311
99251
83922
42555
67490
57878
16088
91505
60424
51568
5329
50804
18061
59159
27365
59336
16787
40365
22312
43122
41289
48998
49721
3935
4469
35204
12434
19419
44005
8785
22464
28644
72439
24128
35597
24841
12145
64440
47692
86149
94302
9104
10018
14280
53089
58006
34048
35334
11267
2379
81143
6956
72780
89012
33195
42313
49530
79987
38086
32286
45443
96669
47500
51639
29104
76685
78364
93932
23561
2523
47190
52346
92673
36163
48819
32184
38979
35441
50846
46463
1155
77099
8151
41625
27641
15507
55864
83427
90933
93284
75311
32158
26354
15406
40705
97633
61603
58379
85175
76403
79641
40116
11772
8743
55189
28796
14283
36617
40192
1010
3333
14088
29140
91623
31130
68344
88517
5874
23997
13597
20821
94937
2999
30277
27212
15031
25992
77267
95457
51186
70580
80600
50265
74442
66821
61039
65326
99408
86436
98844
1223
19247
43234
89922
89950
61222
3017
34731
84275
72361
9115
55729
34382
71578
55582
84704
37116
81495
81530
40157
2804
37016
41159
89006
30429
22733
63823
54698
24801
70090
3017
89108
19437
25153
12373
1574
51703
13077
40326
65990
12013
91261
92991
23095
42070
14851
46217
78686
18859
82117
23923
83831
17878
46279
96039
64207
78087
54228
59492
67217
97398
48319
9929
14185
69344
20007
36291
9228
59204
54007
33000
24039
41168
15539
28144
11543
44025
18063
46935
15578
76515
85136
35838
42683
46167
