85074
14149
19999
27716
15685
10975
61170
85332
27520
55737
38467
54645
34638
14498
10651
25488
57127
18270
73617
25039
69534
69633
69537
11508
90019
34554
8879
58787
14217
51734
89786
79411
55491
29937
64474
6839
1181
87312
53766
99767
60389
81453
4742
45431
6470
77368
14098
1627
18385
50442
71735
55786
858
24981
23204
15440
44611
8491
37696
81131
2095
2382
71115
75785
65950
59055
99153
4701
50024
3811
24306
69814
64504
73850
64650
88081
64891
24106
5037
12650
20455
7252
40402
63774
79999
34000
78553
30510
6732
49034
62228
92690
49615
72635
97672
58006
10337
28957
79480
47414
78215
9397
51602
14573
26135
1920
91282
27008
60331
35123
50549
20505
3453
25045
60675
94842
61980
7340
95785
31950
80502
68643
97968
990
41583
31616
20199
91868
76177
6643
77743
35934
44625
57623
34435
11058
55650
25829
37639
78079
42717
51544
70178
71609
98484
41722
89237
24569
11960
2829
96026
2997
33171
47530
66911
9572
11428
50612
72989
94519
81720
99413
50830
53687
57379
14615
75880
45830
90610
49616
39192
36151
69701
17705
89232
28958
98464
26359
2505
99860
42379
95629
79908
73348
10617
74746
2762
97095
90711
24862
99629
5037
52839
43119
96358
43304
713
16490
14229
83869
65842
43406
33959
62343
63637
59875
33295
15465
58297
37952
11108
85068
48107
73129
52140
86091
19505
77482
43070
82633
11852
78785
55118
65747
49986
34154
83311
26582
21347
45928
28245
81973
12130
18636
34017
98972
61669
17564
9710
50742
41450
87297
38797
52758
13754
14561
56930
79710
90979
10267
23798
23230
73420
31596
72016
87057
88288
68211
12356
29482
76563
6713
94118
12369
9707
29134
72938
29470
39111
53167
24421
1940
67772
92328
41182
24555
39987
2359
51992
35425
77224
3601
35602
11079
22129
5014
8553
80534
46619
46960
10684
93458
5208
80228
74178
34737
93178
26427
43051
84619
41622
27459
40598
37811
85846
21857
55458
81092
90413
47461
47069
85928
16218
76930
52257
72961
71110
83038
90239
4692
20581
92404
82851
92151
42483
30963
96732
87543
18149
6444
31376
13560
59308
67372
93803
49764
63002
97791
25233
272
49556
27460
90120
99157
99890
24755
77239
28277
27970
1217
63627
10139
36188
38358
64038
49218
44607
48447
95327
54882
25124
67914
62943
83968
16084
33509
26620
48845
83127
2492
9958
73318
57805
89966
55136
93120
2283
83693
92260
17728
53724
68454
59573
16931
42817
21236
77372
20949
3334
44584
5157
14555
2464
70350
75147
81642
64517
6151
83072
66380
98135
28393
45150
25477
91258
90308
52334
46221
83222
70917
46934
60913
56187
77599
1158
56670
8341
46011
41151
94848
56137
5670
45511
38542
97335
95403
70854
87454
14819
73494
28603
96132
621
25879
19592
25330
23304
34095
25672
52509
68901
31150
37727
32417
97650
44243
58367
24864
69192
18477
73300
18506
65000
88224
10243
92465
82882
6607
28141
95855
19453
64880
31402
9728
42314
50802
60292
30307
58006
75827
33365
74245
20338
88641
25946
24986
67943
13094
40892
53092
37035
45990
18262
96341
193
10096
31131
12396
15636
27127
42448
16696
5954
29817
33056
4021
99748
27998
90102
46847
83950
28060
66858
93364
85112
99055
98168
76358
62277
85256
24522
69788
65715
75049
58819
73462
46617
35060
9535
32217
19670
47895
14670
30879
33379
16669
68291
90520
55585
21924
25238
39944
22991
94044
69142
8975
79132
24898
11229
1137
11928
54773
50119
30379
2604
72660
50980
30905
70998
59593
57404
64688
18463
57884
27177
36054
13389
35978
59984
68442
30764
7647
20773
40353
60018
84577
46796
71671
5906
49844
94330
21719
23830
8397
20289
64897
97776
84290
28274
60718
65688
37385
19522
95991
64520
60549
21481
65106
66867
33087
95585
43153
64913
42786
70372
4281
33999
9766
70361
18027
25864
79309
24998
21153
65262
35684
40857
10065
37595
62279
38278
29098
7704
99266
2754
93378
88124
24781
75832
99468
63096
81690
4804
72819
54258
51177
56805
81044
38025
16008
30897
88010
13929
10247
34854
86378
12387
98369
30729
28835
19692
11415
27511
4587
94808
66486
35449
65646
40031
76994
16156
9217
33933
70892
54930
44173
74505
52178
66894
14084
78878
59813
72040
21587
31381
50268
15169
97456
64411
16376
80990
89755
94052
46996
79776
51680
54179
217
78011
87771
15728
91159
41012
61030
99851
21680
54076
43036
55317
90680
11873
60209
31474
16644
49956
59878
39375
5924
73205
44540
51317
37992
1234
23655
96003
26401
15164
86936
91116
3249
89994
74288
74167
79123
98356
87719
18801
11009
21735
9701
96191
72132
42139
73731
4502
20781
58281
77408
97040
19897
12305
48254
27011
33470
36454
77736
89924
17356
65027
73450
6515
67139
51920
52067
685
37585
86042
52351
18288
62236
41077
28366
84188
63503
48349
79185
95852
27503
19153
75222
68120
37756
89896
71218
90944
41739
47276
40696
42668
20619
97795
1445
45982
48285
3186
29051
20212
90071
73045
66917
34738
5929
59120
34803
78820
83938
64066
63508
85121
57268
81883
62420
98202
89804
5329
68759
77243
80702
61123
58946
90308
45345
9682
97668
64440
39631
82384
35903
60317
19297
58973
5780
54458
52236
40483
62190
78635
55093
92397
7005
77673
83768
55575
85400
38736
35375
3242
56177
42955
34426
51808
39509
28948
14099
76608
89393
96247
61452
70362
39188
1554
28163
3190
65824
98295
76102
7962
45966
49321
43139
90123
22149
88304
54117
81272
6540
89770
24282
58932
29065
36389
26206
92947
25890
67488
19463
76832
40358
75627
51089
65942
17183
84730
53208
5450
49509
80577
89751
87104
62633
27412
57275
6856
99815
44302
29658
51204
74830
32826
70067
99623
71965
2519
41296
2799
75348
35215
77299
98335
78832
99270
67604
70339
98231
77196
72940
37419
35096
48666
31762
25963
18
37177
96299
1652
79114
19350
93131
81588
37829
68258
2001
7531
5560
51466
93976
14663
43433
50409
30102
14294
3277
91415
8272
63362
59808
86936
8624
22619
71362
92239
16108
26163
1064
44104
99604
34788
6220
39643
23684
55997
42084
95711
60506
10573
97268
60072
64779
46765
83220
58277
93985
84686
18564
17468
22686
8603
28905
32936
41844
92178
10725
70512
10226
45589
52149
75838
6467
61455
51861
59188
8442
3789
26724
74105
72210
7565
30909
97698
66094
99736
22156
61859
39399
13084
98254
31422
7599
83595
21418
91001
5882
73284
97799
31506
45271
71571
85485
14916
58424
21430
53604
3323
94903
24031
49834
90195
57962
44458
45258
15120
77693
31206
66841
42107
70021
48866
31113
97141
47334
20727
68238
22871
40037
60860
53306
35158
5990
95217
28833
638
22079
15992
39274
44664
46131
18833
66956
15367
63250
8059
73460
63140
38337
6297
13307
74675
6442
55691
61485
96405
40457
88344
67581
37696
53191
30732
63285
34042
70725
14676
84205
62744
15625
44619
93040
61701
91932
22177
95976
51187
81910
15745
33890
39275
47267
5097
84534
33740
47553
78630
28715
50298
33732
32427
60181
33735
48411
1577
91472
15399
55548
32913
44642
48574
23853
10715
47515
93718
13257
51606
82743
84265
59715
10298
14495
24711
54454
28305
90428
48093
46198
29545
86488
92094
85960
33907
29012
83198
84438
59305
13289
90354
30704
80576
95639
48996
71103
85316
15422
36551
57582
90816
20483
95947
95886
44449
90582
23433
17932
35469
79280
20105
11149
43379
69200
26003
46425
52547
62613
89946
81703
64317
9279
53951
38316
92388
53561
79138
14659
65499
53608
69138
12883
53877
90511
55382
9062
90541
96207
41511
43324
5578
65265
48969
80024
93183
79205
87325
11375
69636
2571
18555
22702
25475
54847
93265
81536
66531
57631
3498
90888
11443
8774
52433
81860
10142
7222
57271
52867
13818
16940
55883
56340
21102
46621
76125
99051
60310
73927
45132
13183
66236
67762
45023
62927
35053
46435
87407
99029
97245
73845
42530
32910
92709
50622
31881
96803
12832
67108
69882
85961
21933
34457
97557
52695
46687
62215
1599
78854
78722
94214
21225
92604
12498
90314
24652
43680
63751
89505
46806
63706
19815
58242
55621
39972
74410
22973
63630
70479
14740
79321
86218
93201
4044
59171
91249
31778
70205
92327
16240
72838
44836
8553
20307
3031
52620
49926
20411
2394
25970
88200
33052
23327
20302
6175
66145
63691
78835
57584
78285
23713
98584
31119
64113
99400
7995
28023
88559
53326
99065
92873
73475
71423
73265
73968
18870
11262
37935
52590
87352
24483
2561
61235
44509
26540
46269
62891
72899
97869
93026
27558
52943
12621
14042
92526
74253
13716
44439
20906
95035
24596
61367
67085
3329
33097
14725
61629
50061
46334
87304
54883
25756
26244
70232
53801
21151
37349
86610
37573
53131
45104
55124
90689
60300
71507
39930
60853
57380
80738
99714
5154
66822
17028
57554
62755
63116
35476
57905
11412
11815
84640
12829
26565
10564
38142
1801
26698
42389
60241
71374
36904
27105
6866
67775
49931
69472
70677
6784
31822
93166
53871
4248
69322
46619
82150
88060
8727
68690
7476
90684
85675
79443
75198
25757
68491
32274
28558
80124
22157
69705
13232
18464
97139
9364
62809
78049
59956
49253
7623
93282
92439
28691
26083
18245
57944
80391
43507
79945
28414
50082
93073
58007
34912
69556
85699
57460
51906
81108
99284
17657
40914
90552
84626
62117
79934
35406
7108
59958
83810
4101
28103
59474
61066
14194
98245
56983
53360
56953
67813
88099
88766
48613
51710
72075
76631
55224
83551
27583
23665
5349
26142
78848
49968
89965
52368
1887
44064
63966
38311
22537
73282
83548
96135
24313
21978
33599
96941
20718
71310
28715
4100
94953
13294
11184
28890
92300
38842
12551
85485
24709
51854
79525
36293
78460
77958
49254
9505
71101
61825
96358
12919
89393
18642
45275
14816
5218
52478
27397
50097
43032
58283
62833
56272
94950
1248
31188
65554
38784
61074
60068
63045
31513
78480
13601
70683
93757
47255
17674
46354
72723
24093
25839
58892
74952
15796
14706
76311
68018
96368
23672
39821
11445
62453
42453
66426
89020
23253
41342
77212
46770
83700
70721
10026
1757
33313
81405
10913
5040
74592
21059
57962
34804
81042
77373
18938
32443
3941
81320
79153
86541
54877
97535
42415
37402
20246
51599
69059
36026
47175
81662
70503
5912
40461
99584
89022
53372
15813
57134
41638
34390
3793
71270
93425
75308
65710
5017
30402
85080
23515
33982
85079
41932
62189
90670
91893
86165
28305
72624
81511
81713
12345
74886
57865
92930
50555
52049
94342
81458
88350
65566
16630
46806
39681
44763
82748
83606
4109
67107
71692
15229
21197
83979
12511
13192
96582
28571
43723
49791
7690
2857
25066
43189
75623
59925
22044
28906
13405
495
24753
13660
10674
48943
96730
57948
17352
38273
2251
17425
7921
8286
82055
61198
931
66282
60515
28366
62374
44673
96347
21984
8326
44551
73767
85492
40499
73441
71182
79756
22718
53841
70201
3614
42353
58031
4554
72253
87248
54562
95840
58308
26320
26297
41869
99404
20802
63867
42257
9341
99409
93677
66531
68731
4147
2768
5334
66123
75175
11237
17448
43910
67090
22494
94707
54079
38085
78441
18844
42899
61727
88261
41117
7811
48833
38038
95664
82028
2681
74363
64690
76632
31184
61841
80347
29040
87309
1469
99466
39585
52697
38430
97077
76011
37114
51929
91218
3825
31590
87789
61318
42360
45022
99357
47613
11147
52559
58720
19898
66108
7104
23306
63442
812
46546
40816
12726
5249
42147
65666
66770
36616
78974
79259
90202
23296
91183
65106
70697
96904
46820
91839
50437
14891
13044
22329
31609
31826
14227
69199
76480
28589
81570
33358
32480
29391
74988
96265
29464
96297
39202
85968
61677
65923
21019
24702
63386
65762
9155
24317
19963
87453
88022
22994
19287
15265
72868
48550
87767
24217
9206
80900
91022
72948
89185
38180
55045
45616
46779
60810
48308
94918
35641
74400
57701
60852
30161
84513
93872
88342
58943
65846
22671
89910
49235
89026
40567
58576
14070
17215
56523
26438
8497
5247
87090
58302
94946
88729
76737
82839
69656
17770
18983
48344
76009
25045
51812
13621
65292
58435
85103
88354
54677
99425
65273
43360
58228
1112
23712
158
97612
96469
31545
29564
4287
21869
86420
30393
87309
99399
65905
41432
7775
11033
18685
41173
46862
74326
13900
24190
37214
26945
93283
55635
32111
68168
71760
9072
39974
43730
73
93834
65016
76578
85226
73186
86224
89419
44057
54139
38624
21419
26312
65893
92530
43671
80579
43644
80739
24100
96497
83901
87211
99521
62944
70667
3186
75910
97452
36118
50109
77348
90419
43579
99325
72071
76415
31196
25806
45499
54948
57443
30269
59761
85566
15795
633
27390
63105
88439
87589
28115
28333
15873
47232
16172
6622
65494
13634
14559
70000
10314
91967
7938
4030
61276
31000
82732
66567
20458
67256
49382
17838
35240
69152
39054
53631
27449
13955
47148
70033
75795
12805
9013
48529
21993
49015
74545
96347
83153
65448
10920
17562
11247
75498
44633
65476
22331
55730
24289
84795
17901
60823
42646
21182
38207
10277
93092
46721
8177
62540
79173
51539
66485
44525
94204
97509
82953
59408
82037
12261
56454
86385
83413
55010
56336
31820
6591
59742
24518
73578
31300
71718
89666
62353
52132
14972
70158
87831
10322
11715
55922
27823
88169
20613
86275
59381
51076
66721
81293
47124
82522
62922
73693
12028
28340
31515
77409
87636
64845
6386
3686
33350
22203
34599
31240
7454
61873
4132
92393
79232
27350
95122
49086
70321
56338
28631
98215
62800
68734
96955
80743
39870
78448
77394
91056
68377
98025
77637
34012
20616
37562
82522
22985
3935
8029
22571
5619
53570
89373
78821
97508
46944
74327
2061
19773
87400
13836
3372
55690
99708
33300
14609
18901
67889
25643
63815
54902
44808
43542
62862
9429
84235
70119
71776
41669
44827
72136
45150
62291
33767
23011
44645
73427
89913
99447
33799
65542
76387
57621
3656
54540
94652
21947
34304
87316
22953
63621
55095
78292
44213
67669
60811
10027
26510
69392
13272
76825
2551
60392
74945
15263
68686
41080
21923
76696
88655
41182
28987
68442
91844
98273
78515
87187
39886
8322
14776
62288
35814
84460
18716
81206
17041
66858
18078
66097
62200
34617
46916
20521
86175
56974
62990
15995
82675
88393
85854
53572
23
57607
98661
81770
34633
86653
86448
45939
89154
73623
70140
18187
54616
50983
41010
18091
41675
93739
98221
1827
23002
55825
14496
54037
94265
8466
82266
34869
35282
62520
4512
51493
22467
61203
62264
78207
85799
36945
46572
30388
80410
72138
76943
88576
64476
28729
65904
35191
15964
44899
74319
88936
90171
84026
30570
44198
43110
44623
87504
26166
4386
51578
10657
26634
69111
18647
95719
93412
88718
62802
32291
4730
47166
67833
21417
50863
78881
25919
89560
65536
42561
47074
18905
90383
88201
15576
61322
38440
30633
18066
35096
41175
49441
20405
26001
28832
61481
50309
19465
45829
33009
72492
46473
53161
12607
69588
41769
22337
62609
79706
65316
17191
55063
21968
83605
57311
32672
20273
38433
53535
57324
57278
62779
70652
27705
91116
55289
26761
41831
92585
89382
28572
6454
43730
32527
70069
601
65744
77775
18612
73806
38984
75831
50926
52749
17905
86112
27473
36800
68689
96159
41207
11876
65929
88505
75730
9712
75821
25455
21491
14299
15008
80505
70024
90323
36744
10737
11332
89440
13535
56710
66927
42498
19820
79728
18340
81447
11852
17902
9800
5004
27816
89960
73142
96425
48175
16696
40524
55225
56797
60356
24780
40288
56283
4312
58798
58478
5806
60603
16005
7168
74779
38032
23264
11979
29232
98708
92055
86201
70164
94282
97859
57918
15654
16487
86483
25047
7363
73599
42148
20047
70212
56106
32643
53178
31929
26638
86215
15507
20929
59862
75640
51249
1896
2632
30224
89783
66696
61163
67193
49467
24640
54323
85061
62514
62496
66861
24634
39796
17829
33751
51114
32207
18455
95957
36955
18673
5389
70085
80049
2593
12493
76547
65271
10302
18641
46610
56022
13022
86262
96699
58350
46200
6406
92680
95407
15888
71045
70128
90681
65068
2004
46418
97678
87178
8747
43432
32794
5938
65676
11550
84394
96610
81113
64600
36974
48092
89052
74758
43872
15886
10839
11611
53533
21130
75400
4914
25801
25774
550
21066
47628
35260
79403
14981
588
66074
78869
78092
1554
75208
13815
50083
47345
74712
12304
61740
65086
41805
55706
47314
26836
96286
26255
74795
54228
90392
92885
76548
11777
3833
17631
7020
5387
44610
63922
49133
17206
66132
64011
70899
69223
10959
73203
68663
2070
60755
64266
78821
8825
13660
39827
83995
70067
53235
94230
51341
9005
4608
60752
10195
73189
2320
66315
97721
57577
6795
44695
2734
10789
63171
44533
98954
77794
84807
78090
15876
23082
57591
72724
93472
26125
14063
67723
98117
64006
33635
36952
52152
50380
12581
40128
12598
5379
53815
97710
66902
44644
75482
11086
95275
16060
61531
68032
45654
69126
40872
6201
85260
75144
78353
28258
51413
31883
67280
84069
59125
34597
68197
33715
23941
69842
92543
52354
98207
23042
31935
93575
23978
87096
11188
71232
47600
46505
77449
77412
64594
46031
22069
28990
23133
27434
51692
77007
72026
84322
88715
80714
38098
69745
38584
32305
76446
41767
87144
25432
23516
9176
69824
22611
37191
47296
82222
98163
63956
7121
80658
4908
54434
89867
19475
13093
12528
39206
10581
96507
18150
15536
80328
13885
34327
51220
55476
54233
48511
78882
94785
5832
59360
52016
53895
55417
76207
99457
91799
75837
45212
53528
13050
64905
3663
83806
26279
48230
50269
25491
19777
37239
31186
90636
7282
7979
28848
55938
88284
85971
91820
27989
49651
85074
12335
74825
45547
2418
35971
64058
36886
13070
47407
34744
51295
64621
2486
15422
10221
50520
24940
7245
3963
23020
59105
57545
74646
68723
44734
45915
26568
20268
11173
5828
84016
17222
3876
27976
52569
28838
38259
23861
12258
86211
88604
6706
89831
96441
39341
42660
5493
13425
45717
37763
61030
84574
24025
26631
25968
54789
179
76823
57684
90055
37489
16617
1897
41579
50727
34072
60744
74509
62852
81383
12260
1079
94986
17751
34416
52398
67713
78205
29382
2073
40422
13142
74551
73409
44797
99442
93197
77245
2007
97779
28658
61435
66177
22202
48721
71986
4809
48252
45714
5269
81915
30983
50572
64333
25502
59950
89587
6273
92214
73569
87076
21974
47441
55610
49633
24346
42066
28487
96782
51284
40875
83498
72502
65072
52724
50825
34902
72783
69030
62429
47589
19461
32490
24113
20157
9438
62570
10217
47906
84847
9854
86923
85030
28437
10703
6684
13994
10566
72569
24374
29920
76321
51470
94429
64393
98416
58481
85499
11609
74677
25048
16803
37243
29785
25979
67614
89483
23328
35452
40195
61776
31849
80581
11935
41429
53952
98468
44064
54369
46039
36830
24335
214
44655
32509
71268
67991
38060
59719
21740
50956
77070
98607
73228
59798
93050
49679
55245
2458
43089
17201
90666
75114
32373
62598
98070
95739
39534
53000
10441
99948
14417
31130
65569
37847
712
16589
92588
97276
54711
99622
51423
63608
13711
89239
84706
33241
7352
52136
48378
4273
43222
41606
11279
28838
46164
49221
67841
82057
34438
75528
28456
85060
49278
21791
36539
45939
33038
35381
59086
76461
57091
57969
47746
43466
65778
27057
61402
43134
77891
64829
88386
87398
4621
6168
56726
72810
19851
36731
91682
51490
48748
10530
62837
79183
71165
66362
14330
91919
52699
38766
203
71971
93049
71917
47181
85253
93859
67812
63059
19107
87819
24706
4165
69608
87141
41057
80438
43110
65065
63728
26088
96306
43699
7596
27713
46560
95131
68563
72300
99415
12726
69482
90434
39124
64626
16415
94349
32704
58986
71472
78951
52038
73671
72575
63671
24041
6364
93228
92041
30108
85923
71220
26854
88971
12678
3896
28272
85453
44203
621
90121
25296
95511
63644
6380
18336
34272
65040
4982
70725
46708
47734
84123
93592
84777
74049
22634
71124
43924
3672
40195
1902
76521
42192
13491
41506
42628
1462
26446
60729
88143
8896
88500
58365
81351
53654
56526
10027
66194
45334
89768
41323
88245
21315
83399
38189
87096
33261
4194
38629
81262
57148
41528
40530
60425
88219
48774
53319
50152
64874
75708
32809
38594
44253
82582
37812
59233
25758
12241
31122
17522
12607
4929
98590
13904
98871
13656
55206
58792
75302
54409
9366
97268
87817
79466
30995
67367
47970
97939
93131
4880
3207
59874
1320
69625
56958
2729
43992
38732
45587
78955
61338
21019
73072
21106
68655
52218
42938
26626
61553
74562
93568
94526
74850
10464
66342
35541
50777
64786
51587
70444
11263
27819
19109
26241
14314
52732
3608
28964
56945
96142
69664
16473
13205
96347
93071
88346
24195
66710
10811
78776
24429
21343
36386
18569
11312
8681
85024
90855
3283
21417
51951
79205
87145
75143
67692
33519
1910
46830
6791
15922
48609
13973
69681
65410
4897
77095
81321
78503
17393
77995
11345
84066
53974
72811
46015
89919
91432
540
14929
5633
67708
12753
25681
35527
44191
90458
29327
38061
28655
59551
86436
77365
59919
94889
30166
10456
51662
70975
13671
34217
27360
6521
73462
25288
10072
67884
25230
14334
29128
77772
42086
1369
31901
1158
48213
35856
88291
34153
21219
14439
47767
43259
49848
57841
91558
33980
24147
59085
42644
35558
38257
20457
86868
80712
78272
61187
39291
393
25455
76306
65228
14993
8933
50882
17465
85066
45463
58760
46675
94310
22164
17508
49756
99232
86449
84101
56673
15620
33729
76091
43737
66145
71689
93569
39514
21628
14501
51189
22886
87026
96565
87898
8697
44912
49211
32773
34325
98965
40376
6491
88516
65386
12409
48334
13394
20748
70701
87636
94262
94171
4514
23670
66664
49363
32569
99083
43304
15364
11368
95836
70565
94274
35874
59648
97744
34266
8810
4843
50021
53676
49775
57707
75244
27237
87575
78350
53735
23354
80174
18765
50927
26864
56926
28714
82512
72894
21234
59334
12343
50128
89469
18960
87597
44539
35926
94242
29512
52761
50590
79128
11937
65857
37615
40586
44395
46806
48426
39426
61788
54218
45347
19950
35189
92602
44909
43701
37348
7159
77136
24849
13032
49476
92499
99893
64207
30814
70110
30704
91311
93333
48838
974
72764
1046
6828
85069
89249
16339
84318
35706
24468
81807
97546
58125
4780
69518
83770
94994
99629
92224
56894
22352
75624
25740
66095
62461
73358
37721
76379
13581
76695
17721
48115
68455
5380
44373
47185
34143
85774
59840
54451
21008
22840
41429
381
31224
51930
34374
95112
94688
47043
75116
31074
99086
36439
26485
25349
47023
34950
44366
11711
51527
39960
70737
59011
6746
33691
29090
52744
60406
22333
49627
9220
39789
37773
35885
99511
34195
25358
34870
10530
38983
42609
81691
66537
1579
86647
49028
32015
78894
19024
161
99192
41407
48129
2924
81047
52103
82418
93635
97533
22839
81629
34706
72354
97416
65895
91285
61313
553
26973
91154
21665
79
33836
72727
8918
58269
4200
57431
20099
84662
97075
73850
41382
22171
50435
67812
91660
34849
54838
47408
51776
31723
37337
87690
57353
7902
9336
69121
35683
95362
87715
31462
51920
27870
78496
99112
7571
75401
94005
22778
47902
24987
73535
12870
25764
7779
93324
50183
46981
98082
99624
26464
45715
79565
39377
89941
62741
46145
15373
1015
48932
35079
21748
24737
96947
65612
21929
13511
43675
51322
60241
16259
40843
32059
99505
26789
58187
24467
61926
49574
14578
59153
22139
37600
95737
61251
85747
72355
88492
88554
36370
61425
60027
92990
73845
12823
3238
48798
15923
60151
85850
79812
6508
95658
37841
83365
85620
13655
80059
12588
31754
38274
84219
65799
86436
89779
12939
84147
28999
35695
79865
49573
25019
55120
14951
98816
56231
47853
58214
86681
23550
9388
8544
1774
63723
34766
52644
26480
99759
12372
75631
72091
92295
75904
56800
98096
77206
94227
6553
84065
99884
19091
19799
80227
80286
36276
54792
51387
80707
39024
27133
37767
55441
93378
89037
22365
29729
82444
2076
51670
37134
86458
84387
16627
60064
7773
57277
49115
98319
16855
21610
62003
41300
74148
86797
4459
89589
28316
21488
27446
79973
1257
45773
60735
85238
37864
16650
98917
86866
34435
68366
94761
92151
54883
46930
13426
34703
3171
20163
72512
78999
5677
53068
63852
17414
65129
96466
81292
6580
84578
32775
1413
60956
74629
71696
35877
40684
23652
31388
22199
91123
58360
62248
63884
48488
26848
69852
86416
27217
73371
69755
86417
8152
48976
48447
74295
48188
81921
43320
20108
41397
35357
92336
2288
1659
66953
33804
17522
83186
11052
72741
11050
71783
97964
81388
20639
43429
89183
15363
90565
95277
10050
54074
33209
14822
46358
93260
11980
26181
97400
87688
58763
80332
11280
80802
55766
66023
59960
62224
81535
93044
52329
3230
16164
629
58705
14634
10188
67587
27808
30866
59004
66558
52755
24830
31347
81282
59127
87465
55301
73692
21824
91341
85786
23364
13977
30718
60502
17161
25622
54615
83468
26959
33827
97521
42948
6819
37909
32579
56117
31723
83071
44393
98372
66533
28683
92205
27576
86449
49454
74483
6896
72495
6923
7843
71219
60988
17443
92800
86652
27986
54131
93026
41965
73192
47398
32045
32730
55234
81882
24527
43372
26547
31348
23578
90620
77431
92968
19252
94680
21772
3141
74053
67706
51138
47719
10973
20035
25983
26301
81959
89376
45108
45927
28130
77591
90044
2428
25179
19135
96637
59474
72342
4566
24927
31110
80348
41146
83345
17222
93788
68019
98190
98120
64879
24844
80077
25320
90826
25473
36424
12010
6746
28933
99922
35151
98263
80619
3217
45986
575
75003
67788
117
98042
62298
30799
69487
42779
20028
67370
69826
36690
8761
32512
13939
91185
46988
81047
3285
97513
64724
11601
99706
82711
84627
52727
43409
4643
89776
32846
99729
37929
37358
16646
18785
231
98073
78
2581
94045
10590
82540
70797
58102
66597
75319
97985
96420
85982
43965
51275
99571
99932
48473
35851
63401
68081
17405
13414
9570
87390
64843
53002
87181
67641
31897
99332
92114
13727
13708
93111
46909
78466
9240
86922
82183
40804
41604
16113
9308
54741
46988
18660
45810
81571
157
37996
88885
80795
55384
32149
80667
86664
93010
6654
45747
29538
83616
90460
34699
75987
5870
82693
72274
50853
4365
21105
90691
61550
53667
22596
26476
1292
4105
54828
40401
46182
7191
5610
67483
93900
10446
11319
58342
81558
12443
60245
85455
2586
41175
52645
57188
51143
81413
33321
48870
64295
46386
94957
77205
79051
47305
27335
27127
32787
5672
79375
82558
38181
66252
99564
22346
78005
22977
40798
65540
94551
24350
90715
38409
44120
35650
88105
20374
1021
65408
75333
19878
70784
5958
76106
99796
12234
28405
88432
46595
83111
84191
25555
75885
33068
77686
47273
36333
41611
30299
79182
28166
40614
67780
54319
39944
55670
56547
33084
43400
59199
6960
26106
67378
30339
59496
11773
32223
90145
99768
10111
49599
34544
94203
82429
10359
98795
14830
5341
66433
88377
51771
78763
70721
86225
47166
79263
3004
51638
36162
44125
55687
95321
45031
87395
76150
58085
58176
45545
73571
65913
15049
46187
41842
20188
29583
93621
46411
85351
43959
41148
40840
51205
66651
55023
7427
28197
55384
81152
83172
80233
8769
80585
53983
55642
54424
54278
89513
6807
6279
52274
40619
69284
31770
520
73328
5583
36920
50533
56642
53544
32852
17653
7678
95013
3285
4481
28670
90007
79968
47952
2700
77023
62373
93338
57143
34463
92204
86200
65763
75304
4108
39604
79071
91684
529
71555
19435
66130
81695
1843
91277
4850
24509
29627
47381
91116
72906
58969
52357
49942
25608
99505
26839
58326
49574
63595
6911
38431
43376
38864
13379
50720
84769
81338
49436
93247
38581
15994
94484
31729
85046
62539
8312
78124
56675
97849
52513
32745
45957
66026
61556
33235
33842
15821
49695
4602
12765
20745
42110
36934
64644
81003
22753
42830
88464
40556
20080
43171
80191
54133
52535
56912
64485
20627
64896
63069
91192
48714
1651
51724
11081
74166
92474
77350
77307
80144
16877
68948
31642
44833
80482
17835
73883
57549
67085
4042
39785
65482
89659
16118
77768
9342
52553
91823
13491
4644
68749
13215
50925
86626
13410
64050
19094
90385
25852
90477
88528
45403
65522
8320
23679
51132
11528
35357
73650
34699
83028
6935
53542
60853
23283
25710
59055
85532
73955
1738
21612
651
63858
72663
11394
3661
18022
45016
31423
16432
98741
83498
31697
76607
15513
94382
99960
81339
92438
26635
97814
17195
18173
78791
21615
61814
59673
90071
63342
87699
4994
33561
16429
24113
68864
87877
81544
92859
96926
20017
33110
66511
3934
57217
35957
99530
75238
76934
45340
28901
25750
77715
93093
47320
3924
4417
82477
85066
51047
49579
43988
27951
81674
43723
11437
65180
67068
7583
7742
27635
12837
7100
84412
72421
93525
31302
13260
60955
42834
22085
86576
82738
44731
34440
61949
27279
40467
69109
20188
64447
5399
96477
41811
47347
76029
5158
84837
60210
45779
70777
32462
67654
69191
17704
16064
18649
93303
20672
53794
72622
91156
21522
42232
28962
63002
61249
83219
47233
81773
84158
24712
97958
87394
43295
22235
16359
65289
37065
96391
88366
46465
53050
15175
72056
89623
18921
13547
27026
18376
43300
33976
19794
15315
47566
73291
83877
54244
12849
84344
14779
21939
37604
78437
61621
46064
34503
80260
25896
95469
99704
53360
56237
24280
65427
26157
38106
6346
70176
39338
44080
47702
56193
28856
38473
50182
4917
82643
39827
70003
38358
62114
52439
52721
81612
66427
8861
74612
53554
25991
55119
38661
87650
31557
18672
89940
77738
95513
49888
21409
35184
77530
84068
73510
40263
67077
65745
8747
39963
11438
41147
51860
40432
55892
57111
37589
920
3515
42668
98999
17296
63493
52792
44185
84219
5419
60051
24635
10184
48533
72444
9404
32754
18418
34819
60827
78046
78928
12457
14534
681
113
34648
42116
84844
3259
98229
31757
74446
81082
89019
74222
52844
50888
4113
71691
24738
39883
89291
34844
7025
41109
98563
91430
38994
31743
19105
22014
21073
96284
59543
21992
91058
28134
98317
17182
28844
10675
59340
80959
7189
28294
50189
29102
59513
98221
56559
81866
14304
63128
36088
38163
89637
77613
7508
59571
1550
43218
3122
53101
84154
76215
10684
78162
21538
67027
83164
24710
52570
86931
42846
14063
80542
8331
27654
78731
90920
69461
31917
40773
75183
37238
7709
57945
60195
21380
32354
13444
20625
38745
15632
85626
7553
6239
96805
30974
17609
72027
7563
92486
15056
31848
29295
27373
20281
22024
57620
81305
49958
28777
68651
32089
11301
62348
77917
46915
68505
52739
17966
158
34672
69719
4085
13825
71298
57220
6509
74303
11526
96680
61121
18892
61897
39430
25716
43335
7943
80336
37663
38171
63760
51049
63486
91847
70094
83543
74325
45204
28321
49890
62468
64870
54061
7404
57814
45336
27763
15470
56074
63061
15515
83316
69778
53277
67655
49758
70191
71870
36632
34582
38971
88169
15075
79795
36398
83622
6233
12237
43731
87755
82894
61304
45981
61636
34211
96251
64831
54493
81616
80380
15572
92473
24261
74601
22655
80443
81271
10208
24192
20335
13351
2454
8572
93739
10918
74299
49795
74265
71006
74191
39102
15525
71739
68318
80166
54210
37334
8142
19066
71404
84927
15697
90253
56251
19010
46498
63908
40473
57139
55955
2351
96025
88044
23395
74403
80439
52732
52242
50717
59912
46456
90565
83486
7425
41277
46
20734
55942
94435
68444
43108
73128
91142
52787
35408
97653
12201
52320
74729
64420
10390
9321
17126
15051
71840
43077
27480
48343
93915
99727
1478
85092
57424
59153
24948
94361
32211
82828
14974
18964
25763
7965
46038
88694
12846
29222
4882
35257
87987
76749
68238
411
77513
86297
49521
37134
73439
68435
35585
98199
72565
72391
62027
94708
66966
58016
15704
31988
27839
41046
65442
29372
37346
55764
38656
2425
63283
28431
2204
42617
38194
92223
60355
17165
31488
1066
7578
71127
9632
87814
20922
63775
47243
16775
46399
53372
45938
51330
21728
54830
13518
72894
7417
46941
11306
38865
63065
21748
47640
47096
73851
45007
66231
92967
60004
80341
12035
44862
63219
65899
50437
44576
22356
40025
20124
1667
82129
20570
9365
85284
56486
11953
6703
47374
29098
65300
84806
13414
5858
92622
38001
85829
23486
62535
13962
75914
97544
54275
56770
66057
41336
1076
88110
55828
4392
68941
50537
67392
26816
9639
56736
42494
12382
62356
90609
61898
38304
18857
63869
94704
95534
98621
39003
70597
27897
64607
21090
59821
26062
44209
4123
27853
63800
43307
43947
55410
23842
50874
42981
60156
14762
17414
86597
96218
35886
95506
73447
61129
71925
52064
37610
78686
90406
62066
70523
42715
62072
17513
27930
39785
47851
90716
41329
82606
5515
28882
78693
69074
18409
35199
38055
87430
75875
3713
79941
78120
12024
42785
34710
32390
91160
59960
87895
73997
6599
25436
37447
1734
72784
1232
93338
6329
22943
3196
12304
24045
76084
3990
90703
7003
16813
4372
42720
36726
14009
50180
2810
86692
82124
92402
30690
19287
82802
95540
48624
87890
2821
67331
76006
80078
91435
76959
96289
17176
41860
31726
64486
72679
91408
55896
2035
8033
52081
27707
15577
86788
17240
51168
59988
56419
22626
50754
19610
80382
70541
74051
23526
27403
54571
24413
21223
8753
27983
10624
15567
39853
8082
25543
94866
82282
85693
30131
95284
26228
90366
22656
67205
55094
79962
61836
70650
51653
7342
19587
57452
40680
57349
15907
46635
67809
8199
37083
18107
66994
34672
93282
80050
41457
12140
75723
78705
91696
56302
77706
70726
92494
55469
93381
90015
47884
6845
68431
47441
92735
53763
69570
1410
8396
53171
74886
82504
92174
78908
27056
74082
48610
12023
28290
91556
97084
42606
25747
42954
4238
83130
78953
95350
29636
48860
64957
85211
63967
25891
98750
60963
39768
89642
25372
13230
65101
91871
71653
88286
37253
93219
86530
12788
29245
3623
22116
80471
27179
1825
92931
5277
81098
25477
43202
9604
74809
74220
71774
59535
88213
89675
18537
66283
80157
66093
34314
58967
86650
15059
26454
5212
70952
37461
5701
11019
96599
66165
66105
26013
26744
84486
58031
62141
32960
93472
79864
14290
46439
15767
38421
90881
20097
12118
72
47577
74681
20247
32630
63151
69308
63148
93820
12119
75370
87718
34324
43636
19776
32183
13005
8644
8114
45760
32791
3727
31644
56396
33322
86684
86228
20023
12528
70883
76638
35573
85115
58834
37388
58123
36337
76351
33534
2953
56705
63595
90665
45911
86770
45241
59147
36228
94514
14255
2762
29776
82766
74336
79326
96345
15933
18285
86925
45945
76922
49284
50619
22937
35481
39796
2603
75490
6248
61652
95845
36653
75109
5160
89055
69195
13062
85732
69625
88081
27537
50000
25508
98272
68121
46861
52807
10778
79508
41043
42189
18052
89426
87588
26030
7420
12976
67728
10429
46973
42637
83657
29979
32862
18409
66108
54667
77605
85281
10130
83283
30200
48659
98843
18408
26922
23775
52347
54816
88620
86989
91825
95981
65204
19462
77793
47226
87521
79130
81635
56219
45333
75302
22651
45443
43879
20020
92646
79862
2012
92194
75201
25496
69377
57760
11988
69392
90583
69179
99108
83644
60628
12912
21809
59984
50811
87676
64775
13399
40616
18882
67145
98475
3646
53911
37949
54898
26008
53399
74529
6901
31128
72484
52803
96426
11787
66329
26604
7444
7474
8401
56643
18341
80021
97990
95590
32421
53493
62667
94631
56203
55245
79247
39246
83130
25048
76726
21850
15466
19811
57090
43384
37183
94650
92207
52515
88144
60108
25382
48196
84482
61072
57331
5925
32215
62238
48804
18453
5655
58320
5527
1404
63340
58767
18325
51656
51880
33238
69673
71378
35061
44478
11137
87633
50383
65017
19460
23691
87814
45474
7446
72313
28110
14471
10149
95131
97914
73322
7031
20891
76243
58273
16194
57145
14283
55686
80043
78415
76324
40550
634
54906
90435
54004
13135
40003
49934
69698
55541
67197
42778
25113
30638
60180
50874
33213
73294
48869
48618
23194
53741
78558
26206
48781
95134
76787
28283
53991
73349
94696
84974
41045
47366
47263
44839
52539
81878
74105
1335
70145
45196
28216
17780
39833
78113
51130
27634
56013
6271
81069
82392
31173
29796
53129
86808
22076
28699
41653
58870
36347
11720
95942
96348
60844
82223
1732
77746
83374
15341
98334
51335
99188
47534
78473
77997
25525
60777
86373
70667
44003
49153
72269
47720
92279
12304
53800
11248
94237
60454
22763
23840
40224
15235
64988
58425
49254
31867
56936
57610
76380
73384
44259
40672
7936
29734
83203
83639
51323
75132
61283
61299
42326
70986
14866
87193
39450
48222
4068
48539
28423
90484
83509
22919
92578
74494
11111
83952
82545
20047
28743
93658
3841
28763
94286
70619
4893
31597
39783
62545
29101
70160
59924
19105
99171
61463
81514
69238
369
77794
18975
1032
27798
8396
29186
85896
89875
21339
48094
33442
18623
99250
1093
31275
46388
67624
57458
13563
76699
44246
82300
7853
8438
41523
19438
58262
30559
64404
23747
31114
92980
41872
83583
4751
1072
27711
65859
95444
99576
8390
80744
83554
83502
6341
43922
29850
69067
28648
72716
31547
4005
67950
92539
56122
95494
11121
92593
86275
88957
70924
55336
25471
97591
16979
40462
76750
15666
96342
30203
18677
1765
62013
13986
68308
63502
98745
24350
2096
97600
89588
89195
1910
91687
92200
27109
25029
49333
27461
9257
89950
35117
79584
6487
28651
53053
55273
85962
66522
65879
67172
14183
72724
98445
54039
29782
41991
53964
24230
92619
96748
86771
90496
88674
99368
81729
53426
33783
5390
89870
15432
27416
88205
87085
40252
83560
22180
55525
85335
15255
8229
12783
57827
36217
30428
75405
16470
3465
37648
62418
85117
71065
25103
34842
12508
3179
44620
90909
7118
46921
99627
21489
80571
76652
50446
39755
25978
85639
58192
70478
7601
86465
68628
8974
84389
83965
28943
54279
58246
23963
65259
49961
96134
42972
4752
44367
2313
53362
74576
37073
38939
31271
48407
38413
15628
86740
32211
81175
85771
90672
49427
30830
45272
67169
54817
98652
2436
16128
50452
28543
74235
90341
32663
83154
81662
49665
25354
37599
71900
6078
37442
72615
11062
21118
31539
76329
38058
30214
93346
97649
51753
47768
68507
67573
74536
34428
4688
28965
88154
6099
41930
86184
2910
46033
62837
48598
98607
65252
56751
65962
61385
94612
9275
79693
53230
76812
19768
24153
35630
78487
60594
72221
22782
52803
76789
26467
21834
65090
8618
47234
44976
96389
49444
65800
64147
51258
69705
65029
58281
82940
77722
72805
73463
27383
36263
57141
38493
88814
14343
97724
14660
80535
93334
9667
45505
69709
63402
50106
69243
36370
26764
33517
56633
9517
20985
64996
45168
43474
15545
1972
7106
54738
65872
52689
765
87788
98757
95398
16540
19648
87974
33019
50747
10893
32573
64441
3054
39777
20294
94438
87856
19598
95785
21910
56176
44204
16172
63946
6397
71267
11972
95018
73268
12370
90617
59921
14662
40645
8901
57717
70951
68003
33566
49595
48396
93744
82770
45739
76943
56543
61941
5390
23180
21107
14115
87508
58953
43961
96512
56561
71615
34811
89001
45273
7675
92955
59751
38376
20276
72652
49779
62409
30875
62576
23486
19853
86032
46190
73514
62432
61434
70432
87003
49853
9325
6582
71838
52161
98254
3109
967
70700
44132
52340
86101
36140
79002
88293
41919
55440
33993
44393
25463
4290
6764
99532
74514
60603
97620
94262
1475
12762
70447
34080
95126
1183
47808
39147
35947
1093
21117
7589
40121
17167
71684
79078
18276
78535
76475
87346
40850
97738
4271
18074
28439
17040
44968
82712
43088
9792
32067
11234
54541
3991
1633
88205
253
10052
57213
84917
88332
39854
52345
40825
34322
26403
4272
8296
32606
27686
81256
95979
84128
10273
53412
3737
8491
52373
5640
78085
56215
65095
96058
26155
69026
9883
53048
36129
15533
83479
78824
8224
21321
91557
99014
995
45393
63445
83751
2036
12768
36672
50105
15402
28535
36088
27106
44267
50579
97896
79713
47880
4411
79128
28702
23236
43796
26189
71799
24439
73354
68142
92762
49127
48861
73032
74657
92571
11258
52416
58343
45046
68621
3604
65317
19543
14989
80656
97619
32938
82776
8781
85549
17637
3765
30944
3812
42193
62854
75778
57199
19203
91645
59312
28682
44625
43909
978
66540
55503
61430
34534
33008
98163
39552
34667
79258
806
13810
9159
8246
63140
28570
38861
41662
64572
82593
75125
45361
17917
69219
32463
29717
35480
95216
39139
53400
9309
74922
20691
75633
14011
14115
42115
71507
48241
75773
87385
78084
69098
51686
3006
28382
53694
67531
94058
90633
52784
17649
64109
62032
68783
55617
48623
86284
28967
4817
97527
2947
413
81266
69949
25884
93119
33525
94235
49024
86454
67354
93420
88799
95207
97040
76262
66231
66212
4080
76022
67948
1158
48506
616
91659
10812
58658
6849
58393
65492
55830
42540
43424
78245
84438
77671
87832
81736
77122
35263
20168
73296
45033
4179
85430
24228
75310
66824
71743
79354
82391
20072
24886
28795
29579
1789
51906
80650
78290
15071
34460
26676
35841
83531
30623
24813
49996
10554
10769
19369
88430
84494
89090
68817
55853
94651
56124
44327
15186
67430
35502
91833
35106
79039
83100
35758
17654
14628
48665
82649
25764
7181
3445
62050
802
93492
37455
61501
73555
60616
74232
64755
56055
52373
90924
97896
30981
56068
72941
34927
45664
7579
65464
10859
79568
42627
91569
56802
430
94864
7159
35368
61888
28119
93605
81248
81048
27040
68015
62361
57196
94622
70771
54569
93198
70747
35778
82733
88114
85204
4777
61586
41687
13738
36984
18184
41717
92585
82481
58175
1923
80653
61070
78690
53457
38863
2867
27936
58768
9675
16848
3941
88052
10580
77731
51042
36808
10894
17661
8821
6848
8836
68687
15226
90086
45573
93680
48150
91135
75420
39531
88463
44558
9840
60437
76543
33551
92080
1112
54334
67880
7842
23964
78439
68356
836
73533
31106
36006
85942
81376
30823
74924
73660
51326
93087
11965
45843
88603
7883
45183
54716
36800
83348
70144
28384
59382
78211
50142
1188
17491
44727
9781
63327
40941
99006
84871
90247
46870
89250
72039
62574
12143
5192
94044
8707
13538
70898
58514
67350
64577
87707
3476
93228
9151
13163
71041
40616
8295
39971
41454
95322
80963
34818
68451
36648
21041
11597
32718
52319
8215
21718
98972
99353
35844
82608
42572
31608
89303
61436
14846
88484
19696
82792
36610
29783
41251
16553
54175
27778
27965
44255
81951
6899
47796
76716
81610
77324
36741
57396
87665
1941
38180
6195
59134
42859
88734
4122
57383
26542
70590
39433
51312
46859
25124
52969
75625
98171
98208
38667
95396
4488
57421
4940
24353
63960
39766
92073
51557
59128
998
65248
94866
31907
73770
12904
50304
13501
23658
93751
41049
37128
59169
27632
57187
88532
92942
35092
81775
94826
1090
83439
79116
98074
61999
83177
44519
33239
81841
95173
3093
96661
52565
98255
25544
5342
44566
19405
73088
12219
2665
62124
74512
4457
97618
58268
45319
29788
47752
35820
71018
4673
10297
56731
58037
17559
86131
96791
69907
90593
68385
17064
31659
28484
90657
44387
84563
60913
2088
51845
43965
73536
62004
69555
92160
38966
8926
74659
456
3731
37857
14730
85487
46021
24155
98419
86363
95834
40218
7984
19210
47775
49498
82495
43834
85601
30465
46028
13799
53230
73705
84405
27700
95907
91855
97481
42668
40742
64570
19070
8632
11472
96335
66175
52735
53654
31576
85638
4328
92237
58023
88728
20695
94103
32634
96190
24037
79509
25720
6558
8501
62897
60859
47225
30026
53452
87030
89580
54165
26673
55751
45621
31263
21147
99351
7737
51439
83322
29759
90179
54025
44826
41699
21561
95206
84976
63710
33596
63272
95664
73443
63159
15021
58011
10569
45735
50612
49110
36149
99283
66624
41996
31472
77655
36486
12402
57464
99547
94751
24897
44751
40715
49750
35541
52533
63674
21198
39298
52018
45050
89741
53433
26308
58501
53229
92591
30599
73252
10578
53616
57125
2329
47173
30475
23554
12029
13354
64044
85074
82803
27511
64162
38844
38374
50913
32728
13409
79479
5477
46894
24537
11314
97091
91099
9541
13191
15687
72971
24425
43894
81803
84212
88969
41135
67771
42421
93541
19274
11986
40504
50320
57153
54224
69214
17538
25578
14588
87933
7587
20501
79182
51119
67774
63683
29079
45811
5237
56073
20933
10363
96341
40382
39619
41179
1000
43298
75193
97709
70602
8491
39186
94134
67493
64973
96573
67383
57090
27876
73560
83962
98602
27754
65383
3924
64712
30683
16438
25286
12055
21960
37183
37467
98340
1623
44163
9937
17534
13044
68213
74240
50385
16879
17330
99096
81314
85047
83626
2800
67109
61696
88721
77360
82513
36970
11761
68587
74999
35694
76467
70317
26859
49907
85654
48642
71307
1718
95794
65869
20810
86636
49849
44045
59663
99320
33577
81722
10423
66287
22609
79664
47056
13637
58176
50359
33239
59823
54954
61369
89862
75575
34938
81839
36576
97896
47380
478
31225
68688
27788
79595
89253
17757
81990
80473
11847
44675
17697
83192
3393
30038
58163
8711
13085
96803
23260
13222
91730
35294
15402
11484
46763
34425
76007
45234
51697
68009
7469
61766
51940
33098
50497
41735
38499
43014
90411
29299
31646
77703
38512
88564
42125
71762
57975
59823
17412
26226
68754
39773
74635
34157
8748
95930
53286
16303
32831
54828
41749
36756
28775
43837
37205
55931
31251
70295
79540
16428
70212
70070
6391
93961
81575
14027
96782
26837
69359
75001
76449
16183
27822
25471
99255
67696
87130
17782
24349
54567
88448
22195
10182
35583
87549
94890
48927
94674
51358
86193
40510
87680
80283
983
56013
98683
33381
80674
52582
94720
99147
26448
46944
57829
78378
25566
8934
3303
44581
69509
68800
13468
45945
24973
27979
48017
59887
70808
6411
86684
65100
2107
75478
83165
34491
88769
35900
26838
69458
571
34314
6456
65200
29629
55419
62000
75251
52352
57204
61983
85956
45623
50092
81849
17393
27041
41734
55309
73003
7996
38795
62572
74263
65897
29620
97039
50969
63778
23338
89609
89666
82095
33845
44009
35194
62343
48268
16316
69554
65979
72765
7535
13603
44428
728
19476
52014
93629
65772
7449
47035
80590
53835
61461
61776
71742
32193
99302
8
58379
11030
11473
29014
67595
72317
3861
11778
6082
46654
55049
78773
25417
85755
7023
35230
31260
48968
29835
65169
10144
45024
57340
98006
15889
42574
9075
28259
72383
82233
63452
30150
48965
16308
11174
54949
61292
78520
46008
72110
96867
7698
45932
46975
10722
28676
21617
94835
46811
26231
30515
22773
2358
34133
89864
13354
53690
13466
13125
25021
63241
75601
39394
23849
83201
24899
29807
9109
74580
52074
73938
52739
2960
57724
68301
2446
99092
10364
87284
87212
20957
14239
81448
46152
51717
40679
27792
14831
26443
97820
1259
47825
65395
20987
8868
21266
68303
22082
63774
85823
98868
12507
20254
94736
52292
77776
19812
44633
65832
87417
14261
43325
26182
25912
4064
49001
94152
93241
72131
42521
97106
14975
82665
76760
50815
26112
87343
81972
48855
47035
34142
77010
46590
1460
88343
8449
93985
86711
93859
73941
20866
83158
48999
39026
83558
57934
21642
39482
16923
59866
27113
75062
49950
21252
88716
83892
29841
43494
43921
26180
90432
37840
95778
18796
53275
37251
96734
24721
37568
95614
55016
7441
99381
98190
21655
13947
65976
43639
93202
92881
4469
47861
65049
88988
19922
59079
27059
25338
12744
4450
78607
50491
42789
67679
83508
83026
87380
30203
85750
46306
61199
96920
1913
21308
4850
19671
75680
51760
99596
74768
17916
86202
50291
51040
21710
42571
72790
6789
98873
94195
10192
71396
11977
33118
17007
4525
64651
31702
14681
38629
26566
35772
57888
46895
31681
7548
45947
43740
84138
251
83398
75298
25741
37975
86534
92405
199
91749
45968
40937
10235
80591
31329
91554
36114
89802
84943
68795
4301
324
55019
43978
37078
60967
48201
82143
28313
3395
19358
14161
96624
29050
22651
98622
10796
34893
45654
74002
46583
24602
4326
72902
85733
73743
28393
45975
4443
66334
10781
41879
22605
77151
39438
83813
45231
39420
38220
64773
89773
4390
64091
96803
72390
31806
44313
81185
57939
32707
80757
1220
44147
10941
22211
79699
95998
82117
58244
63334
32573
2226
77700
61979
92614
77479
91556
19473
89611
38837
53391
71376
96673
80880
84228
42193
60510
7522
512
53927
29430
47208
88035
71735
85576
9560
97731
11664
54939
59739
87815
63113
81175
74885
32200
87547
26689
2112
4189
94910
40250
24840
91573
19102
79315
9381
4547
63266
26712
80018
19189
88475
81604
4317
33904
85365
14190
5964
76403
83053
79748
79892
64533
29872
51022
90277
90200
21788
48680
96681
15504
58397
3333
5601
13676
4590
55634
68933
92420
76194
5013
34464
84951
74921
40550
99339
81508
76858
40980
46834
73356
20724
25709
21136
15162
60357
60306
61701
68079
89038
19181
82759
14585
30031
64513
60791
85142
76003
90640
29314
29730
45257
13544
208
78039
45283
94940
89612
89321
51683
8768
13342
80807
1846
23324
94779
32688
82197
90438
53319
44283
93933
853
3382
57013
22254
19878
54920
10407
79759
14196
5505
86217
11666
17104
28099
7179
25500
43096
69879
65417
70693
72379
16396
80269
5838
1952
12739
6706
69734
28102
2945
85564
37321
85030
35797
44403
10162
43194
55785
25404
40020
79205
9562
37486
3263
27124
69140
84742
95224
87600
7187
39100
20559
87901
73589
21553
84457
23112
51174
20301
7139
48213
40673
51656
11251
19941
48895
26636
81306
83696
97017
82306
87311
44475
25397
91488
62817
78909
77006
78714
32812
27997
11481
82134
20915
63844
65005
49419
11440
14244
59945
87049
92020
35483
18264
91806
38532
57906
26234
83322
78228
42503
3435
11528
90582
24881
51789
76084
62504
82101
58736
5547
46106
72460
87489
79142
36731
58538
30741
47407
54935
99476
15196
67062
23750
9967
90285
51827
26210
33590
52955
4910
52674
93684
485
90308
24561
99953
91551
96033
12054
88921
86914
29338
55508
54398
40943
19559
47994
39122
55074
79993
27165
78827
28386
78752
27307
36373
87777
80615
34595
99962
49874
28914
29145
53825
52872
52422
71974
97180
54580
36778
66987
34707
35352
66014
12561
85857
11554
69352
69024
70726
3833
87087
78516
72962
77745
73847
65298
21733
63001
88187
12176
10935
61438
12092
39046
58000
193
1682
1525
88521
47584
50813
84541
18296
13005
92457
43475
62371
66191
41449
24819
18424
11591
63869
96128
62786
50397
56183
76079
79025
87124
50241
34178
66393
24602
56052
73269
23259
26967
54560
85664
9871
67827
80503
23141
53020
2545
60220
59956
85287
30372
2926
55541
21552
63368
93751
99344
97568
15963
76260
7603
44009
25603
22499
1396
97343
16634
18148
93694
56953
19188
20215
35403
11631
55785
14948
50597
31088
40728
43108
60240
90177
96226
90792
48653
84197
94700
12626
3024
30850
56708
75700
7295
50707
46957
41654
84268
45327
79106
25797
36385
84397
66526
3003
66099
10156
67522
43910
65766
48420
43154
68255
56840
72854
16019
17425
47782
34810
73846
17199
2643
4007
15123
62843
244
43487
12919
84696
64674
14131
30680
5269
51982
14930
6723
75843
23651
93223
24693
38496
16675
50789
46860
54604
87696
88452
18860
34441
34687
29531
93871
49457
71481
61906
23154
32378
69273
3682
2758
22611
97236
82825
79236
51635
17739
37884
16273
41909
66131
40175
93774
54559
10117
35349
523
51853
57146
60519
75147
11792
24627
78478
50008
35142
20259
81222
33788
90075
91775
74344
6570
19968
90465
2081
41260
33849
71553
95224
36864
49811
72179
76951
68309
94511
35756
39312
39339
36131
61382
71301
75231
8754
28535
90966
97984
18758
32816
44093
31376
36517
4096
26197
50133
91787
33605
73805
64093
8036
94089
66674
80300
61921
23654
25336
39612
47676
10169
55497
99385
80946
41883
97656
28692
20474
99113
97815
91433
99499
4097
22502
1032
27459
63848
347
45715
45981
26817
76522
60905
61951
75218
31303
42042
94708
91000
13309
85100
3198
51353
50308
8588
77319
44708
50429
94634
6439
97505
29659
92673
35790
82372
64594
3938
71587
65641
52841
98073
23306
79621
93630
20858
33647
94591
37434
5727
10579
55614
33983
29473
85803
12715
88234
48145
53789
13913
23713
82750
13419
5713
39275
48476
97157
83848
25115
79578
10624
27364
70455
29067
38159
15236
61793
23577
57722
29449
74941
82728
7273
44701
84054
50825
63521
186
6870
23074
94138
16448
50149
57673
41928
70090
84653
17593
40345
45153
23701
49798
69475
57855
95103
83214
85159
4916
91313
70567
50921
64656
90422
24339
38972
40984
75476
68717
21659
88450
84955
96971
76978
2041
85440
94175
77214
12782
87139
68069
30582
44200
83232
12569
5748
25142
13253
49418
49598
839
65665
58604
8872
36302
72153
29481
26025
25810
18700
943
94613
15936
95933
51894
60198
26730
72820
67434
72415
928
6000
72376
17777
23244
39984
6721
81424
77853
18591
13830
27731
26058
19119
20819
22784
26351
88098
40675
29888
55959
68149
51404
94081
86195
73455
14645
48266
31337
52370
79017
52321
45818
77002
48670
94839
93288
40826
85628
96317
65431
48057
48171
7218
4870
73211
68554
96817
75114
29110
33846
38631
32144
37546
16455
32778
54595
78295
31581
49788
25339
58454
50086
25482
39573
61508
81912
49055
70449
25980
29495
85524
2470
44357
64456
7901
19977
44186
89210
12984
4900
17828
73152
2227
18524
40386
20176
8272
60546
15891
40244
14993
9245
35839
70978
6977
97970
22688
67644
43361
91298
19498
26368
49134
99614
48322
36161
87787
73090
8554
12800
10409
89084
18597
44888
7510
85302
47859
6958
99187
41332
73640
88509
54557
85735
14502
76278
66630
73379
57478
9930
97288
76541
45849
21685
85401
91459
24018
2612
70201
4225
32389
35182
51992
3090
29835
25908
90647
90951
63467
21675
50111
15730
68457
2029
17658
30989
71811
63398
85112
72043
69530
14407
15611
98623
15512
33867
43235
96911
59486
16050
61283
45246
36757
94961
8942
38457
36516
51466
55900
88594
85631
75679
9911
35803
59818
81558
8083
43819
4027
54412
19648
60619
17500
98158
34694
17981
19571
53369
87578
95967
82672
93736
31465
47417
60391
4865
78972
73495
93086
79200
94473
20344
7497
96517
86412
93850
4496
79808
38804
33953
25784
99416
92884
5074
96402
664
27745
38599
60267
90961
18886
83146
63888
59933
5921
91894
44214
62494
75411
54953
2585
34587
50732
24826
59938
99304
53121
20982
11745
40843
13484
39762
14564
53624
70182
83255
851
26390
51015
59727
77120
40373
13228
2125
60314
11326
56456
47564
90596
94517
49636
42002
4396
83851
31367
91197
48683
68057
45135
97097
47542
6762
26853
19423
77476
79123
68582
10263
89750
22665
91042
17823
11479
15684
77832
62212
21358
48606
64512
48612
42848
5557
30386
17227
91207
71482
35365
30713
22257
78985
34571
32793
81255
53917
12184
70358
13520
93805
24649
81190
42744
46192
57814
67930
3474
31812
30523
88712
6018
69155
69838
76
3545
96523
54249
41985
76375
9625
28215
5994
43758
37868
88006
10764
88093
58249
36568
57561
3499
7474
48691
27552
23957
83321
5867
96655
47742
62456
13753
59395
40958
46652
24694
53101
9147
34495
29248
84731
99668
70199
93983
3894
65590
18655
37432
4876
58186
47049
79836
45225
95244
72961
85213
98544
20463
42285
76119
20223
90656
57593
94242
13918
95872
68820
65035
97105
13173
34905
1617
53598
29000
51836
57893
33299
13491
44797
61962
5302
45889
991
38468
693
82620
68527
64150
67997
61439
26150
32637
66861
58375
9024
94075
42074
75956
80064
8022
96770
53619
40326
91702
23281
45431
26237
16224
43407
15068
51913
85053
75666
80323
70816
74334
89664
19125
93549
31297
27344
4669
97038
35666
87023
2267
34756
95223
19976
57761
15818
57343
33426
36775
65192
51682
5562
9288
15187
55261
56383
52303
20743
52928
9525
41096
56971
86537
87559
34690
4410
22949
82407
48766
80677
92100
56581
4660
4678
21013
10675
31014
96247
85646
99249
94570
51626
38890
15130
19133
68771
80375
3937
38288
74914
75041
83925
44109
26141
45926
45296
48218
7664
85286
53350
92869
74936
84659
56098
73091
95101
902
4610
94173
44585
25369
56055
35096
53679
14954
89469
18080
71407
68425
65918
24035
19011
44118
73852
5635
8174
12472
78519
58751
75717
62457
23350
10961
32296
6379
19634
66967
82792
42038
24032
67869
75765
9764
93702
49544
18986
48829
90429
11186
56457
27216
76811
39238
19367
29315
73857
30817
10806
50462
64916
82628
22382
45858
18455
82128
2019
45093
2800
47299
95319
22502
35287
29368
44392
98049
48269
9246
50415
24308
86649
59345
22042
67332
2294
48500
85645
84111
91593
2981
32521
88817
56160
32330
77121
41404
45486
29907
91308
11574
47524
73892
46028
43129
15866
33954
91929
47442
94846
21318
81045
64611
80401
86498
63812
5571
60585
55050
43563
69954
96482
17908
53500
99819
14778
6502
66341
2956
52246
2988
52563
18361
17938
38841
76783
12756
13317
78913
51466
68339
56571
38203
89265
70275
21935
67910
8415
69661
68517
71550
80818
90436
86344
21353
15091
29616
20392
46209
28351
9363
67613
88972
95196
91857
68755
62684
46672
41560
9715
51056
92254
81672
3583
75223
13382
58279
28643
83225
77884
46867
98087
96679
34439
80695
22170
62127
32017
96584
23750
47166
92363
67108
50561
42102
726
67599
43006
97407
1519
59250
21237
66855
59946
17461
79296
99145
86852
11120
7971
56811
973
37167
68325
81484
11276
70933
54532
14500
69687
6627
30667
50088
17810
62548
58692
25146
31111
61481
74497
45783
15272
31235
81705
18633
25629
31232
36732
16978
1399
23024
75275
20896
88613
66938
46193
55196
98782
69076
30825
29793
13066
28506
27720
94892
28583
71149
49044
97398
58768
54150
68034
25370
36623
62187
41538
69737
55462
49691
55855
80044
34200
37554
13101
46662
31352
9770
61475
50871
16355
3496
26363
62034
30656
44703
32716
86766
3515
86813
90049
54480
82187
39334
58209
47248
54990
49904
84273
26425
25399
76455
99733
49091
13221
50780
95593
75512
15404
81057
63539
18812
9673
98172
81043
55272
27787
5999
94713
91919
29471
54772
66222
68649
59641
1375
97857
94865
79345
65852
91671
81447
25497
35050
25472
39899
3762
77271
48812
79875
49110
57204
71361
22457
23273
71237
44806
84014
58290
2937
19460
48991
55191
92353
96953
70627
10233
31084
89449
11846
52923
727
96166
49551
89386
82091
93315
74623
72700
41143
51509
50515
57186
14837
42809
72267
83410
43764
45375
88404
56568
13843
36575
76407
46391
42680
26256
33144
38097
54845
29666
72677
87822
36966
26952
48382
61037
21809
33071
41182
77922
70183
11313
17146
51427
68945
91804
40353
49543
24685
87217
66468
85708
1045
55278
39079
64152
19759
3160
46705
55835
60170
36525
17855
11477
78831
62693
20220
87885
94426
11230
61600
10693
4193
10482
86384
2529
19428
24980
77446
50876
85903
83600
13411
67628
63198
86969
86777
81688
87873
84230
41278
18649
86366
85347
17751
33657
93458
5669
72595
6251
71584
52468
55116
13454
25616
55775
81515
90562
68893
36549
44724
94778
25713
95829
69931
76569
23114
50226
48279
91862
75916
38532
12
10196
69952
42950
24326
18846
92730
52727
9071
13758
52384
71195
79292
33435
28484
99956
42011
7422
5453
96214
12794
51323
39505
46499
92936
90536
15415
41181
10543
43231
57390
80733
30334
33051
52455
44919
43502
82666
31448
62669
97831
16165
27478
30965
42394
54518
16537
36496
48085
23157
8215
40856
86409
79702
25737
48688
70690
23453
50014
33789
3431
51548
42184
65839
56367
71651
40860
46240
80979
83564
56454
59345
75974
42784
98382
96628
23844
8539
4104
38418
73999
78918
93096
87386
35016
16534
94323
50632
7313
3766
74228
20048
32652
97658
59237
46283
73981
61639
74597
70742
13657
70296
55517
64520
66702
48869
64881
43624
81319
29108
24844
62151
19348
11595
59790
24512
58452
54798
30822
39833
77327
90227
38926
77212
9335
36406
26693
78315
83546
52099
22647
62205
33941
33361
24760
3702
23401
28576
20683
86146
51652
50699
69312
78205
78922
12077
699
21056
37868
34725
87830
19183
30817
34764
93415
23429
31370
78304
55184
30295
22176
86566
60077
29220
6461
62639
28209
85986
86835
56087
1110
29876
34114
44675
88181
26627
20915
60721
98290
97258
35706
5636
40447
48821
64268
3463
31387
99177
39946
1330
72332
45096
73391
90387
63969
65086
90621
40092
71743
16282
83868
14713
34221
81780
33614
57954
85069
86141
46583
66787
2514
70648
80014
57926
94589
16540
46118
11256
64952
2997
31251
29031
46040
85504
83754
56013
56484
43726
80705
23095
36006
80823
88977
82007
13389
20993
71415
58666
15206
6313
18394
45246
52594
73158
98815
1684
65082
15464
95798
47429
18967
79365
75139
68746
85031
54836
68672
48716
98026
77600
1469
41342
5435
23487
30781
21691
81671
98007
44536
73595
45125
87452
96049
58638
84603
86004
76437
72881
86688
82070
90931
41020
47928
33276
4127
56640
5683
20231
96975
58553
52321
22698
60639
37605
4843
77051
39811
29106
42377
77124
20012
67075
70927
22202
2304
31514
83315
16501
84142
99026
78399
95790
62028
15956
86669
60449
93414
72158
19359
74140
16008
61440
1031
85983
21274
22427
26812
58444
53795
7551
46193
47330
30504
9564
62057
23855
70092
25725
30972
72613
73325
89182
36088
97948
80153
56530
60669
44683
50936
44393
83636
67652
9746
68236
61115
58572
66044
84944
927
79877
4702
24871
62706
76590
52833
31068
65285
52463
53898
62813
90357
67689
41186
46746
815
26826
25352
3082
5829
64744
61757
82128
7508
9401
23915
78540
37584
62268
48449
3485
57811
85148
24797
51095
67910
48454
26475
59497
45115
49085
91244
8206
90785
88122
54036
15947
26466
62999
67420
34288
33220
62961
79114
36183
18119
22573
17363
53304
52675
74292
93484
3016
4014
50412
5001
5209
42891
90091
78836
52361
350
65854
57967
56744
73499
53551
91343
19385
55364
7968
52074
74584
94848
14160
70265
94850
6033
88614
32975
45336
31091
73170
6821
70822
55601
88227
4191
40372
83121
48827
73055
36375
84163
15059
33938
67365
4994
22370
62683
64568
31230
97977
97940
44707
22218
18899
8168
89854
80147
10151
99175
54277
57115
33499
21269
27179
59033
87144
1142
85271
49359
50970
36264
6536
34912
15699
90421
79788
80222
2900
89855
83662
25930
68407
14106
33113
75230
62113
48604
36701
80058
14337
60225
72970
49652
18778
79259
50663
93789
6758
8332
17850
21227
77411
15208
80259
61713
91403
9795
6518
28478
28380
9631
77247
20295
15512
28346
88708
19392
88156
51949
96919
38539
64441
5212
35022
90745
63293
56884
16134
36439
39757
85998
73464
94568
72005
62435
48519
53198
33846
71399
83826
52318
42086
8223
51678
4705
82978
52674
34139
90432
90551
31270
5633
54808
11412
79310
56786
72198
80186
89513
98419
34518
93661
70078
88720
42381
36167
82678
48289
53077
79826
35510
85546
16756
68122
44600
96453
56217
53534
30316
7767
10618
22745
25701
45888
8486
80365
18655
83155
92694
5648
76320
73011
44333
72979
49307
58657
72007
19502
9296
68538
299
4385
81061
10605
55040
45724
88877
86686
66812
82857
568
18664
49870
81746
87800
11773
67959
24189
80233
62016
17512
99523
55594
47429
3506
62498
41212
43776
18815
85942
24445
36715
44237
61777
7468
6233
41683
15096
90847
62762
91487
31969
16343
9837
5079
57656
23140
62586
85178
37534
90698
47817
39268
47280
51026
775
48790
33632
7099
92542
4511
45100
67870
80869
58411
63853
74426
88092
74277
81567
70089
52862
33341
17471
70528
85542
83180
45756
42349
45849
39357
78626
58597
81280
95244
76627
97446
96957
10751
6692
57442
8051
7997
98305
58250
46387
64098
35473
51425
41225
83229
35047
88309
3611
67444
37835
14476
21796
76751
65483
17595
3034
91282
61249
53184
25885
86502
86590
85625
81784
66406
77468
77341
67585
24124
62038
44865
35036
59221
24141
21444
47706
94330
1124
62619
4309
90317
54985
13836
57408
62151
75650
20206
45267
89097
54408
16769
46747
45121
32364
59884
77508
49848
69641
74819
5761
57706
20723
79486
5406
92970
79439
62574
52610
44039
69888
8703
90158
98629
48874
35568
31516
72753
28216
19632
90756
57262
32074
78487
69716
45269
98117
89914
26857
64256
43936
97858
24689
26305
56858
46603
69593
75499
8430
64438
82711
13075
67596
1228
19208
45705
26610
48118
96247
96795
28367
4754
21631
50009
84062
48498
25632
42236
9770
60136
94852
89525
35717
88353
103
72030
84013
63853
41770
2270
65975
56017
64323
63778
36920
77681
89665
30845
59279
24010
18658
49999
93667
30061
35889
39181
76227
74679
42242
8359
20971
27356
65728
48293
69585
93186
77358
79243
1124
47178
61691
62757
6347
93976
30820
72349
40431
57852
13088
6381
58833
94786
82957
85759
41478
44853
95858
5655
52463
60922
95803
9334
21610
33411
81299
38618
90289
16029
94192
43734
323
10422
29720
12101
62319
55901
43651
99690
99241
63539
98749
18374
61591
35861
49526
26185
44399
79969
6815
24732
97328
71702
26779
40202
51374
52357
41146
72936
12677
92201
82060
24401
63659
69354
6058
48410
65065
70855
23440
85576
1201
96167
6414
88923
62172
77428
47743
85748
83884
55113
94218
10320
9214
69460
46406
28620
83643
89517
60726
9962
14754
70714
87012
7039
81479
74347
54714
92237
29803
1116
61119
73543
56529
21238
23531
1160
65288
37855
78030
73945
4614
55398
89052
57563
97982
71740
15187
94199
22947
77437
64767
75547
10129
13477
70822
30486
9154
99374
7444
87824
22714
55506
55945
82768
93993
20674
53790
87975
45929
45245
63332
45787
11487
86780
5348
59356
81662
29449
9057
9738
59160
60514
69289
52366
36349
85572
63414
43051
50415
93044
92006
65914
30410
90205
51231
49108
99452
6283
63569
77307
17949
27211
48270
77702
14105
18979
64059
23348
8129
11466
48823
79705
90317
97705
28664
62199
86216
3579
46419
8421
57260
10739
37560
52884
53239
97418
15377
21281
35549
56240
59903
75379
65879
31749
91789
31948
12244
91586
38260
17369
21512
40065
34921
38949
44220
12300
75596
32704
61540
89031
62891
95873
59864
55148
20047
7209
89651
95385
24462
16686
3602
42778
87799
51889
51562
73444
13826
58567
5916
96716
49955
94630
65318
29049
86908
17195
75817
98610
8664
40938
21821
82672
59740
46517
93348
64030
15514
10730
11702
84579
42296
16858
67124
21573
13767
78734
52265
83032
87386
70775
98474
17029
26787
64824
39076
68261
30554
30814
68239
2851
31391
91040
86721
83523
94865
20929
83037
41281
58540
87532
57929
3095
46865
21337
54419
33097
27506
43744
15282
8174
64929
92785
11224
37888
42464
4791
55884
94916
7441
25087
33475
84700
42491
8850
53187
51256
30136
83600
26708
92837
95697
10984
24491
99853
12846
95379
70163
5450
10404
5979
40755
86810
15532
60065
37922
38606
79815
48833
41059
90073
65045
88120
33840
33452
54057
73229
60603
38014
68149
3163
2960
43905
17036
22444
12476
53945
68293
11371
25042
47085
34628
50433
84512
1461
84332
46665
69167
82425
70927
14581
71440
81303
42540
36634
27792
7576
77143
91039
45796
39617
34775
32148
37300
7240
3018
96849
69773
93088
47589
83977
70312
68444
23791
93974
55445
14611
3608
32378
49119
7391
4061
78178
67087
53568
31723
21657
1365
80402
94651
4899
76801
77254
65574
85425
12309
2479
13133
77271
98443
87483
76891
76079
34836
86950
44268
2995
57511
48566
81188
13181
3968
44764
41919
38404
35555
56597
65061
83731
75516
81361
95483
89371
98436
42689
7175
93057
2869
38366
81664
52966
1478
26336
33935
61635
30500
27981
43341
80136
9300
28728
64145
52799
99213
81470
931
32037
35335
27170
49869
55712
37417
29401
1754
17081
92000
87520
77643
92147
79774
51210
125
19145
66901
28222
11703
77631
10829
80283
7904
7574
13255
84925
74431
46788
17216
42684
90158
16965
41758
75138
57722
75699
88496
25952
15549
72076
24582
16853
69635
42979
50337
51194
361
58089
28602
44999
85897
70991
69767
23299
21208
55051
19265
42294
42456
52492
54969
54965
99865
49315
97362
60678
50389
4636
93488
24426
30648
40948
12673
39626
53048
93975
10647
64924
57236
62061
84563
16342
18186
72216
56786
19167
47197
18458
53930
2670
56433
46202
83496
63056
17106
69616
16988
20320
45617
89659
804
95725
64600
4175
14350
44949
58317
30140
70251
27232
44404
54341
85057
80394
67929
38627
36778
27649
92529
78195
13480
31931
50706
90817
67992
84446
57451
49616
22520
83431
76987
90327
19307
67577
61257
88837
51741
14010
57865
11837
60849
17057
48207
26697
58266
2092
61144
3102
95127
78479
32838
89338
27791
67422
76178
68873
45019
73782
36182
29903
87497
8701
7620
86819
50245
54077
35034
17480
19137
79091
86885
22767
69783
80691
17346
96423
83724
24008
32551
65900
23302
54349
54488
44040
50593
87648
62536
51884
91398
92383
43818
77959
77827
27961
24339
52147
9436
61388
76452
4189
67057
43663
83965
16036
91593
10070
19554
47099
50076
79755
85149
21010
41230
70282
6601
33148
54212
63579
36225
62597
91540
83149
26081
26753
35272
8926
44940
41822
56352
65198
86986
22336
47556
28362
98842
79639
70383
38452
52447
40523
68093
15436
1808
11642
7234
22807
36728
7545
21360
91191
97934
45856
25162
13854
12648
83908
17581
57211
80764
82667
65130
77732
90746
84877
92768
62813
73454
12868
71439
26962
62764
15760
11132
95701
94504
76104
81340
14438
19519
12464
72197
37394
20461
65161
67263
41130
97173
33701
15714
14934
62057
13172
57688
69779
75393
90360
24689
16931
18874
44421
49353
23860
36106
94398
28426
82174
34723
29461
19350
36544
2568
3143
37692
68299
10469
27736
57270
25585
17613
51638
65639
39752
97153
56504
64904
49592
58072
41353
20308
4143
51414
64409
95564
75098
63111
48337
1287
26063
36734
85089
6407
67712
14351
79170
12366
58914
75479
89388
59309
47657
33089
99104
99317
67235
78781
9600
26706
79601
29493
78834
24102
93370
9153
15207
85130
38158
7578
62594
5188
62131
26448
31207
88851
32524
45231
97927
25401
17983
44138
5990
74112
68683
82043
72650
71053
52309
65092
28329
96317
53510
21631
21685
96569
57900
60987
13036
58559
99144
94040
74207
51335
12884
84200
97178
21208
1881
10253
66792
22004
80853
84199
8723
35462
23502
4721
55418
11326
36502
44153
32820
73066
79249
66277
51678
40500
4762
34637
30950
71537
32194
39368
26257
23942
69931
54655
61227
84483
84865
51441
69171
42056
98299
6324
15463
69311
12907
86222
73067
53178
5568
1710
22056
54990
61220
1141
72086
46607
32522
56677
16446
67244
79302
95255
89810
41484
57941
84780
65531
68847
43493
70935
26461
85060
74981
90763
74766
72924
50813
82366
27593
18539
61570
77772
65968
30484
17312
71266
62722
68789
82568
14620
51960
28188
34995
1927
62754
3044
16514
73979
11369
28126
20691
4219
9685
34632
75249
36995
80009
70456
26375
99162
95793
50155
29083
97906
5673
1530
29286
59325
24172
86674
22057
96741
86278
28872
18975
98272
50065
73053
28009
71721
56409
76834
70997
99466
97848
57350
68086
31336
55234
80316
91256
92266
42414
83406
18826
1805
99104
37089
96253
61224
73758
57188
49806
24694
6068
23949
17940
80812
15657
76976
86930
6956
42447
54653
42752
18959
79158
29616
57
48323
33443
97949
4091
43856
95418
29791
54327
2872
10046
17169
99168
12976
76799
66784
97963
99220
27028
46302
93398
73899
39409
87274
15678
78258
93385
84300
49819
87760
40653
99867
22647
69487
37031
47930
27780
75808
53097
5950
29276
76277
69621
15068
70766
98487
77807
73954
30156
75662
56690
43531
91930
32855
36218
26158
8913
46169
82270
25832
50470
11117
79972
66567
62219
10178
94522
29680
75944
28869
39004
22154
46123
21077
17025
17120
4277
24341
16507
17191
450
19430
54143
74156
31069
97121
7936
89791
33268
10873
39016
81611
93537
27265
55479
18158
96304
3054
52848
60588
3965
48127
98010
1287
36658
34536
97408
70853
15830
19097
21880
84572
29661
65079
25381
31039
56974
5815
35497
65098
2241
4731
96412
65071
89852
57392
28616
18857
65598
98867
20816
1223
71493
55919
13226
52323
21420
52855
37498
96532
99712
37083
73961
14170
88992
54444
51949
28458
1884
24439
61184
90489
67556
87750
58346
99233
51715
32938
11435
79265
5919
78551
5255
16962
98281
20657
13079
73741
51853
73057
9619
4118
68316
38965
65385
65157
30770
82241
76079
35408
5442
158
16973
41158
37682
30326
33667
83742
97572
13992
608
88482
41420
58233
90613
21161
31828
56998
15888
68335
41365
78208
76604
28826
14820
57065
22172
28591
22364
93189
68462
69473
56859
76027
73822
5761
61577
64096
79280
67955
86989
29336
76169
37861
72448
21136
62697
10083
48351
44223
33329
73772
66352
7744
94042
27234
23554
88146
26338
80616
8154
5076
61377
4383
45529
31135
31623
65393
84410
84851
59584
67731
77717
47933
81345
12029
2038
38743
56377
93683
94368
12089
80239
78141
59859
94690
3121
49115
81984
46588
82207
73430
37758
98663
59800
81913
67958
71785
92331
41313
89513
97304
25672
63500
84639
65598
96054
18418
26398
82013
25195
84811
31769
32654
86248
96064
24837
83236
44524
50839
28013
82507
83408
37822
2644
86153
29972
79054
88133
99431
44070
30253
46411
15064
4169
97063
86416
16738
93501
94261
98635
84702
22716
99970
21392
97395
41661
5104
12414
63735
57076
84721
27261
41492
13299
7005
13895
87850
60855
98486
35625
17000
30285
26967
37942
94942
38399
16704
28485
89185
9648
8098
89735
50262
52203
43311
59791
83438
16429
5248
44492
24868
66639
24397
42355
59349
2992
4919
1764
97163
83168
98565
55883
95015
58636
81634
54416
95749
62028
26450
58996
24956
76619
23229
54087
48978
94985
76998
89288
69988
47214
30457
71420
55606
53993
10756
50361
5888
84611
78593
91949
33479
14940
31321
6017
11083
52214
94720
91626
70568
88894
64042
21409
89979
46252
19535
48249
43409
70310
93376
64363
25994
15631
31776
49949
52710
27144
276
41021
47879
31273
48528
11137
83434
34500
25517
10015
45297
17212
43004
96763
265
85371
18719
81093
83171
9047
81441
9354
34458
62507
6951
35578
91234
14229
65955
17848
83164
81372
53306
83938
51938
53699
43747
39294
40365
52905
37975
55479
20734
9519
2952
26196
27305
96613
64098
40622
96911
50682
66777
43663
45703
90921
6563
85372
24322
12950
19902
69204
68544
7668
26851
63925
63906
59065
44825
46565
41623
79424
40727
30266
71072
25962
88619
24938
59555
80754
8272
94621
50131
25333
20936
32481
14594
9643
38234
61016
47135
58375
14972
27415
33002
68770
86934
13066
82668
39026
62290
68240
51788
17532
98999
17486
9954
36511
72591
19741
2301
81625
25816
43567
4678
25281
19073
43211
86731
94370
49330
54263
20831
83809
99430
83248
64451
13312
97264
2301
39027
75553
42269
20528
18464
40032
42833
32599
26334
3450
22526
78083
37052
18493
58714
65510
32558
71405
22737
7721
49697
43723
26334
88297
89695
8027
47408
67978
18102
15751
53035
96642
39247
70289
80713
26748
39355
5288
25102
64645
82447
86473
16877
83281
71844
71247
17211
2337
25094
33919
50689
93045
90574
89543
52603
95304
49219
53972
30832
10437
92623
74854
14496
10583
50415
25883
38835
66762
37780
31966
26155
27270
46303
58091
25273
63223
26845
43052
16453
18448
90815
45071
42884
84183
65061
59989
6067
49704
17686
85408
77529
85383
74456
14665
72022
7593
71976
6294
32866
45960
32411
50449
64557
93128
7763
23419
46742
32483
64269
89379
68458
6166
37518
12384
19621
47552
31970
30313
45521
90425
19815
89131
49075
52371
54436
40772
52813
31637
86069
17679
91247
20551
10185
70493
86036
40366
80513
49755
76419
41642
13246
73584
85434
28306
16950
71362
47864
62072
95044
24470
75623
41663
60772
42440
26144
43280
1373
12185
38691
66991
70605
15105
46414
46590
98132
47906
95980
67025
26347
79254
67038
82214
53894
3879
77179
46231
3697
20769
35421
83074
92908
90741
36592
61598
42055
49583
59779
67744
44348
42756
38993
68327
11064
9428
71036
98140
27170
38843
30174
69043
75381
80838
35724
15790
57431
93409
87768
56893
65261
79913
39582
80603
76764
55617
74083
79863
78512
84815
4534
48548
88127
28235
22676
83591
40260
98710
71150
44466
32842
79039
19061
64853
90595
66378
7693
12069
55017
20802
4167
48646
61815
2885
2483
64435
3173
58389
91563
55446
35344
91172
19628
42354
34309
81625
80915
47145
58161
52132
75529
58720
22258
43302
24051
86222
60851
74729
90008
10386
47924
62013
24846
57709
80648
55887
86733
85242
25752
58241
80417
81870
7147
15703
9121
41669
59410
76706
30544
8969
85462
60547
53907
2884
45273
45446
26388
18512
78834
16261
3583
28444
68381
81176
7522
73331
66326
61918
61706
78421
94891
95673
21393
99920
71714
93659
51573
6555
34180
82381
26811
84144
44185
81039
24923
87376
8106
21962
12436
35202
29499
68220
6407
9490
54657
51973
13489
25970
8180
35790
75343
97492
15000
52122
14077
89789
39154
53986
31169
51613
93873
19832
84332
96452
89450
19438
84259
87341
56253
20145
65224
44364
49481
26504
48922
26671
89265
11902
45263
19741
80169
25602
98374
98390
7038
29318
69144
92063
66961
35134
48222
54119
90792
60822
41328
9666
83888
9954
20040
35218
67714
26147
69717
88034
70565
30979
48010
88496
3199
87406
523
27251
8723
11428
71444
68270
21458
85941
89414
60131
50294
92195
20380
21119
71923
11105
53571
88659
85175
39255
42783
79310
91862
10044
52026
54021
55885
10339
27824
76059
81308
80647
88863
79554
34610
20971
45395
79364
89378
73058
88208
97946
20540
59908
84923
75518
5766
48598
16111
59460
77407
59351
3321
63944
44623
21213
35388
98678
59401
17422
12385
11118
58117
13355
78822
69646
3332
40825
86508
50951
65709
74206
99280
12117
51047
44836
58770
31954
25120
76508
48255
7286
94228
68364
98651
21957
77326
24919
34931
13397
85583
46717
19963
71955
60672
77089
39829
7185
81085
15277
72185
64941
62089
65159
93750
3201
60070
91204
12897
99786
62443
3433
73557
82892
69167
5098
16890
89752
14703
56865
92320
78413
5894
73111
65368
18992
54243
27324
51444
73957
5007
51585
50868
9843
4322
83313
45197
29068
74613
95450
61886
86122
12022
35145
50954
82149
73159
37071
2788
55573
60199
50076
92481
24219
22956
93772
59047
88977
99791
74758
48957
32745
39759
38939
94778
10857
52565
63713
78569
85853
59901
87822
15138
19253
94979
6197
66390
70748
22157
83218
45832
17172
24536
95870
13758
54930
59103
26648
86886
10550
24266
56219
29276
99855
46492
29140
46363
73082
40366
40096
29584
9445
58501
16934
95672
72376
34938
73227
29240
16759
27381
88298
66820
16573
28925
31785
8209
43888
25181
39848
51754
25916
76826
68019
61586
3681
58546
15283
72761
65838
59834
93308
30381
82061
53633
36387
58670
7601
198
41381
19992
85876
97408
70127
83168
35968
89399
12702
70929
14706
20930
2474
47900
518
88342
3668
32618
90481
55348
91990
13830
19654
466
63401
56925
34073
57916
84758
62939
92538
73115
608
43690
83800
19855
65877
28508
6699
84851
25618
14282
45843
44354
58054
44907
57359
45407
29862
93719
49965
3769
68189
52252
8207
27551
338
85410
34006
13202
49094
78051
4640
49762
78391
41591
20322
58784
64100
80663
22464
75159
25919
5629
29730
77708
67986
75299
42411
18494
99565
88665
28054
91039
12974
88769
4925
48355
35482
56249
19517
80467
94502
93496
35756
47566
9641
96081
65963
16463
24585
98575
81307
49199
71255
74805
77850
62559
22522
30498
59564
25038
42998
15512
13637
60429
49997
13601
36788
89622
36665
71967
23302
7851
61146
41996
80657
32422
69873
82163
68067
71905
9336
25948
93909
990
7358
78855
19784
38169
10918
42366
25832
4983
96684
94478
37468
78989
79859
75327
97569
96040
59292
76340
79797
52617
75272
73456
88052
29258
94147
45427
92686
40359
62431
87659
15701
17050
21603
12646
53070
71142
93816
98619
78703
94299
46134
18318
11166
66667
4527
1667
52562
94545
84594
72026
12612
32995
46150
41291
25717
33902
90802
90525
44021
65491
49680
85473
42551
9024
78777
20418
57386
67212
22257
26427
2223
60673
97637
85498
6483
56954
62289
21384
24730
92479
92865
98140
55764
90404
75047
82705
70899
80311
86929
19168
80339
3291
54597
13212
44618
60660
75766
2141
87890
84109
44281
85349
72288
58167
69803
51938
35358
60652
34808
68762
71613
69417
65795
51541
72625
51540
29708
52147
33977
96071
49518
77074
80283
3089
46087
98932
6076
84425
40879
45822
81187
60147
33494
40621
48198
7515
25851
97597
20600
23108
47347
10247
45503
18166
47554
10922
37495
3055
40586
93078
30951
23619
68163
91819
34590
67206
5066
69199
12079
70871
45862
50932
19773
88985
87575
11465
35923
25173
3343
65110
25688
32111
31546
10869
48724
39271
31571
62117
55534
35164
61436
3020
43839
47800
14870
57568
91983
41674
6030
80992
2449
56652
85517
49729
77246
96414
