62568
76763
21414
94275
65763
19384
58365
84321
86564
28302
11968
83326
75021
40231
48183
29197
51240
21111
9744
15170
6337
44813
75489
79023
73769
68811
88497
400
46135
64838
3885
50504
85170
18864
34340
20807
21345
60118
27354
14046
84751
65298
50529
49627
87123
36394
70719
65212
11379
28987
45814
33881
73966
74730
56190
17754
1274
42390
20505
96952
30887
57964
38186
21726
24416
61463
98155
56156
5890
27376
7851
91121
93757
95697
30418
41038
94284
25862
91899
37375
98091
23284
89021
17148
19023
70004
76538
10439
62674
16585
19532
78954
39613
30402
83159
26786
27112
28802
25210
25660
38239
14562
59322
84002
21135
54693
40124
78268
44312
15151
23470
75412
50491
83130
98860
7602
68942
21037
2702
54412
84924
87716
93482
89305
7843
28896
51508
63354
12538
3631
13926
65481
651
66239
99135
83529
63962
5019
96012
64330
29880
98269
66127
47522
93115
44120
28463
56482
31541
75556
57843
6074
26099
70798
40735
50523
21080
70016
76158
92238
3185
76769
65730
40680
1225
57988
74761
84251
83994
15331
43640
63923
25025
38372
24531
86655
21588
45960
96189
63723
433
95025
31812
36982
45787
7851
39381
29852
25503
48612
62448
93945
28860
3773
61145
53110
32539
25446
46296
35126
69359
44211
72487
16210
31915
93920
81049
87727
46266
54080
28934
75120
73827
12435
91805
8159
44956
28747
94893
93374
18606
44908
58748
35381
52882
49695
35063
21251
77227
71421
54115
96142
99663
61062
94364
56221
22538
15602
5066
51867
26801
51654
83586
71423
19678
87328
20118
16424
11968
52985
8154
3791
30552
52922
16520
24451
85463
37106
63328
82220
58856
59797
10499
74845
99964
32791
75456
12764
18071
35583
85621
29354
23681
43026
66572
66952
61321
87324
15702
65553
29577
18638
9283
24241
63267
50324
65590
46740
44542
69912
70758
85432
52273
22845
93010
67004
41155
8740
71459
86887
11872
7353
98353
76384
67364
78799
80110
87526
86350
49568
63129
98139
21403
97775
52642
40218
50514
86257
11578
49640
67201
28715
68222
48158
64825
189
77080
835
50016
99568
25796
52581
15865
28815
53681
22223
20284
32898
56877
84467
70214
78063
60390
94974
6783
72618
64029
54498
70202
52791
16489
54897
97162
21818
19686
83156
39131
50195
11559
67175
1718
79274
37510
86781
23771
10548
82274
92587
44093
30418
19933
17615
29380
27110
79426
89137
68324
73247
41374
92206
36160
22582
30632
97224
83078
70899
55418
94046
9129
70524
83092
70089
21339
89701
82749
90939
40553
73609
71202
96235
90344
71441
10404
39783
32857
98874
25517
70052
42392
30548
14831
65883
8820
19352
31015
79136
48641
40285
3703
52872
55129
88227
83458
73569
47326
49844
96275
39679
44361
88486
48584
94715
2044
45139
1861
64718
12177
90848
64366
84204
45381
85365
51654
78580
55693
17209
61268
1987
58685
3613
42298
267
69906
18330
41105
2117
87982
36835
92457
83013
2598
85837
25691
53905
81964
20115
63838
63681
17490
66297
66958
57792
75919
19498
7490
69764
36573
4878
17876
30117
88575
94288
80993
40747
46188
48317
24809
83714
4033
99744
76735
75342
98391
81353
81606
59544
59674
97748
96616
35577
53370
97587
84496
92388
36654
84505
24348
50407
10839
71341
65543
83104
18959
62340
94437
8309
4844
84943
7716
33646
95306
80124
59647
17746
89561
91616
59401
94565
37892
47946
10089
38825
8262
82299
76746
90988
9792
88605
4093
61683
23969
74401
72874
32692
34200
93631
56383
36050
86916
73296
54700
74731
90031
62969
40270
73246
37939
66749
2827
45038
25103
29782
12515
62893
61251
26718
74842
36660
85593
3449
98516
16239
80850
46033
9677
20904
7249
26955
83545
95929
35232
23350
7649
64595
93246
35358
48793
45292
42028
3500
53048
43043
85777
59054
36579
94186
61886
9980
71440
7482
18789
19722
50457
83467
74780
38461
93880
43998
53291
19366
65996
10984
83204
6898
9805
1752
22133
47920
69647
25893
77924
29549
94631
82092
50400
55473
30461
21795
9453
15491
59017
97268
55514
76063
77140
15509
72893
24182
89815
54785
41477
4795
92001
22661
37503
42064
59839
78879
49248
34827
72053
13966
40333
45547
29557
89239
25090
68364
33066
19306
7999
72084
34544
37800
60348
68728
55469
7140
29757
94295
28859
97951
58105
14862
84415
73129
37548
71970
44588
8336
95634
51581
72547
74626
43437
45051
56935
9967
46505
87900
90418
4528
91115
70508
46785
69392
70250
54200
62312
68775
86594
52698
49121
54952
5967
74101
55861
25470
61131
56428
51691
53120
23775
24730
23671
56417
99537
59918
94362
15297
11792
45501
60635
41857
3876
24331
6836
87596
68077
15022
2878
83347
9657
75813
21741
42936
2460
17594
68658
69336
89189
31465
48836
90077
36208
37298
80752
66384
46836
90367
69855
10331
59838
47014
56983
41093
92062
7264
51075
81636
67265
68264
57393
46108
53549
68344
43462
47962
2989
80735
53957
81942
91260
25026
26108
80327
96665
70558
5649
66578
43578
40451
40760
77709
45167
92547
23509
62643
18829
80648
50873
95196
66518
87021
2070
20924
74071
2727
36527
67863
93835
32789
63395
66101
36410
87912
19071
34811
20906
76656
44427
21504
1614
84497
38057
26814
27504
79683
941
61002
44835
80819
29133
22341
29861
58761
15424
4238
22956
5183
6255
93938
34030
37785
72742
10789
77055
74659
41299
57254
73475
88697
41736
42173
36220
29369
93581
82021
48963
75255
93419
94387
1785
75525
23028
13016
3656
41054
36239
77649
72488
14832
11854
15723
70400
50489
87473
63829
11754
27268
49759
52845
38384
43687
87526
56137
39083
86959
86120
491
65179
33403
55274
47700
11763
11867
92153
58505
14756
59726
7132
36000
38419
63650
84765
58642
76843
26012
71772
85731
41896
29751
70266
21694
25496
40573
56003
58097
87998
66891
73932
16696
54934
35747
12469
39085
59557
64154
3959
58533
58336
28968
49073
52028
20136
13758
14426
74734
58922
28883
79294
13070
15186
389
58594
35428
63136
33580
22204
71189
55864
34055
70506
47864
85793
90436
81066
2671
51180
45679
99084
12688
22053
13239
27394
12928
80678
18237
1558
11738
26147
81268
99175
59114
87597
60862
1509
54544
77152
77040
75948
25977
41950
32770
2668
24280
58461
1208
66234
29700
32691
11754
23553
13242
29799
66605
91017
1947
72994
45666
54750
44899
32021
10465
45041
74596
34880
11391
60267
24931
88926
26522
25518
74140
69731
73106
70738
89282
10571
3113
54466
79469
52003
71858
79046
14392
57714
85933
29315
20991
69844
99562
81549
31486
22290
31049
93956
31484
87728
28071
89400
47070
40941
41302
40773
6169
86235
49413
43510
56692
95867
1734
91375
69881
91199
75280
92895
60162
31419
30648
16881
48946
82075
39275
55086
89363
44972
94032
51849
38681
79150
39254
1554
82499
13712
7396
38528
10701
31085
72876
28157
8301
42422
72623
25124
68110
8187
11668
40287
47009
38153
33793
64
57079
11190
40454
64994
1665
86215
51410
61197
92203
97563
4829
77541
56612
180
8876
56168
83802
36752
82194
29077
58542
2491
8580
6524
9452
14150
86976
81176
33304
53745
4840
527
45356
39189
44474
71309
73258
42402
36862
24485
79674
11679
35953
10737
37593
95081
68511
67930
99310
55500
56484
10256
55959
4716
41522
54587
2609
33929
55541
87515
99239
70233
27892
38458
92722
4301
32185
17423
55705
37566
82909
41400
99890
57709
49402
46863
66538
97843
68931
14370
45638
19046
81865
77804
97260
94584
44568
40640
97667
89887
68699
39329
86860
49346
25246
9441
83787
97494
18014
33292
62896
51088
12224
61744
72590
15084
10365
98250
55313
94658
88049
4766
64998
41170
41876
80193
88368
50088
41198
98138
59732
91545
19756
65818
68866
43579
54539
50543
32463
39961
63076
69043
79828
35638
51474
94550
6821
20121
5213
82176
84218
46317
85326
3008
1837
63933
74330
45690
7470
45053
21072
33698
56296
19876
73559
71351
31331
46406
92877
29010
60545
59821
65787
15352
31582
19005
24937
29359
89696
47326
73371
68246
44875
59021
13920
13414
6218
16748
63980
4933
69249
8849
43073
87409
18888
29377
12746
59952
62079
80123
63218
60414
27244
76202
21630
24396
80530
69974
71425
82832
38995
44971
55994
60143
71681
52826
88823
97274
5956
60144
65132
14583
82425
87943
59761
51696
16747
78377
96463
2205
6258
64985
67279
9572
84108
12956
41002
68672
37390
89523
32884
36244
45322
81148
65937
24277
52854
82930
15728
66062
40554
15472
53996
1935
14991
48634
77988
39300
16440
69934
7649
2153
73510
69220
76573
74009
77691
46421
76035
58724
11823
20150
59884
16432
27259
28887
69260
1277
22006
35484
98841
33817
62648
30401
61651
90786
10989
65344
94580
35473
34968
1702
52232
67456
81874
30731
62734
76102
4575
91927
46586
6433
6894
57004
54239
20403
55588
37563
74675
86104
79373
76711
17294
80956
71093
73831
39504
43109
7568
85786
63020
12346
51840
40562
23756
10120
67918
92427
34558
96528
66152
93158
96701
30078
88897
92407
26922
5644
76161
41247
35198
73426
90669
8476
56099
58256
84408
71275
96362
8042
91226
19625
68533
18788
28907
34239
54592
66332
33248
44118
52484
63160
3004
78146
19951
86215
80010
87216
92058
78685
46908
33860
66947
66320
50588
89593
21677
43364
84462
65500
25712
96643
96065
26516
5301
46527
24624
77913
1170
54657
37815
60590
72396
32043
88763
72038
70422
12522
88524
69883
78246
97191
79216
17677
61134
57366
52677
2212
68200
39313
12561
11228
81869
67748
18405
55840
67095
76488
72845
73423
61591
2096
86045
37401
40869
86317
61464
34904
77557
78550
19171
9155
54839
14579
87253
28520
17426
78388
65382
47934
93850
22411
9713
61856
42095
26587
78720
4647
13637
32922
4943
93933
39676
15100
8292
76149
11146
41815
76807
74816
95902
17773
24655
89649
20142
3406
56388
67290
80494
89884
38413
88707
11106
24910
79573
39179
92383
24189
95305
14282
7597
56816
21266
44634
73607
25237
69478
39738
6286
11104
17374
75611
1580
90565
52032
76076
97755
20063
41714
38689
70198
11430
24153
23753
94508
16236
82827
14766
35527
69112
83765
86957
46510
62524
67219
39086
96506
80020
16042
94904
33927
16649
61003
69389
72509
62802
87126
20540
72877
3497
41423
72320
82474
56615
44084
96166
32662
97513
50125
57371
42409
54712
4211
37174
27338
30417
29101
39056
23346
12945
79569
17734
4020
46810
4762
53548
50426
54763
51243
31706
29109
62287
41888
32030
27688
11445
4482
89894
18440
71052
6423
98993
29895
58671
52494
79215
12438
23829
42051
42092
33700
48070
97193
59932
23927
23688
68299
35664
51853
90535
45740
77898
46270
18419
28261
80122
12823
72181
9485
15892
25935
39206
20615
52293
6521
80576
87839
45349
94315
25547
41110
26596
12712
9151
98005
81039
65093
81956
8102
3999
43146
68818
38041
27905
25311
28525
52723
11475
30410
72372
66391
40256
14344
26158
16156
94494
27454
44899
53410
43351
35849
22950
41348
26306
49425
19143
65186
37118
20414
47221
15028
30867
64078
5485
72746
57116
1165
92710
26982
77996
27852
76364
14938
21943
59155
853
12252
86553
92994
3511
53585
20193
28546
64751
68150
20195
27469
11735
78480
6167
63338
15604
91061
83188
57343
35524
76178
8858
53412
59040
93328
34743
17917
75413
15498
59484
8011
19404
67150
48571
6891
78633
44124
16903
93636
94834
2320
99327
37335
52550
29647
89430
14230
20814
14658
12247
85303
31750
64600
23631
24675
3394
33141
33954
10182
18841
2276
53133
49253
8665
12184
8064
44584
29908
99276
84705
71479
74158
89552
62508
33203
76851
71522
861
29392
3898
20513
97103
60754
3251
74181
76261
54804
43519
23896
3497
45491
10170
6720
74794
92558
49187
50073
28669
40366
21582
44845
84321
21537
29952
40767
11144
42197
2091
90427
47824
31871
32279
4561
6283
98327
5172
92378
46001
34484
35923
53260
1064
6012
95778
39213
61309
67437
14757
69950
84015
26777
42853
60495
7810
59052
36191
75566
30802
62483
63036
34063
52713
53091
76071
71625
13212
5609
437
76466
87386
56809
4071
94184
4442
68321
43780
78309
25758
90739
79458
43707
27439
32141
6412
21047
89018
71784
96750
47231
62135
29606
61576
83518
71447
1859
547
47973
29940
24153
26001
55699
67000
38290
82563
27206
22705
48668
56052
39488
15271
57882
49807
40062
83024
19329
6624
20571
46679
55024
82607
41427
8858
53206
14330
57780
95233
20553
22737
2583
67774
95807
48369
1605
64737
23758
76706
89148
49577
79205
98342
40349
15731
57262
31959
4253
79798
21513
493
52118
95235
79975
1294
74915
41545
84573
46841
13794
23959
24783
31973
2151
25931
53468
71714
19464
9513
48201
75325
59266
42622
17475
70993
67473
56682
42257
25695
51596
21246
10077
77981
73720
20059
70618
7348
87798
94513
73453
60060
80163
76917
62912
65188
24794
47232
96190
14418
62263
85547
12495
94740
31596
46187
41227
9495
77759
8982
33820
18233
99287
58878
95244
92547
13882
46801
58253
82092
55312
46120
83915
24951
36060
88141
95161
82348
79710
52286
46199
20241
60492
27839
63432
66048
8751
15336
46385
27532
78832
61122
29588
78816
60692
55219
60773
21285
81672
70364
51305
77993
88978
14098
59106
16142
1632
87543
58680
43455
51025
58878
29785
25472
62782
13578
57741
71447
95445
29196
83796
98545
416
30720
3259
94189
16531
5099
64258
80840
27368
73876
676
9345
980
68206
31263
46393
68733
47289
64416
21207
56656
2929
76506
19953
31337
4116
16033
47114
97478
89325
25840
52476
86568
52760
77577
58257
10838
64916
99611
96533
23285
77840
16087
77149
58202
20440
24491
94576
82315
11347
2714
48155
64780
62588
41889
97486
54214
83306
62852
12415
89065
17143
83361
38042
48036
48200
22776
48220
90628
73005
35555
3816
47678
67882
97921
78816
86842
99356
61751
10896
79624
21456
64799
86131
86610
77684
87695
23980
10870
80090
4043
27532
2064
87196
7467
6141
94478
78044
29113
10001
97663
76270
3947
9309
75791
98898
477
96897
64666
63072
10643
54857
21554
51955
32790
67608
52344
97229
51432
70351
60504
98796
37349
10537
68961
8023
1751
60481
60415
91780
84337
8798
70242
51749
13232
3353
17509
55489
10340
87712
77206
90798
59313
47798
69447
49185
5977
50108
54405
39859
53797
97248
26612
58761
49497
98867
38920
93409
40348
67768
97146
39995
36482
72886
78734
1844
84615
69804
38722
29436
50099
96855
86889
63719
93145
69706
39482
89551
41090
19775
2045
51642
6075
20556
37982
87089
82186
11480
2252
14365
64433
24099
15141
42571
90565
37210
54316
86427
69063
67603
64570
36172
11386
24969
89759
56941
10358
62892
65616
79791
59384
49369
52319
20572
65722
45503
33920
15926
34903
91645
19658
73134
67552
24357
65003
26000
81714
44317
73154
55935
15389
53055
20487
73487
55205
65872
40256
81106
30796
81041
76730
19294
45864
22460
54980
15063
71779
94568
76849
45061
3290
38390
51523
77418
47945
91436
68620
87028
59965
63759
75227
66041
89737
9681
64401
6329
28881
78832
65367
99849
5247
52813
85129
53862
14914
363
27269
45091
69377
49939
54220
87145
67468
28092
52644
76999
1532
43069
25542
63768
97252
53228
21140
67036
5813
10689
29556
36183
58059
48651
86182
92947
29201
76999
39814
50476
53260
97661
62503
47581
64166
23528
17650
10026
9539
88082
98572
61645
57036
87402
4796
85811
53290
1598
2596
52018
31673
18093
48049
4225
70806
91086
87032
20726
63757
61272
57943
90468
88277
2168
23739
3871
80566
77960
99602
73724
35577
11114
57496
17730
12116
67911
79147
70657
43854
370
39657
27603
74403
87796
18803
35166
49611
58277
76774
73079
36495
96924
46269
48266
30139
8104
73367
54867
63662
925
5245
75329
1995
28872
16441
20559
60596
30318
92109
2895
11939
16375
76871
63386
21615
30339
16065
481
83364
88572
54259
22288
1186
26522
37228
38652
64845
9230
87590
4012
94544
24279
6994
42928
95124
64327
25608
45530
71355
98244
74569
19292
66168
73879
61140
20120
20053
82882
26650
99799
92038
72885
71502
75089
46666
82957
74143
75472
91643
77788
55713
51366
42728
88096
8350
87659
9381
33942
68261
57288
4731
70534
29126
85120
14002
34966
56119
27306
65382
17108
18599
81962
82579
87790
11973
21659
52776
31904
96262
12167
90184
50135
53886
93566
42530
23203
76564
78072
65529
73480
10738
86110
14620
69362
95068
21504
43758
86382
61087
11699
26837
46836
10089
74535
59189
73751
68786
54937
76122
86691
34882
77476
37680
56094
67103
54595
16647
35560
42590
90798
58402
78047
61777
91902
6369
32488
67341
13217
92722
90469
77900
66394
70817
84562
85330
43347
40046
79351
34377
68779
54417
21627
1949
78837
38597
33261
48430
58526
2258
40473
4856
8198
43792
70288
53297
48789
85059
18187
68165
26700
6409
55568
62215
85652
8791
68488
6659
53117
70763
23756
14548
37295
1183
73810
36381
36774
76098
82939
53304
73107
84058
8815
10958
52248
85613
69701
22602
528
31265
36540
58287
21858
11186
7676
62369
98848
59412
16296
70046
70109
26601
95313
87762
78502
25924
67560
7015
69981
33907
16523
72691
2120
64883
95057
42642
97594
44610
9966
39
39089
45885
6131
21851
34223
65468
92690
26109
93506
11441
37532
77361
59801
12893
83195
46505
88745
21052
32455
26323
18053
62685
52621
66621
14742
63848
56167
56975
16128
65033
64775
54238
49445
16257
30956
24223
20470
73461
53539
13033
33234
41450
13508
58539
96374
39161
12890
89227
81688
48551
53897
76542
12154
83643
81986
76403
93264
39509
7109
70374
9301
35715
9980
28473
46665
83294
27916
43544
81936
58971
26035
15283
67512
19421
93089
76602
49177
94081
70246
75581
50958
66940
75286
67577
11136
88233
42083
65802
34270
54552
30958
80961
66351
83164
3732
97518
31470
85035
11874
13080
11245
69346
7290
22716
22516
38613
9029
92732
90553
5384
27226
99183
69262
31528
19416
42360
60428
42403
17336
58432
41210
62113
9273
27383
28012
45073
48932
84347
15689
95570
45131
64141
82207
57166
64335
81611
59649
52570
45060
72522
79203
49350
75248
28886
27326
31775
11698
34822
63747
61371
37090
89067
67698
53441
71869
49131
60072
79906
94703
77442
89681
24681
77043
94983
60252
63085
16975
12096
67192
37804
82711
7857
97342
44814
79229
91860
86864
80386
57
96237
33375
14109
20599
54317
58480
56064
96442
28766
85296
15204
21539
79743
57866
67618
82840
54521
72307
80265
68634
64240
14799
99602
67630
25943
78660
29232
91725
22884
74211
80009
62266
79686
79848
98466
44067
75572
4081
22726
36503
4188
66642
88209
26800
51988
16265
2968
49991
29723
61973
24708
19552
6599
11751
35816
81437
33773
46479
94656
75656
29247
64338
73558
54554
5286
52937
41852
99894
59400
23550
7268
50439
49581
43762
64445
97598
26590
72801
15642
9677
75692
79241
62001
60910
49503
60456
55667
67934
44032
17029
10293
29093
9424
47069
7255
39849
93083
33655
21513
99050
74413
3073
90591
6173
54705
74268
69971
62837
47306
38218
54847
60971
30836
84979
99964
50006
2337
12648
5051
44829
97269
73917
55861
42370
13256
78175
41014
2512
36506
24596
4515
92934
51288
16591
35264
72618
88650
55828
6205
75234
90485
92830
20628
5814
62182
49322
98256
24445
47104
57248
37512
80435
28603
76683
1780
495
47212
48220
92916
76529
33254
67459
26330
22709
33702
61912
9682
14245
49715
27346
61356
46509
6443
29816
54344
4439
53289
50047
80188
63934
79919
16569
55407
79258
87084
24080
64331
74604
14810
34768
25406
40429
62911
29675
41980
23025
66499
97918
72111
270
39639
84010
74729
19758
95892
91003
73991
98786
22339
97341
47205
97164
68032
28981
96610
16685
12052
47072
35625
9622
97580
35078
99435
14946
1939
20927
83597
76768
87836
31319
37939
55370
77936
79917
24294
95908
41839
35649
83365
96081
50088
65544
52265
17468
87562
28241
72397
33930
33064
25295
10973
19427
62293
62488
2689
4561
84575
59782
17818
74964
7405
97223
10950
91019
59401
91835
19227
88114
4687
701
74845
76403
63706
39544
59534
32036
82812
81966
27384
73697
48530
49667
43703
62541
20346
18512
93077
15448
77228
19733
11333
82056
17830
8401
88675
52864
54593
61246
58067
95727
9014
84282
29242
32363
50449
34569
55721
22748
2953
70652
21748
2608
32398
44121
26434
57738
53520
48409
70673
40889
98757
3779
10886
84953
89367
92789
58572
55305
50869
6669
77442
21566
23899
31656
64683
64247
20424
11339
12091
85776
62791
70329
12494
6575
97984
8724
49657
73709
81966
30936
99344
6184
90572
17177
96969
5234
73396
44289
42995
57660
75997
415
71879
96284
93209
182
78709
742
79437
62187
37314
42180
36317
84896
78098
28428
91285
4310
86969
80642
43131
84863
73339
19932
7324
71258
30993
6721
34686
59449
90851
76135
68344
54430
9779
62375
98449
16210
13365
97802
30015
48915
94271
19778
93622
57164
69866
5676
39079
68541
13949
69085
57320
62352
14529
91133
27076
51946
88959
21951
69188
71988
66055
19988
71336
61179
73836
81886
75117
15722
29978
75074
90944
89166
50627
94215
90591
53560
26310
50160
1391
25317
67641
66145
45499
21765
18815
5991
39901
18646
35299
46503
27251
91414
28614
58026
82859
74283
48442
32442
83327
87979
30558
23356
38562
38874
78140
68153
11724
20313
541
73515
25635
38798
20559
43870
4347
99910
74488
49570
42363
67844
41985
56471
80423
83474
47823
99530
60552
92601
11355
16308
5118
93867
66832
13412
94758
44284
27583
6625
43624
50661
94266
19587
18104
61783
20868
88452
70854
84743
53679
82949
99795
98872
90078
15483
45994
74087
42933
55087
91051
78609
7601
19123
8957
84233
68397
31767
71965
7147
49112
60063
72326
67862
5945
91702
73577
22397
38366
18640
62606
59370
28676
75808
38922
28406
16512
6245
3789
51349
67417
20670
1350
72495
15573
65015
43059
75143
10629
33871
93385
89101
16486
63706
35631
93615
10622
31932
92926
98376
41905
23596
35721
24293
92481
31680
49933
31793
80201
80551
67720
62151
27978
20616
39729
28441
58712
99831
52288
40930
48642
98434
11767
4494
25254
73504
42884
64970
40177
45306
17783
84579
13318
5412
9443
43821
84949
77057
80014
83893
15081
11266
94941
30077
66150
31233
61123
95870
23976
7189
34903
10791
79643
51996
49734
43471
11828
31226
99038
18976
88796
84963
91615
34895
62768
83141
48833
22565
11173
95908
43492
81654
19817
68395
25848
37375
3493
81690
38344
94020
12381
47013
40993
32987
10402
6991
4935
61322
55678
65972
31992
53722
78019
61037
95097
30118
19651
60046
67309
83009
82400
38557
84697
28067
63697
53249
90974
11248
26148
12358
39978
30138
92882
5018
6594
41782
43969
58628
24492
55776
78205
87511
66887
45200
63915
89769
3634
58779
73297
95729
17724
43446
14380
55335
11619
73824
62316
12925
69290
57153
16017
93686
35173
43320
25994
1854
60840
73001
54443
53315
86149
61023
35553
11532
4803
94889
71670
39496
64152
73927
49614
32194
37950
30418
94634
96531
15757
37547
93398
32770
79465
31043
89337
67339
39758
84518
52337
23567
19206
62061
28929
30633
4336
19982
9580
56700
7893
2848
50531
16730
2154
22820
48773
95363
7538
83822
55736
4755
48685
29462
86097
23292
79603
21672
73849
55105
71685
68214
71773
20284
42552
48103
20289
2090
44997
18980
27858
17968
20838
37933
88638
12909
87015
76667
30616
56645
82270
93974
59800
55935
28782
47581
74881
89744
75964
5637
51030
82663
46133
54474
85015
39679
31074
30247
74177
54050
2530
46682
50365
88557
55964
37767
83917
10752
40824
73187
36277
2935
91056
17203
72835
77711
8413
15837
91502
94970
73221
30545
26126
39360
67950
45195
71835
66363
52918
48959
81834
56768
2489
76565
54115
35587
43608
71242
99971
91015
63664
64128
48919
2776
69359
48095
91606
28929
81638
7304
31265
15236
38744
79207
80828
71984
20555
11005
20607
10769
65932
17553
57834
91865
91353
79508
445
14490
63088
37248
34102
37170
15866
486
31305
9093
81625
23350
70000
19855
53588
42906
84725
45613
17693
66598
18023
23282
95736
82130
15031
32603
50635
89202
25082
46111
6294
57054
11423
89850
47649
77116
65840
44390
73202
94095
99370
38258
47901
71735
90359
97205
41004
752
57180
23026
32827
12220
74171
24754
61485
77163
18754
80958
22216
1498
86535
26663
75404
85193
2798
24571
11927
80149
72205
76472
77065
40335
72411
23598
67228
79765
75380
24001
91771
17826
91599
49882
32021
2056
13284
94073
82882
86668
28365
70486
58361
84882
22173
71703
7560
72706
62853
62708
68937
65787
85277
60854
28546
80708
45960
92492
39808
50573
57526
81719
1783
94753
89186
4390
9899
36652
94641
73347
71909
8724
41688
25258
51784
1719
18110
92182
18162
708
16038
94522
16911
12672
55063
25983
32548
30744
21335
51313
56096
20792
54265
32309
29142
46645
68703
63608
95695
17783
61804
70907
78064
89506
90798
60212
24099
60018
9070
26827
62598
53777
74329
39100
34535
63003
64808
89110
39689
63203
71841
79154
15316
43328
17251
51117
54459
9379
96116
5138
33016
54501
96486
378
38903
45130
16457
27404
21873
94850
1884
72530
21674
94508
88715
2318
46462
15164
97773
66138
81837
79592
23919
32492
45942
82649
55590
34735
72255
39681
5753
14719
63902
3931
93811
8096
57291
73951
197
89404
46546
37403
67237
44838
61318
99310
57480
20808
54613
14932
4654
39295
11605
29977
23301
53424
30581
63994
54436
56254
89540
81722
55149
82191
89097
87164
8627
17742
697
80618
45027
72511
14967
8368
19592
44433
12354
79081
71173
46631
25168
34781
80122
57322
35026
66458
3114
33925
80630
40386
77514
93296
19514
43942
99864
64823
82254
85045
55740
74154
90683
39738
20111
73994
69905
32143
24328
3236
10385
78867
41069
51500
92820
7805
31085
54758
1599
97826
47164
22639
84050
74702
37111
60310
3104
51730
52996
71024
8503
54768
62179
27309
23340
97019
55947
85429
14669
6127
87416
2883
42130
99877
23540
1763
99317
26014
476
11709
12856
45106
63223
84428
37880
33101
90104
15981
2627
59801
70890
18175
79146
53303
94732
55616
16688
13759
28160
95800
51857
45656
40088
95472
10409
44281
80509
84172
51162
35348
60992
77089
51253
41287
58167
63397
91544
77751
89429
90238
6915
39966
82802
54868
35237
69240
23737
88826
5144
67923
85074
85558
97853
4675
59851
67200
5018
67751
74018
93599
52592
5931
64819
67279
98809
93800
66922
37859
95136
31335
64071
38937
24330
37922
88885
11891
62853
85220
60235
41168
20544
91682
79027
83238
50273
75433
79236
46577
81435
90966
58379
23793
3732
95830
37645
983
75146
15523
56058
41436
2318
85878
93689
73809
3852
46137
61227
59931
15790
47960
4346
19798
7516
32849
73055
60910
26903
81580
17005
23375
14564
20344
56423
4169
72956
40278
35204
28500
276
87901
36744
47330
29161
18798
38849
34665
97993
5218
79386
4135
14205
19304
30787
33475
86619
38580
16277
70882
22774
76735
74080
93565
98517
32683
26872
81974
29454
89520
853
63574
10932
32727
59655
27888
11215
57016
90636
88717
93999
38389
62917
21684
2194
12870
9169
95259
89557
22947
17549
34375
24000
64321
5725
23541
13821
43179
48813
96478
91926
56875
5210
8472
4365
15812
93202
81478
59649
2898
22260
29603
47944
27559
76883
84385
13818
52395
91371
85647
23513
31612
92416
6507
71970
66477
39573
46611
27002
36113
14067
68036
8203
94158
96791
37123
33178
54444
17319
86382
19667
27691
35610
86658
687
87946
86431
96441
87438
21339
9722
61425
51807
63165
72965
60313
64459
98703
36502
37887
76239
