54594
29832
75686
71124
38417
40514
27569
1449
23562
86018
77696
32672
59649
94257
7597
44108
33918
29419
62188
32356
35511
70045
449
9878
73300
34041
19511
19497
40427
3138
97672
44801
83119
68893
12485
23855
16344
80783
99795
82603
87668
28891
73585
54661
73114
19638
20015
42598
57962
80241
78938
37686
27921
27997
49861
84548
29383
65808
97823
4375
21003
8072
61022
20424
88345
32895
49552
90755
81771
83742
27763
53134
29624
79584
44687
6619
96459
45787
36764
53662
14025
76912
61534
60185
24199
59986
16880
55121
19032
27937
94472
50536
82959
95419
61599
79596
67868
53161
66316
40218
70085
29259
60826
74220
52478
25803
8062
48336
83310
43241
88088
83595
29044
44161
90349
44091
46537
837
96224
28359
16015
94430
71723
53834
89270
77226
70175
34204
17984
65091
38750
43298
79471
96545
83576
84766
16085
87314
7706
98396
51924
68543
71811
75790
39848
10877
21492
38797
5069
17508
33058
67031
56936
37957
24203
75655
57536
6992
84950
75251
55628
73857
30352
18218
4491
44790
4123
32498
60585
5583
28006
59223
93130
97827
76434
47472
22618
95932
13986
78392
55734
31377
29135
476
32033
71719
86362
41514
72342
7920
27229
9093
2363
32454
42768
78066
38190
53593
71299
95058
6753
88993
78212
99485
89501
73834
73900
59108
61522
76730
53036
61604
93005
6557
19517
24250
44722
29876
86185
32772
58427
62608
60156
52664
78354
18913
56859
60676
55059
98368
9282
69025
24632
18928
71639
66740
53164
29649
10974
58198
97818
27253
79992
95611
54884
65624
16087
95806
12937
18517
33343
8313
67407
38527
36630
44144
28837
25547
21131
70588
16974
13224
4049
63153
67448
84010
36971
74076
34918
52776
71086
15073
18902
27986
34953
31174
82616
64544
97780
12729
2825
61053
47738
36541
65024
968
1618
86105
82298
27494
37903
27616
8518
40385
41223
84594
23204
16838
28162
70873
28652
42010
60888
60160
47431
18270
89411
39420
3573
5456
61528
64292
27767
8401
67763
55921
65485
67507
98129
66480
82392
50866
91778
7424
14873
43469
6555
78516
86763
50358
7970
65778
36381
26906
84076
60814
165
87577
89110
46753
11556
62197
82531
76842
65966
73611
99848
116
72622
85302
19109
55696
18708
61682
88480
77786
50232
53463
45287
3962
11715
10895
52657
53215
97485
95749
27910
861
24325
6948
55755
77907
78397
51375
54924
20195
68334
14936
41458
41262
43620
6438
5893
1460
31249
52273
47069
74699
38425
6289
10582
46701
42290
85147
35037
660
9539
29316
79356
70216
45700
98987
75790
65674
29546
41201
77298
67333
6758
68285
9451
35295
12005
4025
60341
5276
5001
51197
21965
45211
48680
53211
62436
18035
96366
9054
35617
93250
16337
54263
10655
39018
35580
71241
95561
44633
30648
40219
71913
90048
74975
79736
67941
70139
96838
75286
34695
38264
24805
29761
95658
58342
7350
34144
21536
92489
36550
57755
69308
20492
5583
84048
50995
52494
57629
70433
99715
40764
8463
15708
74628
64782
79283
31917
70236
68943
85269
92296
21197
21079
74358
97352
68444
86576
58604
52313
31668
1435
49705
3071
8082
72892
70911
51421
84464
90927
28740
15446
12510
26404
75570
93931
29800
9097
55132
30876
79059
75432
63907
52592
7219
44254
36558
48228
46133
8230
15604
64418
93889
5316
38765
98279
91059
5392
7626
1736
93871
27861
47452
79309
40202
69823
79786
94792
45509
80427
67551
59347
31444
27728
73254
56235
37528
97112
95852
63827
36334
22683
5288
76233
75322
64322
21557
7194
87639
77290
2872
24408
1470
53396
37004
51197
27979
84598
12389
37396
64468
41765
2718
65706
40678
56257
32974
66160
32061
82530
60751
93946
9539
43799
65402
71188
22573
71219
3986
75880
48266
72592
7153
68218
77554
43143
57876
78048
90724
22056
28255
52929
84722
58455
99359
94568
19964
39581
35554
19065
31347
55396
75132
5109
16539
8925
14868
57671
87993
65816
28624
56760
80611
36509
89130
91875
34612
34499
88151
97535
98380
54925
75436
10005
54274
7821
9223
51084
44439
70833
51223
82991
35664
84920
44532
92869
97460
2043
51679
68628
28274
205
90054
24908
93431
71494
72318
48213
69325
7483
59955
85464
51430
38019
20685
76422
79959
65126
50834
8717
99701
63784
13232
17160
14592
45632
21096
95691
91976
96260
94415
32568
82820
19522
69261
98174
64871
50528
16573
82780
35503
61010
81758
36955
10877
65759
31561
97645
64235
68110
12909
32333
51209
42961
68927
64489
86973
72893
10315
47798
50397
76627
56237
73064
13068
27387
2644
31907
68757
22510
11550
29431
48552
68054
73213
38691
82026
76276
6283
48833
14071
23451
31455
23865
83350
62081
81359
39858
50595
4772
11201
91977
40212
68774
32382
58876
4773
8694
23887
83490
63115
99653
28887
41724
56560
83477
83781
83154
69747
30235
82463
10696
66610
61482
33727
26946
45171
32371
89713
50986
46027
62785
81312
63984
11308
19573
89219
79777
35671
14337
33918
73331
52389
22792
85717
14418
94563
89730
67305
99873
78300
98204
70110
20360
22309
504
25366
78729
35047
5435
13705
72401
18980
72900
37462
329
18341
64902
30416
36987
94258
4003
47482
55410
96316
9131
58307
43817
75764
19308
32382
55440
65066
89840
72686
47823
92674
60952
41675
10804
94206
10490
44730
30235
632
61517
54350
79488
85330
85388
96077
29660
59314
30318
5614
74297
50721
14700
24043
13177
42197
81548
2964
15739
73053
58264
7334
29140
214
89639
7654
57389
23227
19611
42780
83768
59273
17247
54778
34799
54780
78818
58487
90376
23231
2721
96125
34748
84225
98388
97101
77974
36908
28497
68606
12657
7525
28990
57182
42367
54182
25210
79274
95690
77733
38688
6433
39702
87537
21846
15024
33474
59921
89243
58396
63378
23061
12588
92507
70331
62138
72585
44914
1825
92538
29680
20480
94729
51005
30123
76242
30282
60064
12410
80616
29570
99543
62796
12643
84543
96288
56422
47211
62379
83364
63626
18053
47664
70101
5227
89596
94937
36483
86851
80228
81596
80295
77448
3152
48053
18207
11704
88697
57414
45603
84742
73410
47510
8627
28826
63834
60264
99945
7964
74042
5716
25374
82534
18461
28911
11626
72815
24628
45777
40526
81305
93799
73212
32182
99019
49274
22095
59644
64589
66335
84584
67724
89797
16776
98622
90216
70542
39037
41275
41393
29332
94992
28518
12808
74512
56222
97760
58987
74241
36426
45391
87076
42920
16887
64297
90943
197
15328
9607
79551
41739
619
35355
41629
89458
37991
35577
65758
19839
38694
41084
33778
83353
4384
11194
86313
65280
60404
57669
42797
51513
63108
85402
28163
20943
97508
24804
72909
52479
7679
90019
55213
29429
61723
99653
28712
59636
86888
23350
36521
20644
32002
39147
35546
95341
11613
3722
38536
5693
77983
25662
39793
57658
66810
28037
78631
15217
7191
20685
91950
13186
62667
13279
12160
48675
85870
4348
21629
4730
82481
26677
78392
37053
21148
22152
19511
23960
49856
32821
9329
93785
86267
67216
74495
82016
50225
97554
62619
33686
21022
13495
52444
66202
31400
23334
57977
18723
26987
86870
9471
7264
82093
33806
23211
51306
47270
2739
36510
44657
8526
54670
65360
74370
11356
98164
26919
95450
38783
30143
98450
88315
41729
87943
83707
68985
74232
12189
5653
97813
64175
787
96973
62985
23350
2064
11691
52461
44004
23188
34746
47485
61044
17961
25159
66351
48134
78074
54846
33235
96415
62526
79939
96843
88420
21155
65535
94150
50098
54225
77074
35080
97086
38697
80482
7738
57697
2375
51020
9291
86472
74458
51445
15594
95396
50964
27271
23767
62783
17356
20851
96158
57342
72417
1398
1648
20848
129
74564
2194
36529
17541
2363
89779
46114
99666
50399
22346
37479
17421
8654
45758
27054
45555
46762
21957
11080
64344
1447
37456
93883
41768
31367
32742
33374
80916
77738
24668
37299
78833
86890
57567
27811
48825
72761
68931
72095
61666
69479
95730
564
4925
86288
45361
8701
75092
69103
11786
25655
79440
90567
56503
98681
37108
8310
94761
86174
69620
56404
65198
21927
25731
85047
58645
30531
51086
17947
78229
72794
77831
49862
49413
94864
5717
36891
88958
55479
86005
24040
58282
11812
65951
99013
57858
88265
30387
58885
90703
40514
78000
82757
2474
5262
4281
73802
74833
19877
27642
14830
57614
57144
90874
38992
47824
29578
41154
61638
92964
216
19351
39281
168
45580
98122
53386
55975
26717
27188
70379
144
92200
27244
37714
94793
95073
47388
44151
90583
31914
62057
69080
27837
71174
66426
1137
20937
26959
51189
28280
47111
68748
65921
90486
21162
38719
82588
56894
7139
50895
17827
48115
92689
57262
14686
65413
29900
53159
44198
52750
82190
97002
71055
61050
38158
50270
11443
28993
79153
96985
32448
29016
75528
98908
23268
31395
26279
36757
16552
56074
12484
90493
37011
39688
14086
13942
76391
70575
56487
1012
71236
67778
82760
98438
46090
50109
97693
4870
52327
70891
27275
53594
77740
10154
18446
88811
72586
93781
33994
83291
39133
93142
36607
88124
40265
91696
59990
31366
46963
24216
73879
40868
72505
78141
25748
64670
46255
77090
52818
73159
33702
21408
84429
45660
28799
58889
12753
26857
21241
25275
41355
82610
36580
73196
61878
78093
31170
94636
58173
54393
90118
66326
57907
28111
97012
86406
81089
99599
84405
53776
42555
95496
40963
60835
49588
17725
8712
90946
59324
81375
78942
33133
10124
21687
82861
91269
4287
99309
16262
47654
33499
51619
18917
98424
83040
67375
63501
56318
48648
42392
77800
13154
42452
67465
82720
45858
41646
75745
23607
44153
69381
40223
35311
76797
75451
56985
56202
36219
45249
5742
82118
81780
83337
36750
20276
90935
76579
42539
77794
82213
54223
52393
42298
16932
3574
65788
90680
42659
38967
37002
49622
28542
75701
72108
78273
93275
16308
42119
22973
26055
11173
27282
11069
42906
60274
96020
29816
5701
47188
91784
69279
99107
97951
41394
89930
16987
97925
18379
73222
9662
66304
13542
97251
8246
56119
53576
6078
11228
58476
27000
74627
34459
19565
51738
71039
26941
41324
99391
56658
7553
35971
84978
95470
47183
67722
50515
30590
34306
82178
61286
95350
97929
68896
13310
59751
97630
30030
2822
86786
6697
89941
18588
47225
20187
17156
34820
79541
46213
70354
62988
75663
98533
61721
65669
73690
81325
18072
50068
40524
5604
22986
71772
29050
97190
31650
76698
65562
6255
91986
73409
96911
38501
12605
49960
17611
17383
37753
75282
30026
32902
70974
84377
63951
19189
85623
96816
36207
3227
39619
78426
79558
79962
62298
81182
83711
18169
89538
50035
88537
40457
69258
73286
54226
96945
66077
37161
85928
11760
48057
56307
43571
42789
20041
7621
34630
38608
7820
9860
11566
34834
40490
62334
66635
13560
93850
16948
76203
31423
66249
99442
27845
87718
86745
89569
63644
97687
30150
67006
53112
48462
10888
24447
55170
83312
34854
36769
59920
54676
46552
45102
10348
79677
38468
53703
99967
6923
6651
40665
3094
49128
60957
54505
45511
48614
28462
55853
56044
30472
43977
36942
8458
40814
56747
63104
23946
16043
7163
83323
78706
57081
57028
21526
84870
21146
89093
48167
49250
33042
89602
56721
91036
89484
63911
3984
87504
56382
78935
6556
54849
79001
80724
29448
10699
9609
36644
69534
22930
75363
29756
83923
99759
23327
61959
46013
92100
39430
69634
24364
59520
80295
6602
23001
40870
87256
45905
18973
76902
52763
75600
67563
37107
607
28473
99704
76356
27579
10827
75260
84502
19559
25237
73886
3285
5678
56961
67708
27525
17898
11883
48073
86748
54571
47035
74554
72398
57723
88578
23442
63704
17670
92631
70166
99763
62193
46816
99151
94854
62255
69656
64520
28603
94373
39862
39961
55057
32716
19716
35191
30294
78196
91448
59003
40879
27527
80814
82536
53572
53919
27306
18633
39001
87384
11556
66831
26927
55070
74123
41091
58862
57810
72854
65270
48242
47363
19469
92374
14709
7074
19496
39682
38007
53386
93148
85507
26222
33627
29286
72235
81378
64279
45579
40934
34948
51023
25519
41218
82816
73030
13033
99987
58592
78624
76329
72484
5342
26178
10761
93516
8057
88440
67826
46498
34423
87623
80626
85614
94236
26049
40609
93299
25783
1887
59713
94582
12230
31919
30321
97219
21843
78251
9558
41679
94040
19509
81089
59383
77057
20663
80164
44
22866
35770
64178
92938
96453
99081
6511
47325
70396
39904
46982
56766
32420
19734
74203
56704
18910
81746
60253
73422
95857
13542
71672
29806
78881
26147
52457
14913
6533
21243
8557
73572
45884
40565
70433
90013
37709
66774
98129
13149
25408
82996
26822
81939
31268
52791
9258
74306
45305
24385
40472
95310
60409
6742
4187
9323
64097
34372
14056
70305
46623
91597
40791
49153
31346
73409
10882
91854
49301
84189
18995
52135
83617
47103
48014
12861
86720
89733
98537
26090
16889
78151
69608
82148
80770
13247
13163
39142
36378
61109
25916
3336
52718
27823
66526
33810
42204
77668
50592
57859
41909
17403
25004
61115
5389
88336
11692
13305
58728
91325
22603
74363
35834
87966
53416
68471
21989
58643
68383
18099
60246
71740
55476
88191
58273
15659
99417
55793
80577
14204
70656
9051
39141
40678
84181
99485
53146
8492
76758
92434
1555
99857
80413
45052
38505
51552
67501
64751
74407
98055
11820
83561
9285
32492
97612
70169
61927
36812
2841
89730
88918
55898
32728
44524
20669
13552
35221
95156
3785
53931
15324
13496
81884
75948
16544
60389
91326
10423
49686
6720
48157
34666
81386
82522
2383
87094
99766
6648
43065
14012
37557
16333
5651
87027
3515
45656
67128
35889
24383
24953
16330
72345
60966
20476
82730
98324
1677
33336
15948
37223
78843
51503
87126
96120
41573
54252
74512
50206
42140
33574
13785
28572
52090
89773
16373
98991
7845
94856
72432
70888
93260
55436
86040
24733
90390
75812
73699
60909
99792
4058
85417
66430
90700
5842
35168
86054
29207
9530
45454
49263
71143
16922
93748
90808
11167
87757
20254
71193
4103
83739
90479
6820
60903
45060
43963
23406
65462
62393
5730
65761
80552
13603
50414
38082
48156
47355
37872
46247
54604
30318
69783
98315
49401
23169
99744
76337
61687
95232
13565
2632
55557
2506
56806
16052
13579
78597
5526
45640
61879
11761
20591
66814
3799
79693
68710
57540
66508
55666
42651
63812
49885
74006
16589
73784
13955
92163
57418
37733
45315
67625
61719
70230
48828
3098
10204
78046
56796
34361
24502
69559
41828
92231
84368
42842
9727
2969
94515
69708
54458
42203
9829
6020
52580
49752
52746
81550
85916
83022
2097
21415
21178
67792
324
94253
50042
50360
17985
700
69489
90663
744
32147
31164
73092
21984
57653
89637
73746
64056
10985
97648
87710
83275
3112
57796
55699
17650
99075
50351
28653
92129
73774
32264
3086
48380
74035
91907
90115
92800
59366
84983
93814
219
63794
41459
77681
74855
79487
27767
