1769
70551
28842
34930
27975
66584
14029
89841
85348
42168
51419
26249
79174
77949
32443
72061
45867
13581
76517
59754
61776
96634
94157
96722
99436
2940
62800
79915
4681
77413
55774
98254
61458
12079
17912
72602
87878
81762
78535
47957
22292
61141
99797
1636
62897
29419
75318
64480
78858
70605
29232
59557
24210
99854
35489
5134
76393
32119
35493
25035
3783
34113
85160
7934
86394
53164
64790
67095
60037
59841
84182
64105
35045
28560
37461
634
96837
92521
33824
70017
27621
98320
1057
34075
48181
96217
74044
61604
76589
12777
96209
55758
46268
53500
44173
88179
75981
91863
15242
9733
64629
8222
4443
19017
86422
65126
24511
95649
62392
34855
8297
83871
98295
65476
97413
5462
33056
51084
59752
90176
79120
3186
90506
47259
63632
28423
17837
81545
84386
49282
24653
4973
77279
24091
5387
19399
93877
82039
47652
83054
71705
78394
99211
41733
4479
12337
57463
80791
56087
38711
55122
24896
32110
25065
30612
61442
17716
57183
55385
57999
47289
42966
11263
13110
10202
3323
6592
74203
60088
78014
11585
51016
3432
76698
18470
726
3974
48772
42780
51295
70959
37045
25457
45675
94159
99756
72863
52213
93479
43945
1682
36693
26654
89653
35764
28739
67130
86101
31531
1155
5744
83260
20702
78072
27126
4105
21464
55411
6595
29886
57468
68944
14402
4089
87039
10244
17508
65588
18950
10445
30460
54379
80724
16143
76331
74891
24361
13778
40933
89731
33595
17873
17240
41625
45550
87699
16343
47384
18549
90054
78292
17452
45618
63592
86476
32737
22291
22565
2613
25520
11230
1542
67150
21086
70695
51364
2536
4558
1741
52234
79743
7685
14477
16863
96291
39595
51703
72777
58539
99340
93900
70123
47038
28896
32152
13008
8761
17131
29667
43594
52600
1796
11165
15413
78501
32052
50722
96154
70930
94186
85163
11784
45643
66314
10310
70607
2974
28754
67301
46880
81033
49513
64025
3272
31619
41106
54503
38254
88933
57686
42603
85404
74891
58147
99634
77946
96519
99064
38362
64238
88873
55549
1847
64352
14177
82116
24479
80724
18585
61545
10033
80006
49830
82786
62560
3086
37770
7892
83793
37394
77548
12467
7220
13243
51582
99759
36893
87496
66679
32363
74087
3910
90392
3062
58007
25484
47666
99672
89095
49503
16626
73779
19668
27388
47653
62596
35573
92104
95586
96548
40176
88627
15270
967
86690
76405
48329
88604
12770
14418
45222
36983
14044
86222
87458
6123
89613
46768
24778
37076
55420
38097
18797
34289
20767
3768
92799
79832
65589
88986
64185
44789
91909
70131
92187
85459
88639
89425
16371
81602
77154
59061
86902
74676
4281
79643
59735
33446
39929
41529
72982
88805
67325
58510
41128
2078
69829
80980
80199
82921
83606
68496
23014
23783
50233
433
45073
43912
94034
1998
17483
188
30396
43176
59921
96358
51194
44120
30008
41124
44033
59352
39902
24060
16003
75380
77463
33399
29003
90109
15630
7658
9225
33450
97995
8658
36047
63119
24443
3847
34570
15822
39411
37931
24045
72794
58408
24148
98589
44769
50883
25709
50972
39075
38887
24254
28593
98954
7780
74852
22970
11674
14909
3925
86368
9824
90963
96946
45181
51262
60310
88075
19676
26160
6554
28211
19940
1971
14
43209
16971
53314
34809
84233
39226
89920
56686
70150
94562
73741
80064
37092
55338
49591
80877
22896
912
35486
51563
14221
81831
61461
78967
47326
84459
62807
6032
24811
32520
10676
4313
26622
98940
64571
57881
69655
76864
30675
64699
96447
53138
20812
2384
71439
71198
23217
32737
70085
45282
83658
27298
84454
50408
85793
61378
55509
74346
87482
99774
76418
83888
31875
37629
83886
69428
53442
38152
90767
91709
11222
46031
70237
70786
55115
61083
61018
59077
7528
76128
61241
30069
35946
79528
48862
83377
19858
76213
13147
3193
2371
95309
89381
30900
88280
12559
21262
83182
18498
2010
17756
85065
41970
78375
34060
37626
57061
13667
95292
24709
359
96432
66817
11354
38533
46349
47941
52346
88766
508
49569
77228
25005
87573
89338
15913
56650
39336
82505
42556
39820
77835
40579
5517
58371
76175
88099
57571
45467
11236
26315
6191
80921
88437
2833
5938
28491
78026
92367
41931
64618
68915
94415
17989
52441
40527
60060
54396
89036
18147
80976
17724
31161
52736
84889
22523
55853
61300
52982
62357
58249
90369
6879
77530
74193
43378
96306
36567
84739
83400
87421
78623
46968
40574
77937
70904
83419
22590
53076
17843
16115
33702
68534
27320
30259
8590
75029
28184
3547
80310
50085
67191
25043
30009
83681
74248
62036
16885
43796
9063
44220
23492
69656
5636
30725
2353
70756
90587
74798
13984
39103
33262
8223
35138
46242
24547
21835
79558
47270
65602
68349
68122
33019
4429
33314
20230
53579
16959
56892
3689
8868
66534
78794
44013
73622
92622
64045
62897
96594
27906
37834
84441
53386
89563
41206
16822
58967
89904
83766
59134
52412
82477
69614
78193
40713
76098
90473
65227
72322
10495
48773
53796
33695
71108
5116
72569
54468
64210
61515
53620
60502
58938
82964
19363
27767
83907
14735
43456
63223
16491
61262
63674
33192
97758
51277
26390
96919
600
3299
97524
2148
98818
90574
86099
79133
84037
50746
82277
84447
68637
62354
94757
28388
30146
98632
93474
99513
50250
50426
56806
61362
47017
2004
55831
49232
85099
20604
35936
19831
78725
75649
53868
60910
63991
51471
61683
68363
96865
40230
43729
33161
32458
59008
94585
54136
66505
35285
3045
99126
57802
26877
46669
50173
46493
36161
55131
96814
34743
36866
94033
63433
14809
62445
5722
92988
8486
33846
64397
78674
36948
25110
2647
10020
6697
23644
28904
88008
7418
1694
82726
49813
17559
36810
62029
51847
28979
3694
14417
27830
96339
64869
33619
59998
46196
80296
18351
70013
53286
1597
45650
32659
70888
24370
62178
32692
24230
36649
43476
22848
7256
67123
89395
33049
54140
44220
45874
77999
416
53875
64008
4791
19428
36566
82334
72078
91491
42649
63823
26401
5293
58891
34721
5821
56043
50066
78925
93188
74632
29337
27617
92330
60218
91568
20573
29216
75473
569
5858
1976
34422
40352
69596
99411
37588
40858
13231
34321
42036
90099
41200
81580
72826
17074
17555
48365
32401
83574
77006
4073
65294
52685
3367
71079
26257
71677
44573
27859
15993
53118
96605
90921
36790
61846
91979
64941
89294
35310
68232
15184
36834
44603
51152
84532
88136
46036
19504
43143
74013
72207
96814
91898
23563
1784
36682
81736
36984
98517
73153
65910
96285
85371
18328
88917
93493
50279
44790
10979
25095
52614
59071
97091
15342
61821
67239
20690
1533
18834
82943
80221
52173
1429
53846
43785
56303
4706
67357
35006
25163
10242
27956
90776
62156
2321
18899
51462
26275
62234
91039
37856
1245
8524
18047
21399
13136
99723
76556
61742
34545
15991
80202
18150
15574
92931
13737
94855
31525
74543
32614
88787
82921
9783
85815
14853
24657
68295
34934
13021
42922
15776
94415
39299
27795
45086
78975
43648
83381
32447
30649
56579
28150
5615
460
9172
30040
9806
75201
69224
88583
24043
19937
51732
29619
2251
54934
91462
22709
3194
96741
44840
64788
63535
18819
18769
21575
40903
90354
70488
13956
70089
11473
99078
43894
76034
60636
77306
9322
76643
84813
14851
93093
65710
24437
18878
95839
42683
9680
25543
90151
87513
20939
80187
35705
85808
91790
64615
86795
81691
87596
89137
19451
4713
55268
18493
12569
20858
7837
53584
41614
77628
82139
46065
18381
81890
51747
99078
39097
99941
22930
78892
31222
64811
80336
26442
49150
31286
63373
58085
84243
96021
90510
27631
89046
95676
95399
88380
10441
5943
6309
74980
34845
56095
83928
12523
5374
74873
61806
53815
34061
92712
25517
86854
58761
8703
57914
54640
24376
28826
69343
81282
57485
49751
69340
45593
87117
54507
57018
22704
86490
63366
88637
33153
93631
47949
44047
75127
80882
67812
21067
74277
69480
9557
24024
91531
70504
3656
68869
80342
37762
40758
64003
81615
36600
25026
17495
85093
86754
38335
25405
50866
17854
39101
67324
70694
4075
92363
93223
10811
64656
82786
73758
56563
7758
95065
11802
47927
25727
77809
75089
83461
85638
76675
84942
45732
99363
7021
96552
68604
30454
58953
88372
42546
42407
70201
56422
30378
42233
53330
87456
78140
10433
58057
15685
54975
67000
7439
73857
41534
13223
69568
59366
8945
63246
41944
65228
41178
54158
21592
71330
97053
95810
24618
80357
5703
94414
31211
14156
37557
38643
81424
5694
72396
90352
96948
73028
27580
60989
29967
78731
91924
33164
55018
55380
60886
99586
79426
79300
462
4972
15243
76219
20640
81999
90402
82329
85814
77699
9982
60561
35789
93282
36299
2891
31799
63873
86969
18593
66297
68915
37647
80188
24191
42860
79406
63889
40792
69237
19471
6116
14987
51910
13693
32584
23400
5204
85053
90396
99950
14619
87213
49880
51007
69406
42942
98641
96864
52127
23581
97012
12617
60833
13003
31546
67325
35054
52028
77780
2592
26513
41536
16577
58228
3865
45573
83878
79588
3715
79491
26595
78820
96572
18642
51677
81702
87766
29181
54785
99918
80765
67024
88665
45656
22459
93499
54154
38907
82146
65258
88345
53175
7272
87804
73437
73082
70636
91652
47141
23832
59063
19052
93149
72636
96986
18191
16044
42190
61325
49844
79559
5873
97243
77861
21827
59488
52871
70921
35768
10366
91418
44971
97441
38456
91145
73419
71547
8768
45205
78594
11065
96113
82039
30952
40854
61712
73874
16029
48669
4268
77455
11963
77581
32302
85699
82472
55932
29410
65977
13948
20211
99715
55884
36775
32414
14092
21610
54692
81490
23567
46643
7275
96985
82730
38778
83445
23833
66291
37007
60114
85613
36841
22251
31500
32911
79454
67389
65139
52756
8673
17486
42137
42791
31256
58382
11350
40229
45264
98537
26762
40101
19182
34539
25102
57624
70179
14978
94850
93523
2254
58638
89640
92403
5862
28334
83370
77464
24383
3863
52959
46702
56471
1935
72816
6080
4506
64484
65728
24348
27428
43215
78568
67753
10245
20012
66431
2302
97148
73876
62731
64476
72539
71616
50502
50034
27846
49733
36928
2921
75012
33886
15846
41400
45578
80059
83630
17246
61722
19022
53118
5695
49249
70502
66095
59038
80070
21887
82158
85850
61903
81068
80315
50507
41132
88483
74163
84855
51433
22782
78234
54772
27555
62806
49335
93541
27369
37167
22175
30185
36381
49185
40579
78126
20757
57035
15226
2036
5520
91463
69964
5958
67574
51078
41018
93943
53571
65339
268
57094
5896
98775
65812
38939
40788
98345
78140
86443
21166
72553
31669
42902
99711
51972
49468
12717
40488
2188
29749
84097
73257
72126
79334
59969
52817
72275
87198
76477
21788
55392
39970
62030
36899
65080
24289
37606
83372
1640
37338
22412
78895
28783
80870
32967
59794
27062
6247
15602
1609
28300
53455
51382
35589
16171
83837
33770
19440
5843
86121
68513
11147
1663
64654
65774
32582
69638
6002
34630
27683
11862
29345
38848
64850
7336
5201
44473
91255
46366
174
25755
66027
71595
74867
93487
1936
88588
26440
20728
81243
90518
18165
77529
15518
68825
11265
77231
64128
15096
385
90156
21059
71616
87918
89747
98955
14607
86532
28252
10969
39363
42514
73073
5668
60366
2485
39551
26795
71167
63837
43994
43197
85273
53387
37164
93696
51815
23330
96025
96071
27969
80345
76159
45981
10018
4696
94411
83677
85120
94531
87329
2056
98187
9759
41879
48004
45092
71861
55151
66339
71714
50436
92960
51258
56391
46958
35785
18229
50753
96051
47139
91277
90506
32181
82999
59017
66354
27092
95649
55669
8074
55873
41675
76635
76508
41938
45009
75514
11507
89160
48604
79954
68178
29685
24357
77533
87385
24901
89590
63060
68910
76182
32924
89068
47392
96051
11549
66006
26760
82862
81650
17999
76211
99482
58265
15840
8760
16324
74749
14453
1948
60271
6721
61593
47447
67185
23099
60821
7824
5465
71632
41452
37502
32589
86759
31891
22949
52607
29243
80457
30388
79003
48754
28645
7509
30604
3742
68696
71419
8516
68772
71060
50152
75136
61111
8639
69460
71331
41621
80206
72952
50727
58181
21294
11229
40198
80496
43622
12722
26373
92891
56153
87080
94292
84064
22945
11516
78076
54083
16842
63442
54403
89401
99307
36692
572
91299
62365
71478
78119
62431
51617
10985
49036
7504
79660
20821
27459
17415
67311
50108
60119
55973
45046
15625
12619
83979
55860
91072
38166
97122
91383
17247
24778
16763
18549
61326
58874
84601
10657
48898
18130
72144
34603
63941
41273
45167
38043
86787
4403
2123
84057
60660
86772
66734
3322
98429
44355
83682
24073
16592
35439
71293
33311
80997
71048
34370
86207
32273
88954
18334
61947
42857
6758
18413
31977
87975
21370
81104
74352
67451
45935
69072
86669
36042
13065
30722
30475
58043
13440
20119
16971
75192
60528
94065
13458
46837
38832
53605
92893
6903
58960
5770
97833
86069
40175
41199
53902
68358
34757
15347
77059
63251
9330
56622
70656
66367
84623
97268
67931
40325
3894
28164
18832
68834
1363
86755
82329
12693
4954
85139
49142
67764
88210
67449
8491
40164
71239
600
95867
71865
76819
62116
23285
98093
43060
53720
65862
3906
23408
47091
62214
41563
85673
52568
3008
30795
86938
28998
84705
53420
58870
41209
63404
49618
66204
9294
75040
41881
48130
30491
95127
84023
1401
96066
63505
41778
4878
20738
25774
47642
20893
78422
89284
57863
22925
7579
82090
35641
64440
77695
53225
42240
15894
42446
12995
35610
98712
73667
31888
33765
78679
23980
55775
92916
51963
78190
40161
89607
89063
61229
25917
66200
3224
37062
32527
80447
51924
5540
26693
58625
27204
39399
77440
70435
77266
52887
68129
58955
83071
27894
43065
31211
88849
92008
68963
96912
22647
96368
5900
44734
67417
92482
46578
3211
51778
87025
39016
78831
9919
32547
83685
93171
46973
73263
6561
39280
46540
85340
15650
99076
10061
81206
6536
61168
18163
94705
77350
11215
68099
35614
57799
55556
99640
81958
91208
34721
92820
74229
18656
90240
13870
89297
49035
50523
44209
49893
84237
15586
85447
29683
50371
37307
80718
6823
34673
86210
85946
85410
85047
57073
9674
27800
10732
74305
74747
28129
93531
65015
82055
71839
46459
72311
66683
25409
85205
20763
32171
56013
16958
68270
10468
61764
25768
38415
85243
20492
74837
92816
47285
4997
48775
7409
89181
61583
80565
86069
78565
74730
75775
16079
56362
19222
33530
13607
83223
78059
70623
55308
21617
13910
54039
29932
68451
16777
46605
47910
2032
72316
89062
54255
53291
714
17730
77058
23064
39050
83129
5099
44844
99136
42197
57440
80237
879
11907
91245
28233
12160
55191
7183
49868
19529
71198
33374
50957
18842
38957
72404
14978
32655
84037
6249
85668
21519
62787
55648
1492
56472
90543
44173
94929
65524
10464
22481
71712
96598
49694
67572
4869
55359
19676
89871
17125
81878
4387
33762
29515
84355
26100
4222
92
10724
90121
12189
15099
35948
71772
58718
38091
56259
89753
71761
21617
11017
12253
84344
9065
48717
61662
54359
69147
71385
67535
59619
12978
94165
89123
3789
17132
29025
26132
17137
30372
86320
44081
84204
75402
98274
7382
35764
24826
90976
29480
48610
65605
47915
68254
6107
69625
20043
24697
80798
22692
71741
35075
28706
43189
30502
99210
20933
46824
67982
41585
9066
30126
72616
41388
35296
66936
28048
8941
10790
41334
25897
29532
78170
41905
18924
94013
65063
25910
83016
34164
97089
4328
45333
94444
58631
51245
15374
41015
44900
99064
86448
88939
56844
49390
20413
18483
92989
6526
32957
39171
41576
11101
13906
39464
96794
42208
56904
86801
24264
36488
34147
95023
63808
33817
44496
4738
84793
78172
82757
84050
51561
87033
64041
11726
54885
36958
72687
28779
21491
441
1023
58537
92952
43845
92587
85988
90421
5869
97649
16422
94341
28573
16750
8411
64916
91425
25131
23026
4894
15675
33690
14817
23769
48906
87609
54543
47059
2180
84578
59836
69521
28124
65310
23823
35465
75610
2070
19962
41229
58508
14316
78923
80522
66334
89709
22988
70283
55630
46809
63460
11826
49660
23885
5815
66750
86206
34767
44045
56235
38044
38928
88241
21290
37812
46901
66216
63263
92926
72946
89306
89354
5168
81796
46385
1359
54766
34294
57434
59197
64621
84259
91429
55370
21118
48009
19860
4238
59494
57072
49259
40842
58024
63727
3185
19580
26074
57633
42710
19433
23493
59725
77356
82684
57502
74105
6658
67863
77500
4456
11984
51911
77333
84848
91613
53784
47498
32870
171
89802
27040
61977
3768
35853
23686
48464
31330
41441
78611
26804
75284
97133
91584
38000
35703
4896
6903
8745
97867
47013
41351
51996
26738
55038
45088
97347
63508
73175
72113
49400
72082
93204
57461
52907
92392
61515
55956
41503
58997
9038
42775
65217
89251
50695
29171
14850
60327
39332
49144
86717
46881
38752
35002
53158
48451
75043
35238
48729
90765
26339
84955
58154
69327
29211
54722
82080
39672
38676
45608
74188
48939
65400
49748
88829
4237
76134
62744
76043
25866
30238
37019
24175
24031
85395
2518
33329
58201
4302
4456
17348
26276
7226
50737
32657
24082
84621
95889
60040
95972
47091
75178
21650
93724
74956
37777
81481
89003
46173
48921
72316
12298
59195
22863
60527
89319
60779
34122
83931
26692
21393
23879
35370
34220
28259
47911
41712
14662
17091
64746
19616
80244
2704
80070
78775
55059
15368
30451
49074
47618
21037
44325
12027
55381
32139
5049
67080
84363
90210
43337
63302
50498
11957
33348
74579
23212
39807
87430
65465
27044
96065
66819
71912
81426
29304
92071
9594
79124
44087
5467
73950
30328
85047
36313
5655
77067
11851
79988
2081
23209
80830
57348
24451
73753
1443
69117
68287
69356
5491
55562
15251
27938
64986
22030
51553
54218
72412
30601
26076
40067
95455
87955
40275
84743
69386
32974
65450
75644
27692
97511
11361
59819
85349
42255
46213
38716
42367
98159
79982
60186
23784
40238
73633
88525
90215
46012
65342
63017
84760
51437
4654
81249
53912
62013
27754
92874
17073
39707
4366
68469
3667
92643
41663
7979
44201
55432
42589
22730
75816
12837
11850
74253
50618
65889
16282
55216
14322
51750
94528
23374
67632
2433
90883
76255
92856
30111
5906
23335
14500
53338
21643
2660
93793
11513
56519
31141
98575
65653
44323
34782
3423
42611
87200
71923
39587
30401
30630
88023
45731
72537
78552
65322
45178
80991
836
1234
1759
65407
15123
14089
49526
19253
8230
22478
91193
9189
80459
39105
9369
85141
56641
48669
7427
59746
19951
25021
15232
18960
36668
62454
99481
17883
77604
41962
74786
56320
57481
12801
10676
55285
29381
33167
50530
30233
85256
84169
34380
64722
80729
30397
49942
91524
78653
60590
15896
29883
57895
85432
61040
75815
86001
82799
28738
52668
14608
31642
41649
66267
47692
34873
51708
67658
28429
54084
55759
23474
98139
77193
74490
35781
90640
50509
38230
6271
12512
7956
39230
17013
26066
44903
98425
72048
51760
34861
69283
46582
4428
97861
15624
53613
42519
68113
17030
45856
78689
82283
63095
24569
4830
92421
31743
80701
10942
25258
85174
35492
44568
22467
40156
6652
92412
24635
40200
2788
36447
79659
15897
93568
84800
9177
19045
277
61568
20876
93262
22527
33479
92374
27582
30228
44860
14660
12183
33644
13159
17723
61106
26501
49686
33791
2013
81961
57705
8971
61201
17883
27912
14241
9408
99030
66386
69527
39768
95653
73376
31466
19133
90065
31996
62647
2012
52193
94885
9927
61792
77751
12452
6555
89629
18724
18552
89395
43881
51008
7163
37083
42572
52596
59675
75378
94614
19238
82966
28552
63842
75332
74891
16529
60268
81693
98590
71040
94505
87039
31779
49820
87076
47777
47179
83449
5431
21357
24611
90684
80477
76990
25646
88760
88490
36292
88893
66536
30390
56618
68033
82774
69227
66332
46084
86459
2859
95922
46287
7936
20133
47512
94890
56842
19229
57342
50007
94794
5417
76225
69947
73257
94626
92282
48074
86851
49686
86131
28039
23975
92799
32054
40650
37887
19006
49004
80593
20743
1693
60720
80590
9508
75069
16675
70550
32964
82100
68804
69531
31147
86285
94098
61119
54164
86671
94775
88148
76945
18257
59232
36772
16727
67883
22311
15136
88079
6861
57003
37836
70224
76749
29263
93101
44696
95635
60438
98187
77951
21731
15110
4751
80882
16600
96891
37690
98701
70934
86486
51215
24230
60856
3648
2485
42460
23947
63862
41625
52757
1538
82471
26103
25097
30967
99306
54398
57021
997
16422
58528
26232
96588
10197
55214
3147
54481
55890
127
70991
84621
16435
17144
20375
5787
13605
9367
73101
26778
50641
20749
31773
18813
45429
76412
39259
89006
79654
49914
17294
42493
80668
97703
54512
27957
24983
27641
50659
48433
99337
87979
68056
63735
70633
68135
85103
65327
5728
19309
17362
89938
81296
30243
50356
95672
26755
7419
51158
33784
15954
14141
74826
5975
82833
28498
3953
18731
62631
92417
80803
85963
58708
24667
27440
62662
52693
68037
48179
77294
91309
73932
83278
60344
32552
27355
61196
50424
47347
58840
1202
17564
76483
16874
32479
85196
13152
62080
80901
42135
64182
66371
2695
13310
38506
31398
31230
56629
2803
87693
42979
58717
59239
73864
42475
42022
30862
14482
73423
55477
67301
53528
71384
3791
91215
63239
9480
41833
92188
42243
49509
90612
87136
6044
13111
24937
71236
69968
21838
1154
96125
4567
47621
59653
15860
42484
58324
2619
74399
90456
54333
98670
88657
25424
74833
10653
94987
98903
22095
75266
21918
89396
64441
60559
38184
52367
71581
53195
60752
17537
70785
60894
92643
72269
59352
62734
5907
11730
87931
48730
4915
6861
67434
1731
87909
50839
1954
61711
31211
2457
29950
72333
47873
46572
79236
6728
40125
87061
21469
63493
70903
5129
41866
56861
19671
93439
6026
16388
66072
12098
4746
83257
10972
73364
70350
15057
21962
62710
72649
87344
50412
9869
21983
58295
87587
98452
13021
46071
93033
52623
22609
18845
90260
24438
77827
99785
64994
10573
82060
94470
44813
85566
95639
19112
97710
46693
61361
74508
76221
64179
84766
77415
14412
34124
13080
61033
83145
83571
69273
21218
80417
59954
23355
13449
89489
85901
92996
86533
95536
70565
50062
11389
80650
78178
42531
64846
14230
2871
60584
40894
37091
38512
69850
28854
67856
45193
4433
56136
11358
16794
16640
81422
41299
60841
14053
84858
62210
82190
29623
11809
53696
74827
78972
5655
14116
73377
96765
36233
91593
48233
46802
80274
22987
28379
84127
41904
90104
94501
45592
44296
81468
36860
75175
78741
53925
68639
70089
19808
64125
57672
2636
32040
73247
48775
87197
62264
59540
64194
14737
94479
48427
68199
64542
63124
69992
36365
58435
12920
76713
72148
94754
67709
36598
85327
30340
16836
99651
230
51730
45476
3288
76956
72107
33920
45597
14762
7026
74212
41181
21863
82364
25909
79763
51112
95868
13268
72317
12051
8749
17559
10203
57168
43095
91977
62918
34926
95442
87920
18434
70360
62612
59309
12463
69260
91191
71470
96091
30621
17527
55229
29338
84223
71739
54849
89783
68844
87945
85485
89458
17072
44519
87600
91481
34171
35273
46119
33861
80130
71002
10670
19320
19106
55777
70820
59250
23055
13446
10503
59921
24398
17177
41695
94523
53520
88221
25980
85429
88245
2193
94073
46980
9957
98462
1362
25841
75012
67828
78292
33987
45071
37609
15960
59619
6856
35909
10232
28445
918
95599
66728
55398
77442
25563
65060
99895
2823
93076
37961
45949
9292
60689
45616
77937
76928
63690
9363
20643
54415
44978
84238
55227
35153
76515
14849
86789
1216
82075
87666
17610
77989
97534
84510
92646
35464
38674
69538
84393
33402
1467
23018
81936
29867
32342
24694
84382
91992
38023
82690
43166
26546
89588
74029
55940
11361
11501
20245
926
10713
78271
98678
20747
5409
20350
67960
11758
76179
52970
42472
38254
94151
24969
87241
52948
21960
2301
25359
2810
51821
30467
94796
63192
99385
44499
91064
88401
23504
28570
81285
23963
18429
68611
73680
55130
2788
2271
76526
9517
64382
12936
8202
39022
95550
44436
49014
1576
2346
21081
33979
9059
86141
17434
49105
80245
83475
35485
21362
60909
29285
79559
88253
47608
71684
18509
19824
25540
51288
32111
50160
19689
25775
15842
38428
38885
22264
55773
67642
54948
95485
89487
86054
2423
94590
72226
37821
995
19506
93434
71655
67302
80908
15616
80231
84823
24682
60594
67337
77040
24612
23474
50288
70235
70920
14290
83283
70299
79005
10219
57980
27701
67843
66413
65424
39797
93504
85830
53018
99458
80688
18828
6034
57854
60455
82857
38780
10158
35610
53605
14202
61670
88435
90602
30335
72010
39199
15819
31502
80299
88942
67522
21989
9286
35453
43954
99459
14494
50192
40434
91318
38852
7576
67879
96352
5783
17440
92433
9780
88062
75510
73125
34688
25400
96016
96310
39265
77240
36077
93413
597
77685
54327
72718
10516
13166
96839
96748
22400
16500
83398
24285
59966
95176
62287
75350
54094
20556
94250
24552
54570
46765
6039
43439
4789
15817
32834
96588
13269
39143
4688
22218
78416
56778
39836
13632
84524
34857
57362
83185
8944
20692
70033
93279
4664
51224
13158
39511
63113
20666
42215
18709
82990
11525
38843
53832
71646
10887
67929
94699
80331
250
83478
83256
11812
61180
45868
3188
55340
48654
90825
19236
63193
11064
15608
33878
76732
12759
38775
53564
2658
93323
33475
92603
96927
85979
39227
66891
17934
86004
41986
73637
66928
62663
2854
8693
37213
86776
81466
43483
5356
9970
84170
14459
29840
22979
55515
71926
95917
4965
77099
58886
72111
14364
92040
87008
66775
90875
86328
25833
21952
78977
85253
69336
6667
17188
52308
529
8210
6914
96664
89955
31293
95291
48208
92688
9152
19015
62762
73948
30463
67301
70973
12969
8904
83099
1525
52563
70623
15845
41918
46337
447
55633
21531
26378
24716
14833
7791
12652
70671
54985
63716
89003
8300
87144
27593
76820
66156
99352
77856
47759
28112
12380
95369
54651
8003
72283
60432
23567
15662
99744
29906
92364
64995
50327
89507
75659
73760
21829
67971
94318
11224
50110
3277
75478
3584
81970
4669
21760
55506
24705
86407
71271
37989
94159
18224
88067
60264
66879
18374
52432
54401
84223
96989
70926
25078
71351
24007
57973
97636
51933
3059
44327
31380
83537
36534
78002
9102
19891
51067
26033
67614
38672
68060
90956
13336
58635
54375
70836
32102
1439
15395
6881
3454
15538
39917
27000
53120
32350
50399
32232
57962
46696
24123
3573
21646
42080
39890
54452
57624
40222
78965
40373
15812
92341
84818
15729
16162
6032
57590
66443
16976
53170
25871
96196
36537
96178
40872
15841
43619
9533
24882
76751
69491
18834
68070
20918
14548
64487
69310
71256
18744
99923
13211
91879
22474
75022
91068
11113
30720
24188
10837
47087
74760
83955
15256
4792
20825
27927
67036
25467
1207
24049
10832
48090
15339
2214
70881
96978
24270
63899
1180
51675
36721
86333
47699
17053
39958
33991
73722
61514
5109
29759
85121
19431
98695
77794
1990
85536
3577
63278
93
86621
97450
43843
70049
94695
89090
65121
76540
20260
4141
94090
86842
66820
23007
59162
10365
88427
36255
98203
64833
86834
54204
5521
20357
71447
38927
91401
49394
37545
223
85345
93400
60992
63806
14559
54225
92878
16283
53004
27962
74837
57451
53462
57373
11019
42917
18301
96424
39533
67428
13563
49280
5373
98445
13259
32416
91928
23485
98602
55767
97689
15726
38994
20036
18795
689
25849
3013
8447
4937
17487
72143
83251
70241
89995
29383
742
48148
9338
28529
20626
94977
9860
70116
86660
36065
88026
62547
50547
82143
62296
69392
17681
97237
30273
59110
18456
33426
38577
10330
17068
15287
87976
34596
49941
41419
66029
35132
8449
83875
31673
43780
14147
70072
35141
2712
5865
68877
33375
82730
12662
63302
52466
26304
42640
48094
54461
86014
39967
30885
10926
67316
9571
99008
11461
5339
7000
75264
20175
45241
70036
52894
54098
66671
50469
18516
55245
47609
62095
27560
53244
49579
50
55846
97667
53765
62820
61671
91955
1846
86958
80014
95164
77563
72949
64357
34208
15139
58610
29801
95711
30601
48701
88134
12694
59768
9203
85794
75835
24124
92849
6851
23918
12407
77640
61347
67265
53724
1340
57695
42518
45329
83309
18329
58282
90021
57729
76534
93722
86112
84307
40105
88999
32294
31849
22643
877
11916
43151
37899
44562
77025
85836
67830
8997
80106
56096
82757
99923
11601
97091
80484
13798
914
87282
50382
47292
30372
29851
22673
2039
32669
92072
89723
39817
52743
17852
91624
80558
54996
60470
55349
10572
63441
13133
65493
59493
15478
9331
78176
33924
74971
76610
82120
89020
3823
26307
88084
45011
81466
75351
70504
82064
20478
35859
11892
84953
96112
28013
56254
62253
64472
2199
44926
51131
41741
69911
50357
87780
21789
90889
31813
21040
51674
88748
27068
56058
9952
702
35994
26436
29768
46612
99091
79645
89965
73284
90094
27581
1241
80539
63380
87465
53077
15923
69452
72771
31684
30989
47279
33911
75949
303
23221
90576
43537
49463
30390
31730
8791
55834
75000
95410
92018
29817
32485
17859
3108
65280
61165
68456
79817
22775
86539
41250
27509
44348
67963
35751
19295
54296
24373
78963
53423
2082
50486
29464
23391
8514
36108
40501
42894
58363
18789
45406
5538
67970
95446
23259
83437
51593
69663
66403
69823
78822
54094
53173
13764
81971
63067
99188
81500
94638
12434
54495
31460
96037
41987
89936
79331
3020
94467
94593
29172
20664
25562
21453
3985
41132
35711
59539
48902
44703
52313
67702
84632
57970
9140
74600
47987
97312
15700
41420
45447
36919
59000
48255
45929
64294
13946
9501
25983
5509
43928
80417
57125
75070
37231
49158
53259
32641
49187
72631
46260
3528
50286
36797
42324
44731
69862
73490
86897
67386
41948
82018
87320
53047
49146
92253
61663
77306
75523
39691
27186
26209
33556
43392
774
71896
10577
9562
20738
59981
21341
15346
48125
43069
95160
41918
86632
22203
5931
1198
94432
40456
22603
58596
63561
61910
93096
4077
25924
44978
87495
75953
57117
9496
45445
20050
69972
6894
36023
70428
34153
60299
52751
26916
46044
26601
33893
44250
57887
7227
5620
39460
71375
74325
45258
86729
3606
74959
79831
38863
78799
6499
83638
75760
72485
45388
58229
38628
97624
75109
71946
79738
86180
35503
67044
34133
87705
95686
12552
36959
28017
48846
46190
18696
39358
48035
4577
82792
64238
58715
16443
95013
27062
97159
91628
27653
76660
76990
54430
656
68372
95264
46626
82777
35281
25881
53280
35872
7280
11124
99024
7919
62407
42872
10845
29953
60309
64941
36402
24450
40810
75437
74389
38909
58666
76932
52676
89020
43874
39390
57472
10714
41256
11895
68586
32752
2219
63413
83414
13476
94755
68705
75511
53113
59690
8523
32606
84190
86313
61674
67344
11718
40587
29980
59846
92935
20875
7717
24110
58348
73205
64259
91997
67890
53652
88310
66663
50511
74285
78093
27734
96896
81527
22926
29694
72105
99925
21275
79218
50142
44326
68485
2706
82200
72046
45753
70126
11275
52049
75650
11877
94501
39302
25066
40271
30495
76707
7621
99461
71380
41860
82094
9904
8220
33940
70448
30191
17661
285
87741
93009
99599
28498
73968
14022
4719
61552
9796
95843
7899
18183
55388
98462
98634
66215
33232
57594
56460
82654
99199
95397
92304
21814
7838
8282
62232
58580
94486
48260
1598
15561
52465
10989
64308
82641
12278
66003
65333
11044
35551
68942
66911
11777
91562
53196
86471
83631
11270
42005
707
12853
73731
35006
1086
92343
705
77784
20659
65685
51789
46139
67066
61536
94245
92337
65718
44398
34154
15993
53936
67228
92260
45416
47103
30256
28486
80527
30252
54641
21810
78600
47310
52480
47552
88744
41830
17458
9902
71964
81935
34493
45343
99647
59254
89411
1875
5374
17531
99224
87478
42072
49476
95276
88068
33478
20593
28314
87903
70830
63857
20177
47532
66018
43875
73188
98829
14585
13984
5501
50507
48259
34495
62190
34057
19443
21885
92612
86162
57692
28380
23111
62995
31027
67162
79737
29124
52033
64412
14073
68151
13515
29555
39072
8106
61757
86961
79325
55772
86065
90582
87289
91390
12030
48717
39219
7576
87286
61218
68625
11593
27980
42152
30211
42450
40746
57182
16504
98855
64137
44064
46795
50173
99910
37349
36991
18704
95423
54084
72299
32481
42560
36840
96
67109
41090
31721
50965
82310
27943
72160
41838
90815
95787
2480
40171
71363
99344
96621
67360
4575
70457
80469
91634
42001
43786
37116
91479
74681
11725
20514
12153
33201
88918
36144
69032
91139
42056
63101
1359
9024
6217
34193
70911
91976
2226
55980
54385
97430
97178
65627
19360
98801
86723
67724
62023
62090
45205
58094
23322
3973
40241
76284
70584
7429
60007
8636
1896
59643
33447
49031
29307
36242
95262
58335
98358
36264
9558
99658
39774
87806
82730
94049
77502
46097
1154
13351
46477
21194
74120
6942
45934
83961
39778
97386
68783
29933
63608
63482
31969
93590
54084
94742
63982
48146
36320
83117
3539
28388
69365
25758
52531
45547
18320
35516
21242
46191
98781
24486
6274
46656
62158
80701
85522
26504
3097
45346
96464
97875
89552
68425
72655
46076
67688
46184
33721
87988
30066
29356
9777
18037
9811
18089
51828
48361
54410
387
65641
4261
76143
22591
31152
39121
57207
85312
31431
73382
9219
37477
45049
90974
86653
5663
38836
940
53102
6455
77858
72135
1794
33254
16125
69424
14709
88237
36844
44068
28873
37160
72094
2710
79705
92202
21732
66960
37273
33534
88869
82376
14752
60339
78769
92588
84307
18803
31384
4147
79253
50887
95258
47955
22528
93505
2466
42889
6466
61727
24412
68969
48467
87363
44509
72058
65383
42338
11268
94450
83931
71875
63667
19568
17586
95482
57382
41455
54485
23536
85117
95906
56853
32697
64815
77985
41901
24139
80181
86199
89735
78843
60494
75545
9121
19899
33908
27389
15829
6710
27205
41968
7534
36933
20216
7377
87220
75690
30369
27046
36123
61011
88403
82929
76609
28506
12116
15770
22547
66524
30156
41244
62157
25069
4714
5087
11381
88121
10446
97686
61574
29992
25626
47774
96331
43149
88371
19919
12481
57438
90764
66211
93770
53135
50076
28724
90439
77565
98936
80615
7783
18137
4842
49304
76554
85960
79811
82465
32218
15128
95995
99098
65243
32682
65472
6131
35384
40629
86597
33460
40134
92196
3288
65108
75759
63945
47473
9022
74993
75990
14648
33816
89185
29831
89902
43436
25149
76321
71220
10371
63337
5906
87701
97353
61442
91665
967
61087
87662
43945
93339
49810
90967
65475
40480
15587
14848
39733
73545
12608
38486
70789
7471
56228
480
62179
9913
35412
42779
22035
80981
59063
69409
76226
70122
34228
4495
5935
3665
84093
62977
86386
21359
31048
82650
64838
42848
23709
89350
74315
28587
85415
2776
58611
71884
92548
98434
31472
96872
99262
81752
65555
18307
65626
62963
34276
80400
14741
95353
6252
11092
8913
36068
89451
49631
52100
49430
76423
73578
35642
19331
86204
46062
68464
93448
95565
56286
10797
4342
77574
35794
73022
9062
4402
2341
97421
68078
55732
68084
48373
84437
28106
28356
83097
63222
19674
49347
13325
8979
19783
43118
22010
57894
61230
79931
95548
19492
49843
72178
67398
77989
69603
10399
17778
70458
38069
99850
31665
87109
52209
84021
93697
8339
25204
51205
91224
57847
62964
5241
73773
46217
42961
1818
84558
34456
13783
15128
47831
24471
6792
77929
18235
83553
685
70383
14833
17707
10577
12639
25153
19823
17682
26215
56769
35762
49420
13671
32689
10025
88706
37700
56527
44601
98404
21180
35027
67784
25840
83322
56674
22941
52018
7193
80316
74280
65786
10144
7653
54821
36371
73516
47270
50325
80088
53950
28535
16746
45048
48796
85035
112
82438
37806
35764
69092
21401
73633
85148
79505
35355
47048
91867
27254
55964
2211
67805
10488
45898
82488
69975
39276
6017
77868
73654
15190
90430
6202
64513
44454
92645
18281
22736
77044
98287
56562
40502
14212
71429
11224
52879
92152
24995
28148
19465
89322
81649
20015
94360
77876
86144
18046
70848
62559
78820
45758
94095
4570
64152
20574
78661
15198
9120
40693
86859
17074
24312
14822
28967
99402
61708
53592
39059
34673
29609
77822
14280
77869
58403
84332
33540
70415
11841
86636
58310
74599
47432
60176
98223
52528
62467
35932
50060
50855
32563
37680
83032
84301
41288
2390
65009
66827
91047
94958
16168
32551
78987
36175
32950
998
31478
16225
46167
79819
87033
8246
3357
22484
82383
12260
69641
64135
16598
76439
36935
25776
3532
88204
2110
91928
94790
29979
36580
56012
19322
66713
79367
16882
70468
25758
95612
11257
27226
97225
21050
46241
89764
70240
63821
24316
34322
60548
1918
29028
32749
873
50228
14608
58023
90391
29019
90782
34064
41021
6207
1499
79645
90155
60497
20319
28878
86474
52016
56625
16648
58384
36909
19373
55388
90694
36011
33292
24382
77793
57605
34242
28060
7552
23263
18448
16485
64759
58859
80076
96738
4829
77192
86204
91018
19551
66596
99609
9742
43501
95438
47848
8531
45292
12379
74365
63963
30854
59219
67328
54379
95726
66399
56271
83415
71965
73438
72092
66892
42048
3834
64119
27614
71939
59886
11819
81191
50705
28355
35837
24097
36402
23549
80881
82354
9757
25710
82767
95172
48898
54484
85630
5540
91530
25696
1012
38429
20920
2788
19053
46113
94503
32717
67694
39666
31319
20233
36592
85406
560
93173
13258
2499
23381
43230
17977
72176
85518
73917
73658
46254
90670
76919
17994
87563
18203
58579
36083
46243
58874
73389
60270
47916
9302
89724
29594
3684
55855
41214
51035
89524
89118
97361
94612
55724
41226
83130
82158
48300
7718
28835
52911
47003
29130
72798
55442
17583
14723
80130
21463
72740
84149
90348
26532
27171
32902
65341
93197
33657
